Delta,Time,CORE0_ENERGY (J),CORE0_FREQ (MHZ),CORE0_PSTATE,CORE0_VOLT (V),CORE10_ENERGY (J),CORE10_FREQ (MHZ),CORE10_PSTATE,CORE10_VOLT (V),CORE11_ENERGY (J),CORE11_FREQ (MHZ),CORE11_PSTATE,CORE11_VOLT (V),CORE1_ENERGY (J),CORE1_FREQ (MHZ),CORE1_PSTATE,CORE1_VOLT (V),CORE2_ENERGY (J),CORE2_FREQ (MHZ),CORE2_PSTATE,CORE2_VOLT (V),CORE3_ENERGY (J),CORE3_FREQ (MHZ),CORE3_PSTATE,CORE3_VOLT (V),CORE4_ENERGY (J),CORE4_FREQ (MHZ),CORE4_PSTATE,CORE4_VOLT (V),CORE5_ENERGY (J),CORE5_FREQ (MHZ),CORE5_PSTATE,CORE5_VOLT (V),CORE6_ENERGY (J),CORE6_FREQ (MHZ),CORE6_PSTATE,CORE6_VOLT (V),CORE7_ENERGY (J),CORE7_FREQ (MHZ),CORE7_PSTATE,CORE7_VOLT (V),CORE8_ENERGY (J),CORE8_FREQ (MHZ),CORE8_PSTATE,CORE8_VOLT (V),CORE9_ENERGY (J),CORE9_FREQ (MHZ),CORE9_PSTATE,CORE9_VOLT (V),CPU_ENERGY (J),CPU_FREQUENCY_0,CPU_FREQUENCY_1,CPU_FREQUENCY_10,CPU_FREQUENCY_11,CPU_FREQUENCY_12,CPU_FREQUENCY_13,CPU_FREQUENCY_14,CPU_FREQUENCY_15,CPU_FREQUENCY_16,CPU_FREQUENCY_17,CPU_FREQUENCY_18,CPU_FREQUENCY_19,CPU_FREQUENCY_2,CPU_FREQUENCY_20,CPU_FREQUENCY_21,CPU_FREQUENCY_22,CPU_FREQUENCY_23,CPU_FREQUENCY_3,CPU_FREQUENCY_4,CPU_FREQUENCY_5,CPU_FREQUENCY_6,CPU_FREQUENCY_7,CPU_FREQUENCY_8,CPU_FREQUENCY_9,CPU_USAGE_0,CPU_USAGE_1,CPU_USAGE_10,CPU_USAGE_11,CPU_USAGE_12,CPU_USAGE_13,CPU_USAGE_14,CPU_USAGE_15,CPU_USAGE_16,CPU_USAGE_17,CPU_USAGE_18,CPU_USAGE_19,CPU_USAGE_2,CPU_USAGE_20,CPU_USAGE_21,CPU_USAGE_22,CPU_USAGE_23,CPU_USAGE_3,CPU_USAGE_4,CPU_USAGE_5,CPU_USAGE_6,CPU_USAGE_7,CPU_USAGE_8,CPU_USAGE_9,TOTAL_MEMORY,TOTAL_SWAP,USED_MEMORY,USED_SWAP
0,1713877591026,101106.05220031738,4700,1,0.30000000000000004,35555.91525268555,4700,1,0.30000000000000004,92014.6067199707,4700,1,0.30000000000000004,40468.505615234375,4700,1,0.30000000000000004,42108.03550720215,4700,1,0.30000000000000004,39181.980041503906,4700,1,0.30000000000000004,39775.368087768555,4700,1,0.30000000000000004,40516.96455383301,4700,1,0.30000000000000004,35582.097900390625,4700,1,0.30000000000000004,34177.05097961426,4700,1,0.30000000000000004,33640.01969909668,4700,1,0.30000000000000004,38287.36050415039,4700,1,0.30000000000000004,23632681.403076172,400,400,400,400,400,400,4691,400,400,400,4690,400,400,4690,400,400,400,400,4690,4690,400,4690,400,400,0,0,0,0,0,0,0,0,0,0,4,0,0,0,0,0,0,0,0,8.333333969116211,0,0,0,0,66480525312,2147479552,20474867712,0
99,1713877591027,101106.05322265625,4700,1,0.30000000000000004,35555.916748046875,4700,1,0.3062499999999999,92014.60772705078,4700,1,0.3062499999999999,40468.50679016113,4700,1,0.30000000000000004,42108.036560058594,4700,1,0.30000000000000004,39181.983459472656,4700,1,0.30000000000000004,39775.3702545166,4700,1,0.30000000000000004,40516.97947692871,4700,1,0.30000000000000004,35582.09931945801,4700,1,0.30000000000000004,34177.06201171875,4700,1,0.30000000000000004,33640.02087402344,4700,1,0.30000000000000004,38287.362701416016,4700,1,0.3062499999999999,23632681.496780396,400,400,400,400,400,400,4691,400,400,400,4690,400,400,4690,400,400,400,400,4690,4690,400,4690,400,400,0,0,0,0,0,0,0,0,0,0,4,0,0,0,0,0,0,0,0,8.333333969116211,0,0,0,0,66480525312,2147479552,20477935616,0
99,1713877591127,101106.228515625,4700,1,0.29374999999999996,35556.02848815918,4700,1,0.29374999999999996,92014.72422790527,4700,1,0.29374999999999996,40468.63360595703,4700,1,0.29374999999999996,42108.151794433594,4700,1,0.29374999999999996,39182.09567260742,4700,1,0.29374999999999996,39775.49279785156,4700,1,0.29374999999999996,40517.052307128906,4700,1,0.29374999999999996,35582.18948364258,4700,1,0.29374999999999996,34177.282135009766,4700,1,0.29374999999999996,33640.082931518555,4700,1,0.29374999999999996,38287.50271606445,4700,1,0.29374999999999996,23632685.833480835,400,400,400,400,400,400,4691,400,400,400,4690,400,400,4690,400,400,400,400,4690,4690,400,4690,400,400,0,0,0,0,0,0,0,0,0,0,4,0,0,0,0,0,0,0,0,8.333333969116211,0,0,0,0,66480525312,2147479552,20496572416,0
99,1713877591227,101106.28164672852,4700,1,0.3062499999999999,35556.08982849121,4700,1,0.3062499999999999,92014.78338623047,4700,1,0.3062499999999999,40468.69206237793,4700,1,0.3062499999999999,42108.24368286133,4700,1,0.3062499999999999,39182.17588806152,4700,1,0.3062499999999999,39775.5940246582,4700,1,0.3062499999999999,40517.16862487793,4700,1,0.3062499999999999,35582.25637817383,4700,1,0.3062499999999999,34177.33183288574,4700,1,0.3062499999999999,33640.16172790527,4700,1,0.3062499999999999,38287.55422973633,4700,1,0.3062499999999999,23632689.48397827,400,400,400,400,400,400,4691,400,400,400,4690,400,400,4690,400,400,400,400,4690,4690,400,4690,400,400,10,5,4.761904716491699,0,0,0,0,0,4.761904716491699,0,4.761904716491699,0,10,0,0,0,0,5,0,5,4.761904716491699,10.526315689086914,0,0,66480525312,2147479552,20502503424,0
99,1713877591327,101106.41595458984,4700,1,0.3062499999999999,35556.24882507324,4700,1,0.30000000000000004,92014.9525604248,4700,1,0.30000000000000004,40468.865798950195,4700,1,0.3062499999999999,42108.399337768555,4700,1,0.3062499999999999,39182.31967163086,4700,1,0.3062499999999999,39775.7794342041,4700,1,0.3062499999999999,40517.652740478516,4700,1,0.3062499999999999,35582.4006652832,4700,1,0.3062499999999999,34177.46076965332,4700,1,0.3062499999999999,33640.26237487793,4700,1,0.3062499999999999,38287.71368408203,4700,1,0.3062499999999999,23632694.662857056,400,400,400,400,400,400,4691,400,400,400,4690,400,400,4690,400,400,400,400,4690,4690,400,4690,400,400,10,5,4.761904716491699,0,0,0,0,0,4.761904716491699,0,4.761904716491699,0,10,0,0,0,0,5,0,5,4.761904716491699,10.526315689086914,0,0,66480525312,2147479552,20503187456,0
99,1713877591427,101106.53553771973,4700,1,0.30000000000000004,35556.40313720703,4700,1,0.30000000000000004,92015.0707397461,4700,1,0.30000000000000004,40469.035888671875,4700,1,0.30000000000000004,42108.49354553223,4700,1,0.30000000000000004,39182.4118347168,4700,1,0.30000000000000004,39775.91221618652,4700,1,0.30000000000000004,40518.147033691406,4700,1,0.30000000000000004,35582.49124145508,4700,1,0.30000000000000004,34177.5714263916,4700,1,0.30000000000000004,33640.327224731445,4700,1,0.30000000000000004,38287.844314575195,4700,1,0.30000000000000004,23632699.481536865,400,400,400,400,400,400,4691,400,400,400,4690,400,400,4690,400,400,400,400,4690,4690,400,4690,400,400,0,0,10.526315689086914,4.761904716491699,4.761904716491699,19.047618865966797,5,0,10,0,0,5.263157844543457,0,0,10.526315689086914,0,5.263157844543457,5,0,95,9.523809432983398,4.761904716491699,0,0,66480525312,2147479552,20505931776,0
99,1713877591527,101106.71896362305,4700,1,0.30000000000000004,35556.560287475586,4700,1,0.30000000000000004,92015.2133178711,4700,1,0.30000000000000004,40469.2409362793,4700,1,0.30000000000000004,42108.68617248535,4700,1,0.30000000000000004,39182.60546875,4700,1,0.30000000000000004,39776.080169677734,4700,1,0.30000000000000004,40518.66841125488,4700,1,0.30000000000000004,35582.65365600586,4700,1,0.30000000000000004,34177.70600891113,4700,1,0.30000000000000004,33640.45805358887,4700,1,0.30000000000000004,38287.99949645996,4700,1,0.30000000000000004,23632705.06349182,400,400,400,400,400,400,4691,400,400,400,4690,400,400,4690,400,400,400,400,4690,4690,400,4690,400,400,0,0,10.526315689086914,4.761904716491699,4.761904716491699,19.047618865966797,5,0,10,0,0,5.263157844543457,0,0,10.526315689086914,0,5.263157844543457,5,0,95,9.523809432983398,4.761904716491699,0,0,66480525312,2147479552,20596043776,0
99,1713877591627,101106.74507141113,4700,1,0.30000000000000004,35556.6837310791,4700,1,0.30000000000000004,92015.40574645996,4700,1,0.30000000000000004,40469.40902709961,4700,1,0.30000000000000004,42108.806091308594,4700,1,0.30000000000000004,39182.68281555176,4700,1,0.30000000000000004,39776.14613342285,4700,1,0.30000000000000004,40519.16499328613,4700,1,0.30000000000000004,35582.74099731445,4700,1,0.30000000000000004,34177.83460998535,4700,1,0.30000000000000004,33640.53732299805,4700,1,0.30000000000000004,38288.16973876953,4700,1,0.30000000000000004,23632709.987869263,400,400,400,400,400,400,4691,400,400,400,4690,400,400,4690,400,400,400,400,4690,4690,400,4690,400,400,5.263157844543457,5.263157844543457,5.263157844543457,10,5,15.000000953674316,0,5,5.263157844543457,5,9.523809432983398,14.285715103149414,10,10,10,15.000000953674316,20,5,18.18181800842285,100,10.526315689086914,14.285715103149414,0,15.000000953674316,66480525312,2147479552,20626952192,0
99,1713877591727,101106.91102600098,4700,1,0.30000000000000004,35556.72122192383,4700,1,0.30000000000000004,92015.44493103027,4700,1,0.30000000000000004,40469.46842956543,4700,1,0.30000000000000004,42108.916107177734,4700,1,0.30000000000000004,39182.75718688965,4700,1,0.30000000000000004,39776.178283691406,4700,1,0.30000000000000004,40519.663818359375,4700,1,0.30000000000000004,35582.78173828125,4700,1,0.30000000000000004,34177.863830566406,4700,1,0.30000000000000004,33640.554138183594,4700,1,0.30000000000000004,38288.204528808594,4700,1,0.30000000000000004,23632714.319900513,400,400,400,400,400,400,4691,400,400,400,4690,400,400,4690,400,400,400,400,4690,4690,400,4690,400,400,5.263157844543457,5.263157844543457,5.263157844543457,10,5,15.000000953674316,0,5,5.263157844543457,5,9.523809432983398,14.285715103149414,10,10,10,15.000000953674316,20,5,18.18181800842285,100,10.526315689086914,14.285715103149414,0,15.000000953674316,66480525312,2147479552,20617039872,0
99,1713877591827,101107.38313293457,4700,1,0.30000000000000004,35556.725036621094,4700,1,0.30000000000000004,92015.44798278809,4700,1,0.30000000000000004,40469.58418273926,4700,1,0.30000000000000004,42108.91996765137,4700,1,0.30000000000000004,39182.76672363281,4700,1,0.30000000000000004,39776.18159484863,4700,1,0.30000000000000004,40520.1602935791,4700,1,0.30000000000000004,35582.78839111328,4700,1,0.30000000000000004,34177.86561584473,4700,1,0.30000000000000004,33640.557540893555,4700,1,0.30000000000000004,38288.21365356445,4700,1,0.30000000000000004,23632718.652633667,400,400,400,400,400,400,4691,400,400,400,4690,400,400,4690,400,400,400,400,4690,4690,400,4690,400,400,60.000003814697266,0,0,0,0,0,0,0,0,0,0,0,0,0,4.761904716491699,0,0,0,0,100,0,0,0,0,66480525312,2147479552,20820742144,0
99,1713877591927,101107.85479736328,4700,1,0.30000000000000004,35556.726654052734,4700,1,0.30000000000000004,92015.44973754883,4700,1,0.30000000000000004,40469.6072845459,4700,1,0.30000000000000004,42108.976013183594,4700,1,0.30000000000000004,39182.77476501465,4700,1,0.30000000000000004,39776.191329956055,4700,1,0.30000000000000004,40520.65626525879,4700,1,0.30000000000000004,35582.79049682617,4700,1,0.30000000000000004,34177.8671875,4700,1,0.30000000000000004,33640.55940246582,4700,1,0.30000000000000004,38288.215270996094,4700,1,0.30000000000000004,23632723.194900513,400,400,400,400,400,400,4691,400,400,400,4690,400,400,4690,400,400,400,400,4690,4690,400,4690,400,400,60.000003814697266,0,0,0,0,0,0,0,0,0,0,0,0,0,4.761904716491699,0,0,0,0,100,0,0,0,0,66480525312,2147479552,21026664448,0
99,1713877592027,101108.32878112793,4700,1,0.30000000000000004,35556.728271484375,4700,1,0.30000000000000004,92015.4528503418,4700,1,0.30000000000000004,40469.62113952637,4700,1,0.30000000000000004,42109.08364868164,4700,1,0.30000000000000004,39182.77879333496,4700,1,0.30000000000000004,39776.1944732666,4700,1,0.30000000000000004,40521.15299987793,4700,1,0.30000000000000004,35582.7942199707,4700,1,0.30000000000000004,34177.86875915527,4700,1,0.30000000000000004,33640.56214904785,4700,1,0.30000000000000004,38288.216888427734,4700,1,0.30000000000000004,23632727.728530884,400,400,400,400,400,400,4691,400,400,400,4690,400,400,4690,400,400,400,400,4690,4690,400,4690,400,400,100,5,0,0,0,0,4.761904716491699,0,0,0,0,0,0,0,0,0,4.761904716491699,0,0,100,0,0,0,0,66480525312,2147479552,21231038464,0
99,1713877592127,101108.80172729492,4700,1,0.30000000000000004,35556.72984313965,4700,1,0.30000000000000004,92015.45460510254,4700,1,0.30000000000000004,40469.63963317871,4700,1,0.30000000000000004,42109.19300842285,4700,1,0.30000000000000004,39182.78271484375,4700,1,0.30000000000000004,39776.19876098633,4700,1,0.30000000000000004,40521.64442443848,4700,1,0.30000000000000004,35582.79611206055,4700,1,0.30000000000000004,34177.871643066406,4700,1,0.30000000000000004,33640.56466674805,4700,1,0.30000000000000004,38288.21873474121,4700,1,0.30000000000000004,23632732.262313843,400,400,400,400,400,400,4691,400,400,400,4690,400,400,4690,400,400,400,400,4690,4690,400,4690,400,400,100,5,0,0,0,0,4.761904716491699,0,0,0,0,0,0,0,0,0,4.761904716491699,0,0,100,0,0,0,0,66480525312,2147479552,21434896384,0
99,1713877592227,101109.27575683594,4700,1,0.30000000000000004,35556.73139953613,4700,1,0.30000000000000004,92015.45658874512,4700,1,0.30000000000000004,40469.654541015625,4700,1,0.30000000000000004,42109.302505493164,4700,1,0.30000000000000004,39182.78617858887,4700,1,0.30000000000000004,39776.20185852051,4700,1,0.30000000000000004,40522.14079284668,4700,1,0.30000000000000004,35582.80001831055,4700,1,0.30000000000000004,34177.8733215332,4700,1,0.30000000000000004,33640.56687927246,4700,1,0.30000000000000004,38288.220306396484,4700,1,0.30000000000000004,23632736.75315857,400,400,400,400,400,400,4691,400,400,400,4690,400,400,4690,400,400,400,400,4690,4690,400,4690,400,400,100,0,0,0,0,0,0,0,0,0,0,0,0,0,0,0,0,0,0,100,0,0,0,0,66480525312,2147479552,21639270400,0
99,1713877592328,101109.75657653809,4700,1,0.30000000000000004,35556.73416137695,4700,1,0.30000000000000004,92015.45852661133,4700,1,0.30000000000000004,40469.672927856445,4700,1,0.30000000000000004,42109.4111328125,4700,1,0.30000000000000004,39182.78985595703,4700,1,0.30000000000000004,39776.20495605469,4700,1,0.30000000000000004,40522.644607543945,4700,1,0.30000000000000004,35582.812255859375,4700,1,0.30000000000000004,34177.88594055176,4700,1,0.30000000000000004,33640.579513549805,4700,1,0.30000000000000004,38288.222427368164,4700,1,0.30000000000000004,23632741.337402344,400,400,400,400,400,400,4691,400,400,400,4690,400,400,4690,400,400,400,400,4690,4690,400,4690,400,400,100,0,0,0,0,0,0,0,0,0,0,0,0,0,0,0,0,0,0,100,0,0,0,0,66480525312,2147479552,21848805376,0
99,1713877592428,101110.23811340332,4700,1,0.30000000000000004,35556.73573303223,4700,1,0.30000000000000004,92015.46028137207,4700,1,0.30000000000000004,40469.68946838379,4700,1,0.30000000000000004,42109.52014160156,4700,1,0.30000000000000004,39182.793518066406,4700,1,0.30000000000000004,39776.20812988281,4700,1,0.30000000000000004,40523.14111328125,4700,1,0.30000000000000004,35582.81382751465,4700,1,0.30000000000000004,34177.88751220703,4700,1,0.30000000000000004,33640.58203125,4700,1,0.30000000000000004,38288.224044799805,4700,1,0.30000000000000004,23632745.917648315,400,400,400,400,400,400,4691,400,400,400,4690,400,400,4690,400,400,400,400,4690,4690,400,4690,400,400,100,0,0,0,0,0,0,0,0,0,0,0,0,0,0,0,0,0,0,100,0,0,0,0,66480525312,2147479552,22057824256,0
99,1713877592528,101110.72077941895,4700,1,0.30000000000000004,35556.7373046875,4700,1,0.30000000000000004,92015.4623413086,4700,1,0.30000000000000004,40469.7053527832,4700,1,0.30000000000000004,42109.63024902344,4700,1,0.30000000000000004,39182.796630859375,4700,1,0.30000000000000004,39776.21122741699,4700,1,0.30000000000000004,40523.63781738281,4700,1,0.30000000000000004,35582.81539916992,4700,1,0.30000000000000004,34177.88981628418,4700,1,0.30000000000000004,33640.583984375,4700,1,0.30000000000000004,38288.22622680664,4700,1,0.30000000000000004,23632750.379837036,400,400,400,400,400,400,4691,400,400,400,4690,400,400,4690,400,400,400,400,4690,4690,400,4690,400,400,100,0,0,0,0,0,0,0,0,0,0,0,0,0,0,0,0,0,0,100,0,0,0,0,66480525312,2147479552,22268391424,0
99,1713877592628,101111.20347595215,4700,1,0.30000000000000004,35556.73887634277,4700,1,0.30000000000000004,92015.46417236328,4700,1,0.30000000000000004,40469.72509765625,4700,1,0.30000000000000004,42109.73994445801,4700,1,0.30000000000000004,39182.799743652344,4700,1,0.30000000000000004,39776.221267700195,4700,1,0.30000000000000004,40524.13446044922,4700,1,0.30000000000000004,35582.81701660156,4700,1,0.30000000000000004,34177.89143371582,4700,1,0.30000000000000004,33640.586181640625,4700,1,0.30000000000000004,38288.227798461914,4700,1,0.30000000000000004,23632754.886306763,400,400,400,400,400,400,4691,400,400,400,4690,400,400,4690,400,400,400,400,4690,4690,400,4690,400,400,100,0,0,0,0,0,0,0,0,0,0,0,0,0,0,0,0,0,0,100,0,0,0,0,66480525312,2147479552,22477926400,0
99,1713877592728,101111.68145751953,4700,1,0.30000000000000004,35556.74110412598,4700,1,0.30000000000000004,92015.46621704102,4700,1,0.30000000000000004,40469.73893737793,4700,1,0.30000000000000004,42109.850509643555,4700,1,0.30000000000000004,39182.80311584473,4700,1,0.30000000000000004,39776.22869873047,4700,1,0.30000000000000004,40524.48426818848,4700,1,0.30000000000000004,35582.95037841797,4700,1,0.30000000000000004,34177.899673461914,4700,1,0.30000000000000004,33640.59167480469,4700,1,0.30000000000000004,38288.244567871094,4700,1,0.30000000000000004,23632759.421951294,400,400,400,400,400,400,4691,400,400,400,4690,400,400,4690,400,400,400,400,4690,4690,400,4690,400,400,100,0,0,0,0,0,0,0,0,0,0,0,0,0,0,0,0,0,0,100,0,0,0,0,66480525312,2147479552,22687715328,0
99,1713877592828,101112.16455078125,4700,1,0.30000000000000004,35556.75314331055,4700,1,0.30000000000000004,92015.47129821777,4700,1,0.30000000000000004,40469.75848388672,4700,1,0.30000000000000004,42109.96603393555,4700,1,0.30000000000000004,39182.80723571777,4700,1,0.30000000000000004,39776.24575805664,4700,1,0.30000000000000004,40524.48817443848,4700,1,0.30000000000000004,35583.406326293945,4700,1,0.30000000000000004,34177.90141296387,4700,1,0.30000000000000004,33640.59585571289,4700,1,0.30000000000000004,38288.24736022949,4700,1,0.30000000000000004,23632763.881607056,400,400,400,400,400,400,4691,400,400,400,4690,400,400,4690,400,400,400,400,4690,4690,400,4690,400,400,100,0,0,0,0,0,0,0,0,0,0,0,0,0,0,0,0,0,0,35,65,0,0,0,66480525312,2147479552,22897766400,0
99,1713877592928,101112.64790344238,4700,1,0.30000000000000004,35556.754791259766,4700,1,0.30000000000000004,92015.47314453125,4700,1,0.30000000000000004,40469.77555847168,4700,1,0.30000000000000004,42110.08256530762,4700,1,0.30000000000000004,39182.81092834473,4700,1,0.30000000000000004,39776.2547454834,4700,1,0.30000000000000004,40524.49153137207,4700,1,0.30000000000000004,35583.86587524414,4700,1,0.30000000000000004,34177.90298461914,4700,1,0.30000000000000004,33640.5977935791,4700,1,0.30000000000000004,38288.24903869629,4700,1,0.30000000000000004,23632768.3155365,400,400,400,400,400,400,4691,400,400,400,4690,400,400,4690,400,400,400,400,4690,4690,400,4690,400,400,100,0,0,0,0,0,0,0,0,0,0,0,0,0,0,0,0,0,0,35,65,0,0,0,66480525312,2147479552,23107301376,0
99,1713877593028,101113.13146972656,4700,1,0.30000000000000004,35556.75637817383,4700,1,0.30000000000000004,92015.47538757324,4700,1,0.30000000000000004,40469.791427612305,4700,1,0.30000000000000004,42110.19891357422,4700,1,0.30000000000000004,39182.81414794922,4700,1,0.30000000000000004,39776.25784301758,4700,1,0.30000000000000004,40524.495513916016,4700,1,0.30000000000000004,35584.32598876953,4700,1,0.30000000000000004,34177.904556274414,4700,1,0.30000000000000004,33640.59999084473,4700,1,0.30000000000000004,38288.250732421875,4700,1,0.30000000000000004,23632772.740524292,400,400,400,400,400,400,4691,400,400,400,4690,400,400,4690,400,400,400,400,4690,4690,400,4690,400,400,100,0,0,0,0,0,0,0,0,0,0,0,0,0,0,0,0,0,0,0,100,0,0,0,66480525312,2147479552,23317868544,0
99,1713877593128,101113.60836791992,4700,1,0.30000000000000004,35556.75801086426,4700,1,0.30000000000000004,92015.47723388672,4700,1,0.30000000000000004,40469.80467224121,4700,1,0.30000000000000004,42110.315338134766,4700,1,0.30000000000000004,39182.8172454834,4700,1,0.30000000000000004,39776.26889038086,4700,1,0.30000000000000004,40524.49882507324,4700,1,0.30000000000000004,35584.785720825195,4700,1,0.30000000000000004,34177.906967163086,4700,1,0.30000000000000004,33640.6018371582,4700,1,0.30000000000000004,38288.2541809082,4700,1,0.30000000000000004,23632777.194274902,400,400,400,400,400,400,4691,400,400,400,4690,400,400,4690,400,400,400,400,4690,4690,400,4690,400,400,100,0,0,0,0,0,0,0,0,0,0,0,0,0,0,0,0,0,0,0,100,0,0,0,66480525312,2147479552,23523790848,0
99,1713877593228,101114.0853881836,4700,1,0.30000000000000004,35556.76086425781,4700,1,0.30000000000000004,92015.4799194336,4700,1,0.30000000000000004,40469.822998046875,4700,1,0.30000000000000004,42110.43208312988,4700,1,0.30000000000000004,39182.82342529297,4700,1,0.30000000000000004,39776.27363586426,4700,1,0.30000000000000004,40524.502838134766,4700,1,0.30000000000000004,35585.24627685547,4700,1,0.30000000000000004,34177.909896850586,4700,1,0.30000000000000004,33640.60487365723,4700,1,0.30000000000000004,38288.258697509766,4700,1,0.30000000000000004,23632781.50239563,400,400,400,400,400,400,4691,400,400,400,4690,400,400,4690,400,400,400,400,4690,4690,400,4690,400,400,100,0,0,0,0,0,0,0,0,0,0,0,0,0,0,0,0,0,0,0,100,0,0,0,66480525312,2147479552,23729197056,0
99,1713877593328,101114.56506347656,4700,1,0.30000000000000004,35556.76258850098,4700,1,0.30000000000000004,92015.48193359375,4700,1,0.30000000000000004,40469.839111328125,4700,1,0.30000000000000004,42110.54885864258,4700,1,0.30000000000000004,39182.826583862305,4700,1,0.30000000000000004,39776.27684020996,4700,1,0.30000000000000004,40524.50668334961,4700,1,0.30000000000000004,35585.70600891113,4700,1,0.30000000000000004,34177.912109375,4700,1,0.30000000000000004,33640.6064453125,4700,1,0.30000000000000004,38288.26029968262,4700,1,0.30000000000000004,23632785.93739319,400,400,400,400,400,400,4691,400,400,400,4690,400,400,4690,400,400,400,400,4690,4690,400,4690,400,400,100,0,0,0,0,0,0,0,0,0,0,0,0,0,0,0,0,0,0,0,100,0,0,0,66480525312,2147479552,23937183744,0
99,1713877593428,101115.04319763184,4700,1,0.30000000000000004,35556.76416015625,4700,1,0.30000000000000004,92015.48371887207,4700,1,0.30000000000000004,40469.85188293457,4700,1,0.30000000000000004,42110.664123535156,4700,1,0.30000000000000004,39182.8298034668,4700,1,0.30000000000000004,39776.28012084961,4700,1,0.30000000000000004,40524.51010131836,4700,1,0.30000000000000004,35586.16596984863,4700,1,0.30000000000000004,34177.91586303711,4700,1,0.30000000000000004,33640.609802246094,4700,1,0.30000000000000004,38288.26203918457,4700,1,0.30000000000000004,23632790.422927856,400,400,400,400,400,400,4691,400,400,400,4690,400,400,4690,400,400,400,400,4690,4690,400,4690,400,400,100,0,0,0,0,0,4.761904716491699,0,0,0,0,0,0,0,0,0,0,0,0,0,100,0,0,0,66480525312,2147479552,24147234816,0
99,1713877593528,101115.52603149414,4700,1,0.30000000000000004,35556.76573181152,4700,1,0.30000000000000004,92015.48567199707,4700,1,0.30000000000000004,40469.86640930176,4700,1,0.30000000000000004,42110.78129577637,4700,1,0.30000000000000004,39182.8328704834,4700,1,0.30000000000000004,39776.28324890137,4700,1,0.30000000000000004,40524.513580322266,4700,1,0.30000000000000004,35586.62089538574,4700,1,0.30000000000000004,34177.917877197266,4700,1,0.30000000000000004,33640.61135864258,4700,1,0.30000000000000004,38288.26420593262,4700,1,0.30000000000000004,23632794.8719635,400,400,400,400,400,400,4691,400,400,400,4690,400,400,4690,400,400,400,400,4690,4690,400,4690,400,400,100,0,0,0,0,0,4.761904716491699,0,0,0,0,0,0,0,0,0,0,0,0,0,100,0,0,0,66480525312,2147479552,24357285888,0
99,1713877593628,101116.00926208496,4700,1,0.30000000000000004,35556.76728820801,4700,1,0.30000000000000004,92015.48745727539,4700,1,0.30000000000000004,40469.88285827637,4700,1,0.30000000000000004,42110.8983001709,4700,1,0.30000000000000004,39182.84797668457,4700,1,0.30000000000000004,39776.29281616211,4700,1,0.30000000000000004,40524.517166137695,4700,1,0.30000000000000004,35587.08152770996,4700,1,0.30000000000000004,34177.919845581055,4700,1,0.30000000000000004,33640.614822387695,4700,1,0.30000000000000004,38288.26599121094,4700,1,0.30000000000000004,23632799.361465454,400,400,400,400,400,400,4691,400,400,400,4690,400,400,4690,400,400,400,400,4690,4690,400,4690,400,400,100,0,0,0,0,0,0,0,0,0,0,0,0,0,0,0,0,0,0,0,100,0,0,0,66480525312,2147479552,24567853056,0
99,1713877593728,101116.49238586426,4700,1,0.30000000000000004,35556.7698059082,4700,1,0.30000000000000004,92015.48944091797,4700,1,0.30000000000000004,40469.8963470459,4700,1,0.30000000000000004,42111.01434326172,4700,1,0.30000000000000004,39182.85107421875,4700,1,0.30000000000000004,39776.29602050781,4700,1,0.30000000000000004,40524.52067565918,4700,1,0.30000000000000004,35587.54187011719,4700,1,0.30000000000000004,34177.92182922363,4700,1,0.30000000000000004,33640.616470336914,4700,1,0.30000000000000004,38288.26760864258,4700,1,0.30000000000000004,23632803.767868042,400,400,400,400,400,400,4691,400,400,400,4690,400,400,4690,400,400,400,400,4690,4690,400,4690,400,400,100,0,0,0,0,0,0,0,0,0,0,0,0,0,0,0,0,0,0,0,100,0,0,0,66480525312,2147479552,24777891840,0
99,1713877593828,101116.97564697266,4700,1,0.30000000000000004,35556.77151489258,4700,1,0.30000000000000004,92015.49130249023,4700,1,0.30000000000000004,40469.911560058594,4700,1,0.30000000000000004,42111.13153076172,4700,1,0.30000000000000004,39182.85417175293,4700,1,0.30000000000000004,39776.29911804199,4700,1,0.30000000000000004,40524.52430725098,4700,1,0.30000000000000004,35588.00177001953,4700,1,0.30000000000000004,34177.92367553711,4700,1,0.30000000000000004,33640.61981201172,4700,1,0.30000000000000004,38288.26919555664,4700,1,0.30000000000000004,23632808.219161987,400,400,400,400,400,400,4691,400,400,400,4690,400,400,4690,400,400,400,400,4690,4690,400,4690,400,400,100,0,0,0,0,0,0,0,0,0,0,0,0,0,0,0,0,0,0,0,100,0,0,0,66480525312,2147479552,24987942912,0
99,1713877593928,101117.45890808105,4700,1,0.30000000000000004,35556.773361206055,4700,1,0.30000000000000004,92015.49313354492,4700,1,0.30000000000000004,40469.92378234863,4700,1,0.30000000000000004,42111.24885559082,4700,1,0.30000000000000004,39182.85745239258,4700,1,0.30000000000000004,39776.30667114258,4700,1,0.30000000000000004,40524.527740478516,4700,1,0.30000000000000004,35588.46153259277,4700,1,0.30000000000000004,34177.92567443848,4700,1,0.30000000000000004,33640.621520996094,4700,1,0.30000000000000004,38288.272720336914,4700,1,0.30000000000000004,23632812.66268921,400,400,400,400,400,400,4691,400,400,400,4690,400,400,4690,400,400,400,400,4690,4690,400,4690,400,400,100,0,0,0,0,0,0,0,0,0,0,0,0,0,0,0,0,0,0,0,100,0,0,0,66480525312,2147479552,25198510080,0
99,1713877594028,101117.9423828125,4700,1,0.30000000000000004,35556.77598571777,4700,1,0.30000000000000004,92015.49542236328,4700,1,0.30000000000000004,40469.9395904541,4700,1,0.30000000000000004,42111.36405944824,4700,1,0.30000000000000004,39182.86192321777,4700,1,0.30000000000000004,39776.31114196777,4700,1,0.30000000000000004,40524.531188964844,4700,1,0.30000000000000004,35588.92176818848,4700,1,0.30000000000000004,34177.92774963379,4700,1,0.30000000000000004,33640.62348937988,4700,1,0.30000000000000004,38288.27445983887,4700,1,0.30000000000000004,23632817.125915527,400,400,400,400,400,400,4691,400,400,400,4690,400,400,4690,400,400,400,400,4690,4690,400,4690,400,400,100,0,0,0,0,0,0,0,0,0,0,0,0,0,0,0,0,0,0,0,100,0,0,0,66480525312,2147479552,25408561152,0
99,1713877594129,101118.41650390625,4700,1,0.30000000000000004,35556.777603149414,4700,1,0.30000000000000004,92015.49725341797,4700,1,0.30000000000000004,40469.9503326416,4700,1,0.30000000000000004,42111.478576660156,4700,1,0.30000000000000004,39182.86508178711,4700,1,0.30000000000000004,39776.31559753418,4700,1,0.30000000000000004,40524.53479003906,4700,1,0.30000000000000004,35589.3818359375,4700,1,0.30000000000000004,34177.929595947266,4700,1,0.30000000000000004,33640.62510681152,4700,1,0.30000000000000004,38288.27607727051,4700,1,0.30000000000000004,23632821.566970825,400,400,400,400,400,400,4691,400,400,400,4690,400,400,4690,400,400,400,400,4690,4690,400,4690,400,400,100,0,0,0,0,0,0,0,0,0,0,0,0,0,0,0,0,0,0,0,100,0,0,0,66480525312,2147479552,25616031744,0
99,1713877594229,101118.89358520508,4700,1,0.30000000000000004,35556.77917480469,4700,1,0.30000000000000004,92015.49934387207,4700,1,0.30000000000000004,40469.96726989746,4700,1,0.30000000000000004,42111.59483337402,4700,1,0.30000000000000004,39182.868240356445,4700,1,0.30000000000000004,39776.31866455078,4700,1,0.30000000000000004,40524.53845214844,4700,1,0.30000000000000004,35589.837005615234,4700,1,0.30000000000000004,34177.931579589844,4700,1,0.30000000000000004,33640.62873840332,4700,1,0.30000000000000004,38288.27764892578,4700,1,0.30000000000000004,23632825.994430542,400,400,400,400,400,400,4691,400,400,400,4690,400,400,4690,400,400,400,400,4690,4690,400,4690,400,400,100,0,0,0,0,0,0,0,0,0,0,0,0,0,0,0,0,0,0,0,100,0,0,0,66480525312,2147479552,25821954048,0
99,1713877594329,101119.37182617188,4700,1,0.30000000000000004,35556.78077697754,4700,1,0.30000000000000004,92015.50119018555,4700,1,0.30000000000000004,40469.981384277344,4700,1,0.30000000000000004,42111.70993041992,4700,1,0.30000000000000004,39182.871353149414,4700,1,0.30000000000000004,39776.32176208496,4700,1,0.30000000000000004,40524.54167175293,4700,1,0.30000000000000004,35590.29690551758,4700,1,0.30000000000000004,34177.93347167969,4700,1,0.30000000000000004,33640.630294799805,4700,1,0.30000000000000004,38288.28057861328,4700,1,0.30000000000000004,23632830.38710022,400,400,400,400,400,400,4691,400,400,400,4690,400,400,4690,400,400,400,400,4690,4690,400,4690,400,400,100,0,0,0,0,0,0,0,0,0,0,0,0,0,0,0,0,0,0,0,100,0,0,0,66480525312,2147479552,26028908544,0
99,1713877594429,101119.85501098633,4700,1,0.30000000000000004,35556.78234863281,4700,1,0.30000000000000004,92015.50303649902,4700,1,0.30000000000000004,40469.99430847168,4700,1,0.30000000000000004,42111.826248168945,4700,1,0.30000000000000004,39182.87449645996,4700,1,0.30000000000000004,39776.32485961914,4700,1,0.30000000000000004,40524.544921875,4700,1,0.30000000000000004,35590.75648498535,4700,1,0.30000000000000004,34177.93557739258,4700,1,0.30000000000000004,33640.63415527344,4700,1,0.30000000000000004,38288.28244018555,4700,1,0.30000000000000004,23632834.880508423,400,400,400,400,400,400,4691,400,400,400,4690,400,400,4690,400,400,400,400,4690,4690,400,4690,400,400,100,0,0,0,0,0,0,0,0,0,0,0,0,0,0,0,0,0,0,0,100,0,0,0,66480525312,2147479552,26238959616,0
99,1713877594529,101120.33819580078,4700,1,0.30000000000000004,35556.783920288086,4700,1,0.30000000000000004,92015.52854919434,4700,1,0.30000000000000004,40470.11946105957,4700,1,0.30000000000000004,42111.8524017334,4700,1,0.30000000000000004,39182.87826538086,4700,1,0.30000000000000004,39776.33093261719,4700,1,0.30000000000000004,40524.5481262207,4700,1,0.30000000000000004,35591.21649169922,4700,1,0.30000000000000004,34177.9454498291,4700,1,0.30000000000000004,33640.63577270508,4700,1,0.30000000000000004,38288.285095214844,4700,1,0.30000000000000004,23632839.29019165,400,400,400,400,400,400,4691,400,400,400,4690,400,400,4690,400,400,400,400,4690,4690,400,4690,400,400,100,0,0,0,0,0,0,0,0,0,0,0,0,0,0,0,0,0,0,0,100,0,0,0,66480525312,2147479552,26450300928,0
99,1713877594629,101120.82141113281,4700,1,0.30000000000000004,35556.78549194336,4700,1,0.30000000000000004,92015.53034973145,4700,1,0.30000000000000004,40470.13832092285,4700,1,0.30000000000000004,42111.92091369629,4700,1,0.30000000000000004,39182.88136291504,4700,1,0.30000000000000004,39776.334213256836,4700,1,0.30000000000000004,40524.55126953125,4700,1,0.30000000000000004,35591.676361083984,4700,1,0.30000000000000004,34177.94737243652,4700,1,0.30000000000000004,33640.63914489746,4700,1,0.30000000000000004,38288.28674316406,4700,1,0.30000000000000004,23632843.67778015,400,400,400,400,400,400,4691,400,400,400,4690,400,400,4690,400,400,400,400,4690,4690,400,4690,400,400,100,0,0,0,0,0,4.761904716491699,0,0,0,0,0,0,0,0,0,0,0,0,0,100,0,0,0,66480525312,2147479552,26660868096,0
99,1713877594729,101121.30549621582,4700,1,0.30000000000000004,35556.78712463379,4700,1,0.30000000000000004,92015.5325012207,4700,1,0.30000000000000004,40470.15342712402,4700,1,0.30000000000000004,42112.037170410156,4700,1,0.30000000000000004,39182.88464355469,4700,1,0.30000000000000004,39776.33737182617,4700,1,0.30000000000000004,40524.55465698242,4700,1,0.30000000000000004,35592.13638305664,4700,1,0.30000000000000004,34177.949462890625,4700,1,0.30000000000000004,33640.64253234863,4700,1,0.30000000000000004,38288.28874206543,4700,1,0.30000000000000004,23632848.137817383,400,400,400,400,400,400,4691,400,400,400,4690,400,400,4690,400,400,400,400,4690,4690,400,4690,400,400,100,0,0,0,0,0,4.761904716491699,0,0,0,0,0,0,0,0,0,0,0,0,0,100,0,0,0,66480525312,2147479552,26871435264,0
99,1713877594829,101121.78411865234,4700,1,0.30000000000000004,35556.78869628906,4700,1,0.30000000000000004,92015.53434753418,4700,1,0.30000000000000004,40470.16357421875,4700,1,0.30000000000000004,42112.15293884277,4700,1,0.30000000000000004,39182.88995361328,4700,1,0.30000000000000004,39776.343017578125,4700,1,0.30000000000000004,40524.55781555176,4700,1,0.30000000000000004,35592.595932006836,4700,1,0.30000000000000004,34177.95327758789,4700,1,0.30000000000000004,33640.644287109375,4700,1,0.30000000000000004,38288.29037475586,4700,1,0.30000000000000004,23632852.5695343,400,400,400,400,400,400,4691,400,400,400,4690,400,400,4690,400,400,400,400,4690,4690,400,4690,400,400,100,0,0,0,0,0,0,0,0,0,0,0,0,0,0,0,0,0,0,0,100,0,0,0,66480525312,2147479552,27081486336,0
99,1713877594929,101122.26161193848,4700,1,0.30000000000000004,35556.792388916016,4700,1,0.30000000000000004,92015.53611755371,4700,1,0.30000000000000004,40470.18029785156,4700,1,0.30000000000000004,42112.2706451416,4700,1,0.30000000000000004,39182.897216796875,4700,1,0.30000000000000004,39776.3473815918,4700,1,0.30000000000000004,40524.5634765625,4700,1,0.30000000000000004,35593.05154418945,4700,1,0.30000000000000004,34177.955322265625,4700,1,0.30000000000000004,33640.64585876465,4700,1,0.30000000000000004,38288.292053222656,4700,1,0.30000000000000004,23632857.03387451,400,400,400,400,400,400,4691,400,400,400,4690,400,400,4690,400,400,400,400,4690,4690,400,4690,400,400,100,0,0,0,0,0,0,0,0,0,0,0,0,0,0,0,0,0,0,0,100,0,0,0,66480525312,2147479552,27287924736,0
99,1713877595029,101122.74090576172,4700,1,0.30000000000000004,35556.81221008301,4700,1,0.30000000000000004,92015.55769348145,4700,1,0.30000000000000004,40470.21240234375,4700,1,0.30000000000000004,42112.34683227539,4700,1,0.30000000000000004,39182.97430419922,4700,1,0.30000000000000004,39776.38056945801,4700,1,0.30000000000000004,40524.589904785156,4700,1,0.30000000000000004,35593.517013549805,4700,1,0.30000000000000004,34177.976989746094,4700,1,0.30000000000000004,33640.66323852539,4700,1,0.30000000000000004,38288.31086730957,4700,1,0.30000000000000004,23632861.624191284,400,400,400,400,400,400,4691,400,400,400,4690,400,400,4690,400,400,400,400,4690,4690,400,4690,400,400,100,0,4.761904716491699,0,0,0,5,0,5,9.523809432983398,0,0,4.761904716491699,4.761904716491699,0,0,0,0,0,5,100,0,4.761904716491699,0,66480525312,2147479552,27391389696,0
99,1713877595129,101123.2240600586,4700,1,0.30000000000000004,35556.81478881836,4700,1,0.30000000000000004,92015.56047058105,4700,1,0.30000000000000004,40470.22966003418,4700,1,0.30000000000000004,42112.35107421875,4700,1,0.30000000000000004,39183.089935302734,4700,1,0.30000000000000004,39776.384841918945,4700,1,0.30000000000000004,40524.59407043457,4700,1,0.30000000000000004,35593.97769165039,4700,1,0.30000000000000004,34177.97932434082,4700,1,0.30000000000000004,33640.66557312012,4700,1,0.30000000000000004,38288.31384277344,4700,1,0.30000000000000004,23632865.760147095,400,400,400,400,400,400,4691,400,400,400,4690,400,400,4690,400,400,400,400,4690,4690,400,4690,400,400,100,0,4.761904716491699,0,0,0,5,0,5,9.523809432983398,0,0,4.761904716491699,4.761904716491699,0,0,0,0,0,5,100,0,4.761904716491699,0,66480525312,2147479552,27589918720,0
99,1713877595229,101123.7084350586,4700,1,0.30000000000000004,35556.81642150879,4700,1,0.30000000000000004,92015.56455993652,4700,1,0.30000000000000004,40470.24580383301,4700,1,0.30000000000000004,42112.35427856445,4700,1,0.30000000000000004,39183.20593261719,4700,1,0.30000000000000004,39776.38803100586,4700,1,0.30000000000000004,40524.59735107422,4700,1,0.30000000000000004,35594.438064575195,4700,1,0.30000000000000004,34177.98098754883,4700,1,0.30000000000000004,33640.667709350586,4700,1,0.30000000000000004,38288.31576538086,4700,1,0.30000000000000004,23632870.19189453,400,400,400,400,400,400,4691,400,400,400,4690,400,400,4690,400,400,400,400,4690,4690,400,4690,400,400,100,0,0,0,0,0,0,0,0,0,0,0,0,0,0,0,0,0,0,0,100,0,0,0,66480525312,2147479552,27801001984,0
99,1713877595329,101124.1929321289,4700,1,0.30000000000000004,35556.81817626953,4700,1,0.30000000000000004,92015.56651306152,4700,1,0.30000000000000004,40470.25811767578,4700,1,0.30000000000000004,42112.357421875,4700,1,0.30000000000000004,39183.32095336914,4700,1,0.30000000000000004,39776.39112854004,4700,1,0.30000000000000004,40524.60057067871,4700,1,0.30000000000000004,35594.89814758301,4700,1,0.30000000000000004,34177.982650756836,4700,1,0.30000000000000004,33640.66944885254,4700,1,0.30000000000000004,38288.31782531738,4700,1,0.30000000000000004,23632874.624908447,400,400,400,400,400,400,4691,400,400,400,4690,400,400,4690,400,400,400,400,4690,4690,400,4690,400,400,100,0,0,0,0,0,0,0,0,0,0,0,0,0,0,0,0,0,0,0,100,0,0,0,66480525312,2147479552,28011569152,0
99,1713877595429,101124.67697143555,4700,1,0.30000000000000004,35556.81982421875,4700,1,0.30000000000000004,92015.56828308105,4700,1,0.30000000000000004,40470.27194213867,4700,1,0.30000000000000004,42112.36051940918,4700,1,0.30000000000000004,39183.43630981445,4700,1,0.30000000000000004,39776.39422607422,4700,1,0.30000000000000004,40524.60366821289,4700,1,0.30000000000000004,35595.35861206055,4700,1,0.30000000000000004,34177.98426818848,4700,1,0.30000000000000004,33640.67247009277,4700,1,0.30000000000000004,38288.319564819336,4700,1,0.30000000000000004,23632879.07107544,400,400,400,400,400,400,4691,400,400,400,4690,400,400,4690,400,400,400,400,4690,4690,400,4690,400,400,100,0,0,0,0,0,0,5,0,0,0,0,0,0,0,0,0,0,0,0,100,0,0,0,66480525312,2147479552,28221620224,0
99,1713877595529,101125.16032409668,4700,1,0.30000000000000004,35556.82139587402,4700,1,0.30000000000000004,92015.57043457031,4700,1,0.30000000000000004,40470.28939819336,4700,1,0.30000000000000004,42112.36361694336,4700,1,0.30000000000000004,39183.55000305176,4700,1,0.30000000000000004,39776.3973236084,4700,1,0.30000000000000004,40524.60877990723,4700,1,0.30000000000000004,35595.8190612793,4700,1,0.30000000000000004,34177.98599243164,4700,1,0.30000000000000004,33640.67443847656,4700,1,0.30000000000000004,38288.32228088379,4700,1,0.30000000000000004,23632883.527893066,400,400,400,400,400,400,4691,400,400,400,4690,400,400,4690,400,400,400,400,4690,4690,400,4690,400,400,100,0,0,0,0,0,0,5,0,0,0,0,0,0,0,0,0,0,0,0,100,0,0,0,66480525312,2147479552,28431671296,0
99,1713877595629,101125.63879394531,4700,1,0.30000000000000004,35556.822998046875,4700,1,0.30000000000000004,92015.572265625,4700,1,0.30000000000000004,40470.301193237305,4700,1,0.30000000000000004,42112.36668395996,4700,1,0.30000000000000004,39183.66442871094,4700,1,0.30000000000000004,39776.40054321289,4700,1,0.30000000000000004,40524.611877441406,4700,1,0.30000000000000004,35596.279861450195,4700,1,0.30000000000000004,34177.98764038086,4700,1,0.30000000000000004,33640.67736816406,4700,1,0.30000000000000004,38288.32438659668,4700,1,0.30000000000000004,23632887.94819641,400,400,400,400,400,400,4691,400,400,400,4690,400,400,4690,400,400,400,400,4690,4690,400,4690,400,400,100,0,0,0,0,0,0,0,0,0,0,0,0,0,0,0,0,0,0,0,100,0,0,0,66480525312,2147479552,28637241344,0
99,1713877595729,101126.12271118164,4700,1,0.30000000000000004,35556.82499694824,4700,1,0.30000000000000004,92015.57429504395,4700,1,0.30000000000000004,40470.31483459473,4700,1,0.30000000000000004,42112.3722076416,4700,1,0.30000000000000004,39183.779876708984,4700,1,0.30000000000000004,39776.40365600586,4700,1,0.30000000000000004,40524.61747741699,4700,1,0.30000000000000004,35596.73616027832,4700,1,0.30000000000000004,34177.98924255371,4700,1,0.30000000000000004,33640.679138183594,4700,1,0.30000000000000004,38288.32606506348,4700,1,0.30000000000000004,23632892.38320923,400,400,400,400,400,400,4691,400,400,400,4690,400,400,4690,400,400,400,400,4690,4690,400,4690,400,400,100,0,0,0,0,0,0,0,0,0,0,0,0,0,0,0,0,0,0,0,100,0,0,0,66480525312,2147479552,28845744128,0
99,1713877595829,101126.60639953613,4700,1,0.30000000000000004,35556.82655334473,4700,1,0.30000000000000004,92015.57606506348,4700,1,0.30000000000000004,40470.3302154541,4700,1,0.30000000000000004,42112.37530517578,4700,1,0.30000000000000004,39183.89549255371,4700,1,0.30000000000000004,39776.40675354004,4700,1,0.30000000000000004,40524.62071228027,4700,1,0.30000000000000004,35597.1962890625,4700,1,0.30000000000000004,34177.99087524414,4700,1,0.30000000000000004,33640.681900024414,4700,1,0.30000000000000004,38288.32777404785,4700,1,0.30000000000000004,23632896.785125732,400,400,400,400,400,400,4691,400,400,400,4690,400,400,4690,400,400,400,400,4690,4690,400,4690,400,400,100,0,0,0,0,0,0,0,0,0,0,0,0,0,0,0,0,0,0,0,100,0,0,0,66480525312,2147479552,29055795200,0
99,1713877595930,101127.09001159668,4700,1,0.30000000000000004,35556.828186035156,4700,1,0.30000000000000004,92015.57795715332,4700,1,0.30000000000000004,40470.342864990234,4700,1,0.30000000000000004,42112.37887573242,4700,1,0.30000000000000004,39184.01284790039,4700,1,0.30000000000000004,39776.41046142578,4700,1,0.30000000000000004,40524.62397766113,4700,1,0.30000000000000004,35597.65620422363,4700,1,0.30000000000000004,34177.992446899414,4700,1,0.30000000000000004,33640.68379211426,4700,1,0.30000000000000004,38288.32957458496,4700,1,0.30000000000000004,23632901.236801147,400,400,400,400,400,400,4691,400,400,400,4690,400,400,4690,400,400,400,400,4690,4690,400,4690,400,400,100,0,0,0,0,0,0,0,0,0,0,0,0,0,0,0,0,0,0,0,100,0,0,0,66480525312,2147479552,29265846272,0
99,1713877596030,101127.57356262207,4700,1,0.30000000000000004,35556.83137512207,4700,1,0.30000000000000004,92015.58010864258,4700,1,0.30000000000000004,40470.357025146484,4700,1,0.30000000000000004,42112.38220214844,4700,1,0.30000000000000004,39184.12887573242,4700,1,0.30000000000000004,39776.41564941406,4700,1,0.30000000000000004,40524.62745666504,4700,1,0.30000000000000004,35598.11685180664,4700,1,0.30000000000000004,34177.99559020996,4700,1,0.30000000000000004,33640.68672180176,4700,1,0.30000000000000004,38288.3317565918,4700,1,0.30000000000000004,23632905.714416504,400,400,400,400,400,400,4691,400,400,400,4690,400,400,4690,400,400,400,400,4690,4690,400,4690,400,400,100,0,0,0,0,0,0,5,0,0,0,0,0,0,0,0,0,0,0,0,100,0,0,0,66480525312,2147479552,29475897344,0
99,1713877596130,101128.0550994873,4700,1,0.30000000000000004,35556.8332824707,4700,1,0.30000000000000004,92015.58190917969,4700,1,0.30000000000000004,40470.37351989746,4700,1,0.30000000000000004,42112.38529968262,4700,1,0.30000000000000004,39184.244140625,4700,1,0.30000000000000004,39776.419357299805,4700,1,0.30000000000000004,40524.63055419922,4700,1,0.30000000000000004,35598.5770111084,4700,1,0.30000000000000004,34177.99745178223,4700,1,0.30000000000000004,33640.688415527344,4700,1,0.30000000000000004,38288.33360290527,4700,1,0.30000000000000004,23632910.15322876,400,400,400,400,400,400,4691,400,400,400,4690,400,400,4690,400,400,400,400,4690,4690,400,4690,400,400,100,0,0,0,0,0,0,5,0,0,0,0,0,0,0,0,0,0,0,0,100,0,0,0,66480525312,2147479552,29684916224,0
99,1713877596230,101128.53254699707,4700,1,0.30000000000000004,35556.83674621582,4700,1,0.30000000000000004,92015.58421325684,4700,1,0.30000000000000004,40470.39309692383,4700,1,0.30000000000000004,42112.3888092041,4700,1,0.30000000000000004,39184.36070251465,4700,1,0.30000000000000004,39776.422454833984,4700,1,0.30000000000000004,40524.63552856445,4700,1,0.30000000000000004,35599.0372467041,4700,1,0.30000000000000004,34177.999114990234,4700,1,0.30000000000000004,33640.691329956055,4700,1,0.30000000000000004,38288.335510253906,4700,1,0.30000000000000004,23632914.58883667,400,400,400,400,400,400,4691,400,400,400,4690,400,400,4690,400,400,400,400,4690,4690,400,4690,400,400,100,5,0,0,0,0,0,4.761904716491699,0,0,0,0,0,0,0,0,0,0,0,0,100,0,0,0,66480525312,2147479552,29890838528,0
99,1713877596330,101129.00511169434,4700,1,0.30000000000000004,35556.84800720215,4700,1,0.30000000000000004,92015.58616638184,4700,1,0.30000000000000004,40470.402404785156,4700,1,0.30000000000000004,42112.39192199707,4700,1,0.30000000000000004,39184.4757232666,4700,1,0.30000000000000004,39776.42559814453,4700,1,0.30000000000000004,40524.63879394531,4700,1,0.30000000000000004,35599.49725341797,4700,1,0.30000000000000004,34178.00080871582,4700,1,0.30000000000000004,33640.6932220459,4700,1,0.30000000000000004,38288.33741760254,4700,1,0.30000000000000004,23632919.035720825,400,400,400,400,400,400,4691,400,400,400,4690,400,400,4690,400,400,400,400,4690,4690,400,4690,400,400,100,5,0,0,0,0,0,4.761904716491699,0,0,0,0,0,0,0,0,0,0,0,0,100,0,0,0,66480525312,2147479552,30096760832,0
99,1713877596430,101129.48815917969,4700,1,0.30000000000000004,35556.84957885742,4700,1,0.30000000000000004,92015.58799743652,4700,1,0.30000000000000004,40470.42109680176,4700,1,0.30000000000000004,42112.39538574219,4700,1,0.30000000000000004,39184.59201049805,4700,1,0.30000000000000004,39776.42869567871,4700,1,0.30000000000000004,40524.64192199707,4700,1,0.30000000000000004,35599.95265197754,4700,1,0.30000000000000004,34178.002365112305,4700,1,0.30000000000000004,33640.69520568848,4700,1,0.30000000000000004,38288.33915710449,4700,1,0.30000000000000004,23632923.47732544,400,400,400,400,400,400,4691,400,400,400,4690,400,400,4690,400,400,400,400,4690,4690,400,4690,400,400,100,4.761904716491699,0,0,0,0,0,4.761904716491699,0,0,0,0,0,0,0,0,0,0,0,0,100,0,0,0,66480525312,2147479552,30306811904,0
99,1713877596530,101129.97079467773,4700,1,0.30000000000000004,35556.854904174805,4700,1,0.30000000000000004,92015.59063720703,4700,1,0.30000000000000004,40470.439697265625,4700,1,0.30000000000000004,42112.399337768555,4700,1,0.30000000000000004,39184.698150634766,4700,1,0.30000000000000004,39776.434646606445,4700,1,0.30000000000000004,40524.64503479004,4700,1,0.30000000000000004,35600.35754394531,4700,1,0.30000000000000004,34178.00564575195,4700,1,0.30000000000000004,33640.7492980957,4700,1,0.30000000000000004,38288.3427734375,4700,1,0.30000000000000004,23632927.87107849,400,400,400,400,400,400,4691,400,400,400,4690,400,400,4690,400,400,400,400,4690,4690,400,4690,400,400,100,4.761904716491699,0,0,0,0,0,4.761904716491699,0,0,0,0,0,0,0,0,0,0,0,0,100,0,0,0,66480525312,2147479552,30513061888,0
99,1713877596630,101130.45812988281,4700,1,0.30000000000000004,35556.88781738281,4700,1,0.30000000000000004,92015.6245880127,4700,1,0.30000000000000004,40470.48768615723,4700,1,0.30000000000000004,42112.43762207031,4700,1,0.30000000000000004,39184.74401855469,4700,1,0.30000000000000004,39776.55082702637,4700,1,0.30000000000000004,40524.68630981445,4700,1,0.30000000000000004,35600.39454650879,4700,1,0.30000000000000004,34178.037368774414,4700,1,0.30000000000000004,33641.21110534668,4700,1,0.30000000000000004,38288.37252807617,4700,1,0.30000000000000004,23632932.539230347,400,400,400,400,400,400,4691,400,400,400,4690,400,400,4690,400,400,400,400,4690,4690,400,4690,400,400,100,0,0,4.761904716491699,0,0,0,4.761904716491699,0,0,0,0,0,52.6315803527832,4.761904716491699,0,0,4.761904716491699,4.761904716491699,4.761904716491699,47.619049072265625,0,0,0,66480525312,2147479552,30731608064,0
99,1713877596730,101130.94152832031,4700,1,0.30000000000000004,35556.889709472656,4700,1,0.30000000000000004,92015.62692260742,4700,1,0.30000000000000004,40470.50263977051,4700,1,0.30000000000000004,42112.44110107422,4700,1,0.30000000000000004,39184.74711608887,4700,1,0.30000000000000004,39776.66226196289,4700,1,0.30000000000000004,40524.68946838379,4700,1,0.30000000000000004,35600.39659118652,4700,1,0.30000000000000004,34178.04048156738,4700,1,0.30000000000000004,33641.66993713379,4700,1,0.30000000000000004,38288.384368896484,4700,1,0.30000000000000004,23632936.99607849,400,400,400,400,400,400,4691,400,400,400,4690,400,400,4690,400,400,400,400,4690,4690,400,4690,400,400,100,0,0,4.761904716491699,0,0,0,4.761904716491699,0,0,0,0,0,52.6315803527832,4.761904716491699,0,0,4.761904716491699,4.761904716491699,4.761904716491699,47.619049072265625,0,0,0,66480525312,2147479552,30943342592,0
99,1713877596830,101131.42481994629,4700,1,0.30000000000000004,35556.891372680664,4700,1,0.30000000000000004,92015.62881469727,4700,1,0.30000000000000004,40470.51852416992,4700,1,0.30000000000000004,42112.444244384766,4700,1,0.30000000000000004,39184.75021362305,4700,1,0.30000000000000004,39776.77229309082,4700,1,0.30000000000000004,40524.692642211914,4700,1,0.30000000000000004,35600.39865112305,4700,1,0.30000000000000004,34178.04556274414,4700,1,0.30000000000000004,33642.12924194336,4700,1,0.30000000000000004,38288.3860168457,4700,1,0.30000000000000004,23632941.434036255,400,400,400,400,400,400,4691,400,400,400,4690,400,400,4690,400,400,400,400,4690,4690,400,4690,400,400,100,5,0,0,0,0,0,0,0,0,0,0,0,100,0,0,0,0,0,0,0,0,0,0,66480525312,2147479552,31153909760,0
99,1713877596930,101131.90837097168,4700,1,0.30000000000000004,35556.89303588867,4700,1,0.30000000000000004,92015.63067626953,4700,1,0.30000000000000004,40470.53854370117,4700,1,0.30000000000000004,42112.44790649414,4700,1,0.30000000000000004,39184.75857543945,4700,1,0.30000000000000004,39776.882263183594,4700,1,0.30000000000000004,40524.69580078125,4700,1,0.30000000000000004,35600.4005279541,4700,1,0.30000000000000004,34178.04864501953,4700,1,0.30000000000000004,33642.588287353516,4700,1,0.30000000000000004,38288.387634277344,4700,1,0.30000000000000004,23632945.869873047,400,400,400,400,400,400,4691,400,400,400,4690,400,400,4690,400,400,400,400,4690,4690,400,4690,400,400,100,5,0,0,0,0,0,0,0,0,0,0,0,100,0,0,0,0,0,0,0,0,0,0,66480525312,2147479552,31364476928,0
99,1713877597030,101132.38671875,4700,1,0.30000000000000004,35556.894607543945,4700,1,0.30000000000000004,92015.63386535645,4700,1,0.30000000000000004,40470.550857543945,4700,1,0.30000000000000004,42112.45219421387,4700,1,0.30000000000000004,39184.76173400879,4700,1,0.30000000000000004,39776.993103027344,4700,1,0.30000000000000004,40524.698989868164,4700,1,0.30000000000000004,35600.402740478516,4700,1,0.30000000000000004,34178.05197143555,4700,1,0.30000000000000004,33643.0479888916,4700,1,0.30000000000000004,38288.38934326172,4700,1,0.30000000000000004,23632950.33152771,400,400,400,400,400,400,4691,400,400,400,4690,400,400,4690,400,400,400,400,4690,4690,400,4690,400,400,100,0,0,0,0,0,0,0,4.761904716491699,0,0,0,0,100,0,0,0,0,0,0,0,0,0,0,66480525312,2147479552,31575560192,0
99,1713877597130,101132.87001037598,4700,1,0.30000000000000004,35556.89807128906,4700,1,0.30000000000000004,92015.63577270508,4700,1,0.30000000000000004,40470.567138671875,4700,1,0.30000000000000004,42112.455627441406,4700,1,0.30000000000000004,39184.76480102539,4700,1,0.30000000000000004,39777.10157775879,4700,1,0.30000000000000004,40524.704650878906,4700,1,0.30000000000000004,35600.404373168945,4700,1,0.30000000000000004,34178.05570983887,4700,1,0.30000000000000004,33643.50648498535,4700,1,0.30000000000000004,38288.39091491699,4700,1,0.30000000000000004,23632954.8197937,400,400,400,400,400,400,4691,400,400,400,4690,400,400,4690,400,400,400,400,4690,4690,400,4690,400,400,100,0,0,0,0,0,0,0,4.761904716491699,0,0,0,0,100,0,0,0,0,0,0,0,0,0,0,66480525312,2147479552,31785611264,0
99,1713877597230,101133.35346984863,4700,1,0.30000000000000004,35556.90560913086,4700,1,0.30000000000000004,92015.63827514648,4700,1,0.30000000000000004,40470.580825805664,4700,1,0.30000000000000004,42112.459533691406,4700,1,0.30000000000000004,39184.76802062988,4700,1,0.30000000000000004,39777.21449279785,4700,1,0.30000000000000004,40524.70867919922,4700,1,0.30000000000000004,35600.40594482422,4700,1,0.30000000000000004,34178.05973815918,4700,1,0.30000000000000004,33643.96095275879,4700,1,0.30000000000000004,38288.39256286621,4700,1,0.30000000000000004,23632959.243881226,400,400,400,400,400,400,4691,400,400,400,4690,400,400,4690,400,400,400,400,4690,4690,400,4690,400,400,100,4.761904716491699,0,0,0,0,0,0,0,0,0,0,0,100,0,0,0,0,0,0,0,0,0,0,66480525312,2147479552,31996178432,0
99,1713877597330,101133.83695983887,4700,1,0.30000000000000004,35556.90718078613,4700,1,0.30000000000000004,92015.64016723633,4700,1,0.30000000000000004,40470.59550476074,4700,1,0.30000000000000004,42112.462966918945,4700,1,0.30000000000000004,39184.771423339844,4700,1,0.30000000000000004,39777.324935913086,4700,1,0.30000000000000004,40524.7117767334,4700,1,0.30000000000000004,35600.40751647949,4700,1,0.30000000000000004,34178.063064575195,4700,1,0.30000000000000004,33644.42024230957,4700,1,0.30000000000000004,38288.39599609375,4700,1,0.30000000000000004,23632963.63392639,400,400,400,400,400,400,4691,400,400,400,4690,400,400,4690,400,400,400,400,4690,4690,400,4690,400,400,100,4.761904716491699,0,0,0,0,0,0,0,0,0,0,0,100,0,0,0,0,0,0,0,0,0,0,66480525312,2147479552,32206745600,0
99,1713877597430,101134.32029724121,4700,1,0.30000000000000004,35556.908752441406,4700,1,0.30000000000000004,92015.64204406738,4700,1,0.30000000000000004,40470.612060546875,4700,1,0.30000000000000004,42112.46659851074,4700,1,0.30000000000000004,39184.77461242676,4700,1,0.30000000000000004,39777.4356842041,4700,1,0.30000000000000004,40524.71487426758,4700,1,0.30000000000000004,35600.409088134766,4700,1,0.30000000000000004,34178.068435668945,4700,1,0.30000000000000004,33644.87950134277,4700,1,0.30000000000000004,38288.39756774902,4700,1,0.30000000000000004,23632968.082443237,400,400,400,400,400,400,4691,400,400,400,4690,400,400,4690,400,400,400,400,4690,4690,400,4690,400,400,100,5,0,0,0,0,0,0,0,0,0,0,0,100,0,0,0,0,0,0,0,0,0,4.761904716491699,66480525312,2147479552,32416796672,0
99,1713877597530,101134.80361938477,4700,1,0.3062499999999999,35556.91036987305,4700,1,0.3062499999999999,92015.64445495605,4700,1,0.3062499999999999,40470.62809753418,4700,1,0.3062499999999999,42112.470123291016,4700,1,0.3062499999999999,39184.77770996094,4700,1,0.3062499999999999,39777.54618835449,4700,1,0.3062499999999999,40524.720153808594,4700,1,0.3062499999999999,35600.41065979004,4700,1,0.3062499999999999,34178.07205200195,4700,1,0.3062499999999999,33645.3385925293,4700,1,0.3062499999999999,38288.400161743164,4700,1,0.3062499999999999,23632972.550186157,400,400,400,400,400,400,4691,400,400,400,4690,400,400,4690,400,400,400,400,4690,4690,400,4690,400,400,100,5,0,0,0,0,0,0,0,0,0,0,0,100,0,0,0,0,0,0,0,0,0,4.761904716491699,66480525312,2147479552,32627621888,0
99,1713877597630,101135.2846069336,4700,1,0.30000000000000004,35556.91194152832,4700,1,0.30000000000000004,92015.64643859863,4700,1,0.30000000000000004,40470.640853881836,4700,1,0.30000000000000004,42112.47358703613,4700,1,0.30000000000000004,39184.790756225586,4700,1,0.30000000000000004,39777.65644836426,4700,1,0.30000000000000004,40524.72325134277,4700,1,0.30000000000000004,35600.412353515625,4700,1,0.30000000000000004,34178.07531738281,4700,1,0.30000000000000004,33645.797592163086,4700,1,0.30000000000000004,38288.40182495117,4700,1,0.30000000000000004,23632977.034851074,400,400,400,400,400,400,4691,400,400,400,4690,400,400,4690,400,400,400,400,4690,4690,400,4690,400,400,100,4.761904716491699,0,0,0,0,0,0,0,0,0,0,0,100,0,0,0,0,0,0,0,0,0,0,66480525312,2147479552,32836640768,0
99,1713877597731,101135.76295471191,4700,1,0.30000000000000004,35556.91409301758,4700,1,0.30000000000000004,92015.6488494873,4700,1,0.30000000000000004,40470.652404785156,4700,1,0.30000000000000004,42112.4768371582,4700,1,0.30000000000000004,39184.793853759766,4700,1,0.30000000000000004,39777.76614379883,4700,1,0.30000000000000004,40524.727111816406,4700,1,0.30000000000000004,35600.4139251709,4700,1,0.30000000000000004,34178.078704833984,4700,1,0.30000000000000004,33646.25650024414,4700,1,0.30000000000000004,38288.403396606445,4700,1,0.30000000000000004,23632981.490982056,400,400,400,400,400,400,4691,400,400,400,4690,400,400,4690,400,400,400,400,4690,4690,400,4690,400,400,100,4.761904716491699,0,0,0,0,0,0,0,0,0,0,0,100,0,0,0,0,0,0,0,0,0,0,66480525312,2147479552,33046949888,0
99,1713877597831,101136.24668884277,4700,1,0.30000000000000004,35556.9157409668,4700,1,0.30000000000000004,92015.65071105957,4700,1,0.30000000000000004,40470.67039489746,4700,1,0.30000000000000004,42112.480209350586,4700,1,0.30000000000000004,39184.79692077637,4700,1,0.30000000000000004,39777.87535095215,4700,1,0.30000000000000004,40524.73017883301,4700,1,0.30000000000000004,35600.41548156738,4700,1,0.30000000000000004,34178.08203125,4700,1,0.30000000000000004,33646.7158203125,4700,1,0.30000000000000004,38288.40496826172,4700,1,0.30000000000000004,23632985.93814087,400,400,400,400,400,400,4691,400,400,400,4690,400,400,4690,400,400,400,400,4690,4690,400,4690,400,400,100,4.761904716491699,0,0,0,0,0,0,0,0,0,0,0,100,0,0,0,0,0,0,0,0,0,0,66480525312,2147479552,33258033152,0
99,1713877597931,101136.73727416992,4700,1,0.30000000000000004,35556.91874694824,4700,1,0.30000000000000004,92015.65269470215,4700,1,0.30000000000000004,40470.68814086914,4700,1,0.30000000000000004,42112.483795166016,4700,1,0.30000000000000004,39184.80284118652,4700,1,0.30000000000000004,39777.98622131348,4700,1,0.30000000000000004,40524.73338317871,4700,1,0.30000000000000004,35600.41711425781,4700,1,0.30000000000000004,34178.085357666016,4700,1,0.30000000000000004,33647.170166015625,4700,1,0.30000000000000004,38288.40670776367,4700,1,0.30000000000000004,23632990.412368774,400,400,400,400,400,400,4691,400,400,400,4690,400,400,4690,400,400,400,400,4690,4690,400,4690,400,400,100,4.761904716491699,0,0,0,0,0,0,0,0,0,0,0,100,0,0,0,0,0,0,0,0,0,0,66480525312,2147479552,33237598208,0
99,1713877598031,101137.33616638184,4700,1,0.30000000000000004,35556.92175292969,4700,1,0.30000000000000004,92015.65603637695,4700,1,0.30000000000000004,40470.70657348633,4700,1,0.30000000000000004,42112.48878479004,4700,1,0.30000000000000004,39184.806060791016,4700,1,0.30000000000000004,39778.09800720215,4700,1,0.30000000000000004,40524.73825073242,4700,1,0.30000000000000004,35600.41987609863,4700,1,0.30000000000000004,34178.090240478516,4700,1,0.30000000000000004,33647.62966918945,4700,1,0.30000000000000004,38288.40869140625,4700,1,0.30000000000000004,23632995.020751953,400,400,400,400,400,400,4691,400,400,400,4690,400,400,4690,400,400,400,400,4690,4690,400,4690,400,400,100,4.761904716491699,0,0,0,0,0,0,0,0,0,0,0,100,0,0,0,0,0,0,0,0,0,0,66480525312,2147479552,30906007552,0
99,1713877598131,101137.93431091309,4700,1,0.30000000000000004,35556.92337036133,4700,1,0.30000000000000004,92015.65826416016,4700,1,0.30000000000000004,40470.72401428223,4700,1,0.30000000000000004,42112.492446899414,4700,1,0.30000000000000004,39184.80920410156,4700,1,0.30000000000000004,39778.20846557617,4700,1,0.30000000000000004,40524.741455078125,4700,1,0.30000000000000004,35600.42158508301,4700,1,0.30000000000000004,34178.09341430664,4700,1,0.30000000000000004,33648.089126586914,4700,1,0.30000000000000004,38288.41059875488,4700,1,0.30000000000000004,23632999.62863159,400,400,400,400,400,400,4691,400,400,400,4690,400,400,4690,400,400,400,400,4690,4690,400,4690,400,400,100,4.761904716491699,0,0,0,0,0,0,0,0,0,0,0,100,0,0,0,0,0,0,0,0,0,0,66480525312,2147479552,28532633600,0
99,1713877598231,101138.52774047852,4700,1,0.30000000000000004,35556.9249420166,4700,1,0.30000000000000004,92015.66046142578,4700,1,0.30000000000000004,40470.74003601074,4700,1,0.30000000000000004,42112.49592590332,4700,1,0.30000000000000004,39184.818359375,4700,1,0.30000000000000004,39778.31857299805,4700,1,0.30000000000000004,40524.745178222656,4700,1,0.30000000000000004,35600.42315673828,4700,1,0.30000000000000004,34178.09655761719,4700,1,0.30000000000000004,33648.548889160156,4700,1,0.30000000000000004,38288.41278076172,4700,1,0.30000000000000004,23633004.221359253,400,400,400,400,400,400,4691,400,400,400,4690,400,400,4690,400,400,400,400,4690,4690,400,4690,400,400,100,5,0,0,0,0,0,0,0,0,0,0,0,100,0,0,0,0,0,0,0,0,0,0,66480525312,2147479552,26195664896,0
99,1713877598331,101139.12518310547,4700,1,0.30000000000000004,35556.926513671875,4700,1,0.30000000000000004,92015.66293334961,4700,1,0.30000000000000004,40470.75619506836,4700,1,0.30000000000000004,42112.50003051758,4700,1,0.30000000000000004,39184.82145690918,4700,1,0.30000000000000004,39778.428787231445,4700,1,0.30000000000000004,40524.74833679199,4700,1,0.30000000000000004,35600.424728393555,4700,1,0.30000000000000004,34178.09963989258,4700,1,0.30000000000000004,33649.0076751709,4700,1,0.30000000000000004,38288.41484069824,4700,1,0.30000000000000004,23633008.796157837,400,400,400,400,400,400,4691,400,400,400,4690,400,400,4690,400,400,400,400,4690,4690,400,4690,400,400,100,5,0,0,0,0,0,0,0,0,0,0,0,100,0,0,0,0,0,0,0,0,0,0,66480525312,2147479552,23833563136,0
99,1713877598431,101139.72294616699,4700,1,0.30000000000000004,35556.92808532715,4700,1,0.30000000000000004,92015.66482543945,4700,1,0.30000000000000004,40470.7731628418,4700,1,0.30000000000000004,42112.50434875488,4700,1,0.30000000000000004,39184.82466125488,4700,1,0.30000000000000004,39778.53842163086,4700,1,0.30000000000000004,40524.75143432617,4700,1,0.30000000000000004,35600.42630004883,4700,1,0.30000000000000004,34178.10272216797,4700,1,0.30000000000000004,33649.46726989746,4700,1,0.30000000000000004,38288.417083740234,4700,1,0.30000000000000004,23633013.38783264,400,400,400,400,400,400,4691,400,400,400,4690,400,400,4690,400,400,400,400,4690,4690,400,4690,400,400,100,0,0,0,0,0,0,0,0,0,0,0,4.761904716491699,100,0,0,0,0,0,0,0,0,0,0,66480525312,2147479552,21449433088,0
99,1713877598531,101140.27990722656,4700,1,0.30000000000000004,35556.92970275879,4700,1,0.30000000000000004,92015.6678314209,4700,1,0.30000000000000004,40470.78482055664,4700,1,0.30000000000000004,42112.508544921875,4700,1,0.30000000000000004,39184.82775878906,4700,1,0.30000000000000004,39778.64848327637,4700,1,0.30000000000000004,40524.75453186035,4700,1,0.30000000000000004,35600.427993774414,4700,1,0.30000000000000004,34178.10606384277,4700,1,0.30000000000000004,33649.92654418945,4700,1,0.30000000000000004,38288.41963195801,4700,1,0.30000000000000004,23633018.003570557,400,400,400,400,400,400,4691,400,400,400,4690,400,400,4690,400,400,400,400,4690,4690,400,4690,400,400,100,0,0,0,0,0,0,0,0,0,0,0,4.761904716491699,100,0,0,0,0,0,0,0,0,0,0,66480525312,2147479552,20580638720,0
99,1713877598631,101140.7552947998,4700,1,0.30000000000000004,35556.93127441406,4700,1,0.30000000000000004,92015.66973876953,4700,1,0.30000000000000004,40470.800354003906,4700,1,0.30000000000000004,42112.51240539551,4700,1,0.30000000000000004,39184.83088684082,4700,1,0.30000000000000004,39778.75942993164,4700,1,0.30000000000000004,40524.758850097656,4700,1,0.30000000000000004,35600.4295501709,4700,1,0.30000000000000004,34178.10917663574,4700,1,0.30000000000000004,33650.38525390625,4700,1,0.30000000000000004,38288.42172241211,4700,1,0.30000000000000004,23633022.488845825,400,400,400,400,400,400,4691,400,400,400,4690,400,400,4690,400,400,400,400,4690,4690,400,4690,400,400,100,4.761904716491699,0,0,0,0,0,0,0,0,0,0,0,100,0,0,0,0,0,0,0,0,0,0,66480525312,2147479552,20782948352,0
99,1713877598731,101141.22979736328,4700,1,0.30000000000000004,35556.93290710449,4700,1,0.30000000000000004,92015.67227172852,4700,1,0.30000000000000004,40470.81848144531,4700,1,0.30000000000000004,42112.51582336426,4700,1,0.30000000000000004,39184.83399963379,4700,1,0.30000000000000004,39778.87055969238,4700,1,0.30000000000000004,40524.76200866699,4700,1,0.30000000000000004,35600.43112182617,4700,1,0.30000000000000004,34178.112228393555,4700,1,0.30000000000000004,33650.839263916016,4700,1,0.30000000000000004,38288.423751831055,4700,1,0.30000000000000004,23633026.880096436,400,400,400,400,400,400,4691,400,400,400,4690,400,400,4690,400,400,400,400,4690,4690,400,4690,400,400,100,4.761904716491699,0,0,0,0,0,0,0,0,0,0,0,100,0,0,0,0,0,0,0,0,0,0,66480525312,2147479552,20985430016,0
99,1713877598831,101141.70474243164,4700,1,0.30000000000000004,35556.93452453613,4700,1,0.30000000000000004,92015.67427062988,4700,1,0.30000000000000004,40470.83494567871,4700,1,0.30000000000000004,42112.51989746094,4700,1,0.30000000000000004,39184.83924865723,4700,1,0.30000000000000004,39778.981674194336,4700,1,0.30000000000000004,40524.76518249512,4700,1,0.30000000000000004,35600.43276977539,4700,1,0.30000000000000004,34178.115310668945,4700,1,0.30000000000000004,33651.298095703125,4700,1,0.30000000000000004,38288.42771911621,4700,1,0.30000000000000004,23633031.339675903,400,400,400,400,400,400,4691,400,400,400,4690,400,400,4690,400,400,400,400,4690,4690,400,4690,400,400,100,5,0,0,0,0,0,0,0,0,0,0,0,100,0,0,0,0,0,0,0,0,0,0,66480525312,2147479552,21189287936,0
99,1713877598931,101142.18656921387,4700,1,0.30000000000000004,35556.93615722656,4700,1,0.30000000000000004,92015.67617797852,4700,1,0.30000000000000004,40470.84851074219,4700,1,0.30000000000000004,42112.52331542969,4700,1,0.30000000000000004,39184.84716796875,4700,1,0.30000000000000004,39779.09260559082,4700,1,0.30000000000000004,40524.76840209961,4700,1,0.30000000000000004,35600.434341430664,4700,1,0.30000000000000004,34178.11860656738,4700,1,0.30000000000000004,33651.756759643555,4700,1,0.30000000000000004,38288.42938232422,4700,1,0.30000000000000004,23633035.765472412,400,400,400,400,400,400,4691,400,400,400,4690,400,400,4690,400,400,400,400,4690,4690,400,4690,400,400,100,5,0,0,0,0,0,0,0,0,0,0,0,100,0,0,0,0,0,0,0,0,0,0,66480525312,2147479552,21397790720,0
99,1713877599031,101142.66905212402,4700,1,0.30000000000000004,35556.937728881836,4700,1,0.30000000000000004,92015.67855834961,4700,1,0.30000000000000004,40470.863372802734,4700,1,0.30000000000000004,42112.52648925781,4700,1,0.30000000000000004,39184.850341796875,4700,1,0.30000000000000004,39779.20486450195,4700,1,0.30000000000000004,40524.77159118652,4700,1,0.30000000000000004,35600.43800354004,4700,1,0.30000000000000004,34178.121994018555,4700,1,0.30000000000000004,33652.214294433594,4700,1,0.30000000000000004,38288.431076049805,4700,1,0.30000000000000004,23633040.227890015,400,400,400,400,400,400,4691,400,400,400,4690,400,400,4690,400,400,400,400,4690,4690,400,4690,400,400,100,0,0,0,0,0,0,0,0,0,0,0,0,9.523809432983398,0,0,0,0,0,0,0,0,95,0,66480525312,2147479552,21607325696,0
99,1713877599131,101143.1519165039,4700,1,0.30000000000000004,35556.93930053711,4700,1,0.30000000000000004,92015.68043518066,4700,1,0.30000000000000004,40470.88279724121,4700,1,0.30000000000000004,42112.52958679199,4700,1,0.30000000000000004,39184.853439331055,4700,1,0.30000000000000004,39779.31889343262,4700,1,0.30000000000000004,40524.7746887207,4700,1,0.30000000000000004,35600.43965148926,4700,1,0.30000000000000004,34178.12634277344,4700,1,0.30000000000000004,33652.671813964844,4700,1,0.30000000000000004,38288.43264770508,4700,1,0.30000000000000004,23633044.667114258,400,400,400,400,400,400,4691,400,400,400,4690,400,400,4690,400,400,400,400,4690,4690,400,4690,400,400,100,0,0,0,0,0,0,0,0,0,0,0,0,9.523809432983398,0,0,0,0,0,0,0,0,95,0,66480525312,2147479552,21816344576,0
99,1713877599231,101143.62985229492,4700,1,0.30000000000000004,35556.94094848633,4700,1,0.30000000000000004,92015.68266296387,4700,1,0.30000000000000004,40470.89567565918,4700,1,0.30000000000000004,42112.53271484375,4700,1,0.30000000000000004,39184.85656738281,4700,1,0.30000000000000004,39779.431884765625,4700,1,0.30000000000000004,40524.77793884277,4700,1,0.30000000000000004,35600.44316101074,4700,1,0.30000000000000004,34178.12953186035,4700,1,0.30000000000000004,33653.12942504883,4700,1,0.30000000000000004,38288.43421936035,4700,1,0.30000000000000004,23633049.10675049,400,400,400,400,400,400,4691,400,400,400,4690,400,400,4690,400,400,400,400,4690,4690,400,4690,400,400,100,0,0,0,0,0,0,0,0,0,0,0,0,0,0,0,0,0,0,0,0,0,100,0,66480525312,2147479552,22025879552,0
99,1713877599331,101144.11334228516,4700,1,0.30000000000000004,35556.9425201416,4700,1,0.30000000000000004,92015.68461608887,4700,1,0.30000000000000004,40470.913162231445,4700,1,0.30000000000000004,42112.53601074219,4700,1,0.30000000000000004,39184.85966491699,4700,1,0.30000000000000004,39779.543685913086,4700,1,0.30000000000000004,40524.781005859375,4700,1,0.30000000000000004,35600.44471740723,4700,1,0.30000000000000004,34178.132583618164,4700,1,0.30000000000000004,33653.582611083984,4700,1,0.30000000000000004,38288.435791015625,4700,1,0.30000000000000004,23633053.55429077,400,400,400,400,400,400,4691,400,400,400,4690,400,400,4690,400,400,400,400,4690,4690,400,4690,400,400,100,0,0,0,0,0,0,0,0,0,0,0,0,0,0,0,0,0,0,0,0,0,100,0,66480525312,2147479552,22235414528,0
99,1713877599431,101144.59252929688,4700,1,0.30000000000000004,35556.944076538086,4700,1,0.30000000000000004,92015.68655395508,4700,1,0.30000000000000004,40470.92723083496,4700,1,0.30000000000000004,42112.53910827637,4700,1,0.30000000000000004,39184.86280822754,4700,1,0.30000000000000004,39779.656646728516,4700,1,0.30000000000000004,40524.784118652344,4700,1,0.30000000000000004,35600.447036743164,4700,1,0.30000000000000004,34178.13766479492,4700,1,0.30000000000000004,33654.04016113281,4700,1,0.30000000000000004,38288.43923950195,4700,1,0.30000000000000004,23633057.947860718,400,400,400,400,400,400,4691,400,400,400,4690,400,400,4690,400,400,400,400,4690,4690,400,4690,400,400,100,0,0,0,0,0,0,0,0,0,0,0,0,0,0,0,0,0,0,0,0,0,100,0,66480525312,2147479552,22443401216,0
99,1713877599531,101145.06962585449,4700,1,0.30000000000000004,35556.94569396973,4700,1,0.30000000000000004,92015.68894958496,4700,1,0.30000000000000004,40470.94340515137,4700,1,0.30000000000000004,42112.54220581055,4700,1,0.30000000000000004,39184.86590576172,4700,1,0.30000000000000004,39779.76890563965,4700,1,0.30000000000000004,40524.78749084473,4700,1,0.30000000000000004,35600.44860839844,4700,1,0.30000000000000004,34178.14091491699,4700,1,0.30000000000000004,33654.49807739258,4700,1,0.30000000000000004,38288.44087219238,4700,1,0.30000000000000004,23633062.382339478,400,400,400,400,400,400,4691,400,400,400,4690,400,400,4690,400,400,400,400,4690,4690,400,4690,400,400,100,0,0,0,0,0,0,0,0,0,0,0,0,0,0,0,0,0,0,0,0,0,100,0,66480525312,2147479552,22649323520,0
99,1713877599632,101145.54838562012,4700,1,0.30000000000000004,35556.947265625,4700,1,0.30000000000000004,92015.6909942627,4700,1,0.30000000000000004,40470.95909118652,4700,1,0.30000000000000004,42112.54530334473,4700,1,0.30000000000000004,39184.8797454834,4700,1,0.30000000000000004,39779.88235473633,4700,1,0.30000000000000004,40524.791076660156,4700,1,0.30000000000000004,35600.45164489746,4700,1,0.30000000000000004,34178.14408874512,4700,1,0.30000000000000004,33654.95594787598,4700,1,0.30000000000000004,38288.44255065918,4700,1,0.30000000000000004,23633066.83746338,400,400,400,400,400,400,4691,400,400,400,4690,400,400,4690,400,400,400,400,4690,4690,400,4690,400,400,100,0,0,0,0,0,0,0,4.761904716491699,0,0,0,0,0,0,0,0,0,0,0,0,0,100,0,66480525312,2147479552,22856794112,0
99,1713877599732,101146.03193664551,4700,1,0.30000000000000004,35556.94891357422,4700,1,0.30000000000000004,92015.69337463379,4700,1,0.30000000000000004,40470.971603393555,4700,1,0.30000000000000004,42112.548400878906,4700,1,0.30000000000000004,39184.88284301758,4700,1,0.30000000000000004,39779.99549865723,4700,1,0.30000000000000004,40524.7946472168,4700,1,0.30000000000000004,35600.45327758789,4700,1,0.30000000000000004,34178.14717102051,4700,1,0.30000000000000004,33655.413665771484,4700,1,0.30000000000000004,38288.44412231445,4700,1,0.30000000000000004,23633071.27381897,400,400,400,400,400,400,4691,400,400,400,4690,400,400,4690,400,400,400,400,4690,4690,400,4690,400,400,100,0,0,0,0,0,0,0,4.761904716491699,0,0,0,0,0,0,0,0,0,0,0,0,0,100,0,66480525312,2147479552,23068135424,0
99,1713877599832,101146.51565551758,4700,1,0.30000000000000004,35556.95048522949,4700,1,0.30000000000000004,92015.69561767578,4700,1,0.30000000000000004,40470.99003601074,4700,1,0.30000000000000004,42112.551498413086,4700,1,0.30000000000000004,39184.88594055176,4700,1,0.30000000000000004,39780.10852050781,4700,1,0.30000000000000004,40524.800552368164,4700,1,0.30000000000000004,35600.45509338379,4700,1,0.30000000000000004,34178.1502532959,4700,1,0.30000000000000004,33655.871658325195,4700,1,0.30000000000000004,38288.44569396973,4700,1,0.30000000000000004,23633075.705856323,400,400,400,400,400,400,4691,400,400,400,4690,400,400,4690,400,400,400,400,4690,4690,400,4690,400,400,100,0,0,0,0,0,0,0,0,0,0,0,0,0,0,0,0,0,0,0,0,0,100,0,66480525312,2147479552,23278702592,0
99,1713877599932,101146.99485778809,4700,1,0.30000000000000004,35556.95210266113,4700,1,0.30000000000000004,92015.69770812988,4700,1,0.30000000000000004,40471.002853393555,4700,1,0.30000000000000004,42112.55465698242,4700,1,0.30000000000000004,39184.920013427734,4700,1,0.30000000000000004,39780.19773864746,4700,1,0.30000000000000004,40524.80404663086,4700,1,0.30000000000000004,35600.45666503906,4700,1,0.30000000000000004,34178.153396606445,4700,1,0.30000000000000004,33656.32945251465,4700,1,0.30000000000000004,38288.449157714844,4700,1,0.30000000000000004,23633080.17399597,400,400,400,400,400,400,4691,400,400,400,4690,400,400,4690,400,400,400,400,4690,4690,400,4690,400,400,100,0,0,0,0,0,0,0,0,0,0,0,0,0,0,0,0,0,0,0,0,0,100,0,66480525312,2147479552,23488753664,0
99,1713877600032,101147.47863769531,4700,1,0.30000000000000004,35556.953674316406,4700,1,0.30000000000000004,92015.70027160645,4700,1,0.30000000000000004,40471.01998901367,4700,1,0.30000000000000004,42112.557846069336,4700,1,0.30000000000000004,39185.030822753906,4700,1,0.30000000000000004,39780.20083618164,4700,1,0.30000000000000004,40524.80763244629,4700,1,0.30000000000000004,35600.45964050293,4700,1,0.30000000000000004,34178.15644836426,4700,1,0.30000000000000004,33656.78749084473,4700,1,0.30000000000000004,38288.45080566406,4700,1,0.30000000000000004,23633084.612060547,400,400,400,400,400,400,4691,400,400,400,4690,400,400,4690,400,400,400,400,4690,4690,400,4690,400,400,100,0,0,0,0,0,0,0,0,0,0,0,0,0,0,0,0,0,0,0,0,0,100,0,66480525312,2147479552,23699320832,0
99,1713877600132,101147.96244812012,4700,1,0.30000000000000004,35556.95523071289,4700,1,0.30000000000000004,92015.70210266113,4700,1,0.30000000000000004,40471.03648376465,4700,1,0.30000000000000004,42112.560943603516,4700,1,0.30000000000000004,39185.142501831055,4700,1,0.30000000000000004,39780.20407104492,4700,1,0.30000000000000004,40524.811126708984,4700,1,0.30000000000000004,35600.4612121582,4700,1,0.30000000000000004,34178.16011047363,4700,1,0.30000000000000004,33657.240158081055,4700,1,0.30000000000000004,38288.45236206055,4700,1,0.30000000000000004,23633089.000701904,400,400,400,400,400,400,4691,400,400,400,4690,400,400,4690,400,400,400,400,4690,4690,400,4690,400,400,100,0,0,0,0,0,0,0,0,0,0,0,0,0,0,0,0,0,0,0,0,0,100,0,66480525312,2147479552,23910404096,0
99,1713877600232,101148.44538879395,4700,1,0.30000000000000004,35556.95681762695,4700,1,0.30000000000000004,92015.70428466797,4700,1,0.30000000000000004,40471.05224609375,4700,1,0.30000000000000004,42112.56410217285,4700,1,0.30000000000000004,39185.25450134277,4700,1,0.30000000000000004,39780.2071685791,4700,1,0.30000000000000004,40524.81623840332,4700,1,0.30000000000000004,35600.46401977539,4700,1,0.30000000000000004,34178.16325378418,4700,1,0.30000000000000004,33657.698165893555,4700,1,0.30000000000000004,38288.45394897461,4700,1,0.30000000000000004,23633093.434661865,400,400,400,400,400,400,4691,400,400,400,4690,400,400,4690,400,400,400,400,4690,4690,400,4690,400,400,100,0,0,0,0,0,0,0,0,0,0,0,0,0,0,0,0,0,0,0,0,0,100,0,66480525312,2147479552,24120971264,0
99,1713877600332,101148.92831420898,4700,1,0.30000000000000004,35556.95838928223,4700,1,0.30000000000000004,92015.70617675781,4700,1,0.30000000000000004,40471.06758117676,4700,1,0.30000000000000004,42112.56929016113,4700,1,0.30000000000000004,39185.36560058594,4700,1,0.30000000000000004,39780.21026611328,4700,1,0.30000000000000004,40524.81953430176,4700,1,0.30000000000000004,35600.465591430664,4700,1,0.30000000000000004,34178.16633605957,4700,1,0.30000000000000004,33658.15612792969,4700,1,0.30000000000000004,38288.45600891113,4700,1,0.30000000000000004,23633097.877807617,400,400,400,400,400,400,4691,400,400,400,4690,400,400,4690,400,400,400,400,4690,4690,400,4690,400,400,100,0,0,0,0,0,0,0,0,0,0,0,0,0,0,0,0,0,0,0,0,0,100,0,66480525312,2147479552,24331022336,0
99,1713877600432,101149.40829467773,4700,1,0.30000000000000004,35556.9599609375,4700,1,0.30000000000000004,92015.70817565918,4700,1,0.30000000000000004,40471.08218383789,4700,1,0.30000000000000004,42112.57238769531,4700,1,0.30000000000000004,39185.47702026367,4700,1,0.30000000000000004,39780.21336364746,4700,1,0.30000000000000004,40524.8229675293,4700,1,0.30000000000000004,35600.46824645996,4700,1,0.30000000000000004,34178.16941833496,4700,1,0.30000000000000004,33658.61323547363,4700,1,0.30000000000000004,38288.45762634277,4700,1,0.30000000000000004,23633102.307357788,400,400,400,400,400,400,4691,400,400,400,4690,400,400,4690,400,400,400,400,4690,4690,400,4690,400,400,100,0,0,0,0,0,0,0,0,0,0,0,0,0,0,0,0,0,0,0,0,0,100,0,66480525312,2147479552,24539009024,0
99,1713877600532,101149.8861541748,4700,1,0.30000000000000004,35556.96157836914,4700,1,0.30000000000000004,92015.7103729248,4700,1,0.30000000000000004,40471.10063171387,4700,1,0.30000000000000004,42112.57800292969,4700,1,0.30000000000000004,39185.58850097656,4700,1,0.30000000000000004,39780.21646118164,4700,1,0.30000000000000004,40524.82647705078,4700,1,0.30000000000000004,35600.469818115234,4700,1,0.30000000000000004,34178.17361450195,4700,1,0.30000000000000004,33659.0711517334,4700,1,0.30000000000000004,38288.45930480957,4700,1,0.30000000000000004,23633106.74043274,400,400,400,400,400,400,4691,400,400,400,4690,400,400,4690,400,400,400,400,4690,4690,400,4690,400,400,100,0,0,0,0,0,0,0,0,0,0,0,0,0,0,0,0,0,0,0,0,0,100,0,66480525312,2147479552,24746479616,0
99,1713877600632,101150.35913085938,4700,1,0.30000000000000004,35556.963150024414,4700,1,0.30000000000000004,92015.71223449707,4700,1,0.30000000000000004,40471.113037109375,4700,1,0.30000000000000004,42112.58106994629,4700,1,0.30000000000000004,39185.70001220703,4700,1,0.30000000000000004,39780.21968078613,4700,1,0.30000000000000004,40524.831604003906,4700,1,0.30000000000000004,35600.47285461426,4700,1,0.30000000000000004,34178.1767578125,4700,1,0.30000000000000004,33659.5285949707,4700,1,0.30000000000000004,38288.460876464844,4700,1,0.30000000000000004,23633111.16404724,400,400,400,400,400,400,4691,400,400,400,4690,400,400,4690,400,400,400,400,4690,4690,400,4690,400,400,100,0,0,0,0,0,0,0,0,0,0,0,0,0,0,0,0,0,0,0,0,0,100,0,66480525312,2147479552,24953692160,0
99,1713877600732,101150.84216308594,4700,1,0.30000000000000004,35556.96484375,4700,1,0.30000000000000004,92015.71447753906,4700,1,0.30000000000000004,40471.12957763672,4700,1,0.30000000000000004,42112.58416748047,4700,1,0.30000000000000004,39185.74722290039,4700,1,0.30000000000000004,39780.22283935547,4700,1,0.30000000000000004,40524.83512878418,4700,1,0.30000000000000004,35600.47442626953,4700,1,0.30000000000000004,34178.17980957031,4700,1,0.30000000000000004,33659.98210144043,4700,1,0.30000000000000004,38288.46244812012,4700,1,0.30000000000000004,23633115.573028564,400,400,400,400,400,400,4691,400,400,400,4690,400,400,4690,400,400,400,400,4690,4690,400,4690,400,400,100,0,0,0,0,0,0,0,0,0,0,0,0,0,0,0,0,0,0,0,0,0,100,0,66480525312,2147479552,25164001280,0
99,1713877600832,101151.32553100586,4700,1,0.30000000000000004,35556.966400146484,4700,1,0.30000000000000004,92015.71627807617,4700,1,0.30000000000000004,40471.146240234375,4700,1,0.30000000000000004,42112.58726501465,4700,1,0.30000000000000004,39185.8268737793,4700,1,0.30000000000000004,39780.22593688965,4700,1,0.30000000000000004,40524.83854675293,4700,1,0.30000000000000004,35600.476989746094,4700,1,0.30000000000000004,34178.1828918457,4700,1,0.30000000000000004,33660.440017700195,4700,1,0.30000000000000004,38288.46597290039,4700,1,0.30000000000000004,23633119.94958496,400,400,400,400,400,400,4691,400,400,400,4690,400,400,4690,400,400,400,400,4690,4690,400,4690,400,400,100,0,0,0,0,0,0,5,0,0,0,0,0,0,0,0,0,0,0,0,0,0,100,0,66480525312,2147479552,25374568448,0
99,1713877600932,101151.80882263184,4700,1,0.30000000000000004,35556.96810913086,4700,1,0.30000000000000004,92015.71809387207,4700,1,0.30000000000000004,40471.15951538086,4700,1,0.30000000000000004,42112.59049987793,4700,1,0.30000000000000004,39185.93827819824,4700,1,0.30000000000000004,39780.23231506348,4700,1,0.30000000000000004,40524.8420715332,4700,1,0.30000000000000004,35600.478607177734,4700,1,0.30000000000000004,34178.18598937988,4700,1,0.30000000000000004,33660.898040771484,4700,1,0.30000000000000004,38288.467681884766,4700,1,0.30000000000000004,23633124.405548096,400,400,400,400,400,400,4691,400,400,400,4690,400,400,4690,400,400,400,400,4690,4690,400,4690,400,400,100,0,0,0,0,0,0,5,0,0,0,0,0,0,0,0,0,0,0,0,0,0,100,0,66480525312,2147479552,25585651712,0
99,1713877601032,101152.29182434082,4700,1,0.30000000000000004,35556.96968078613,4700,1,0.30000000000000004,92015.72039794922,4700,1,0.30000000000000004,40471.17463684082,4700,1,0.30000000000000004,42112.593658447266,4700,1,0.30000000000000004,39186.04838562012,4700,1,0.30000000000000004,39780.235412597656,4700,1,0.30000000000000004,40524.845764160156,4700,1,0.30000000000000004,35600.48109436035,4700,1,0.30000000000000004,34178.18907165527,4700,1,0.30000000000000004,33661.356033325195,4700,1,0.30000000000000004,38288.46939086914,4700,1,0.30000000000000004,23633128.858032227,400,400,400,400,400,400,4691,400,400,400,4690,400,400,4690,400,400,400,400,4690,4690,400,4690,400,400,100,0,0,0,0,0,0,0,0,0,0,0,0,0,0,0,0,0,0,0,0,0,100,0,66480525312,2147479552,25796218880,0
99,1713877601132,101152.77503967285,4700,1,0.30000000000000004,35556.971252441406,4700,1,0.30000000000000004,92015.72229003906,4700,1,0.30000000000000004,40471.189392089844,4700,1,0.30000000000000004,42112.596755981445,4700,1,0.30000000000000004,39186.15882873535,4700,1,0.30000000000000004,39780.23863220215,4700,1,0.30000000000000004,40524.849060058594,4700,1,0.30000000000000004,35600.482666015625,4700,1,0.30000000000000004,34178.19274902344,4700,1,0.30000000000000004,33661.814025878906,4700,1,0.30000000000000004,38288.470962524414,4700,1,0.30000000000000004,23633133.308135986,400,400,400,400,400,400,4691,400,400,400,4690,400,400,4690,400,400,400,400,4690,4690,400,4690,400,400,100,0,0,0,0,0,0,0,0,0,0,0,0,0,0,0,0,0,0,0,0,0,100,0,66480525312,2147479552,26006786048,0
99,1713877601232,101153.25752258301,4700,1,0.30000000000000004,35556.97428894043,4700,1,0.30000000000000004,92015.73217773438,4700,1,0.30000000000000004,40471.207427978516,4700,1,0.30000000000000004,42112.60144042969,4700,1,0.30000000000000004,39186.271240234375,4700,1,0.30000000000000004,39780.24282836914,4700,1,0.30000000000000004,40524.853286743164,4700,1,0.30000000000000004,35600.4944152832,4700,1,0.30000000000000004,34178.1962890625,4700,1,0.30000000000000004,33662.27207946777,4700,1,0.30000000000000004,38288.47265625,4700,1,0.30000000000000004,23633137.796524048,400,400,400,400,400,400,4691,400,400,400,4690,400,400,4690,400,400,400,400,4690,4690,400,4690,400,400,100,0,0,0,0,0,0,0,0,0,0,0,0,0,0,0,0,0,0,0,0,0,100,0,66480525312,2147479552,26216837120,0
99,1713877601332,101153.73529052734,4700,1,0.30000000000000004,35556.976501464844,4700,1,0.30000000000000004,92015.73400878906,4700,1,0.30000000000000004,40471.21794128418,4700,1,0.30000000000000004,42112.60459899902,4700,1,0.30000000000000004,39186.380920410156,4700,1,0.30000000000000004,39780.24589538574,4700,1,0.30000000000000004,40524.85679626465,4700,1,0.30000000000000004,35600.49688720703,4700,1,0.30000000000000004,34178.19937133789,4700,1,0.30000000000000004,33662.72970581055,4700,1,0.30000000000000004,38288.47422790527,4700,1,0.30000000000000004,23633142.245559692,400,400,400,400,400,400,4691,400,400,400,4690,400,400,4690,400,400,400,400,4690,4690,400,4690,400,400,100,0,0,0,0,0,0,0,0,0,0,0,0,0,0,0,0,0,0,0,0,0,100,0,66480525312,2147479552,26426888192,0
99,1713877601432,101154.2162475586,4700,1,0.30000000000000004,35556.97814941406,4700,1,0.30000000000000004,92015.73614501953,4700,1,0.30000000000000004,40471.23448181152,4700,1,0.30000000000000004,42112.6076965332,4700,1,0.30000000000000004,39186.490478515625,4700,1,0.30000000000000004,39780.24899291992,4700,1,0.30000000000000004,40524.86018371582,4700,1,0.30000000000000004,35600.49923706055,4700,1,0.30000000000000004,34178.20445251465,4700,1,0.30000000000000004,33663.18717956543,4700,1,0.30000000000000004,38288.47587585449,4700,1,0.30000000000000004,23633146.650299072,400,400,400,400,400,400,4691,400,400,400,4690,400,400,4690,400,400,400,400,4690,4690,400,4690,400,400,100,0,0,0,0,0,0,0,0,0,0,0,0,0,0,0,0,0,0,0,0,0,100,0,66480525312,2147479552,26636939264,0
99,1713877601533,101154.69416809082,4700,1,0.30000000000000004,35556.979751586914,4700,1,0.30000000000000004,92015.73828125,4700,1,0.30000000000000004,40471.250579833984,4700,1,0.30000000000000004,42112.61079406738,4700,1,0.30000000000000004,39186.600036621094,4700,1,0.30000000000000004,39780.25518798828,4700,1,0.30000000000000004,40524.8635559082,4700,1,0.30000000000000004,35600.50080871582,4700,1,0.30000000000000004,34178.20770263672,4700,1,0.30000000000000004,33663.64082336426,4700,1,0.30000000000000004,38288.477478027344,4700,1,0.30000000000000004,23633151.01512146,400,400,400,400,400,400,4691,400,400,400,4690,400,400,4690,400,400,400,400,4690,4690,400,4690,400,400,100,0,0,0,0,0,0,0,0,0,0,0,0,0,0,0,0,0,0,0,0,0,100,0,66480525312,2147479552,26843893760,0
99,1713877601633,101155.17189025879,4700,1,0.30000000000000004,35556.981369018555,4700,1,0.30000000000000004,92015.74021911621,4700,1,0.30000000000000004,40471.266342163086,4700,1,0.30000000000000004,42112.61389160156,4700,1,0.30000000000000004,39186.7120513916,4700,1,0.30000000000000004,39780.25845336914,4700,1,0.30000000000000004,40524.86688232422,4700,1,0.30000000000000004,35600.5030670166,4700,1,0.30000000000000004,34178.210845947266,4700,1,0.30000000000000004,33664.09846496582,4700,1,0.30000000000000004,38288.47914123535,4700,1,0.30000000000000004,23633155.45503235,400,400,400,400,400,400,4691,400,400,400,4690,400,400,4690,400,400,400,400,4690,4690,400,4690,400,400,100,0,0,0,0,0,0,0,0,0,0,0,0,0,0,0,0,0,0,0,0,0,100,0,66480525312,2147479552,27050848256,0
99,1713877601733,101155.6561126709,4700,1,0.30000000000000004,35556.998474121094,4700,1,0.30000000000000004,92015.75985717773,4700,1,0.30000000000000004,40471.31086730957,4700,1,0.30000000000000004,42112.64289855957,4700,1,0.30000000000000004,39186.830505371094,4700,1,0.30000000000000004,39780.30838012695,4700,1,0.30000000000000004,40524.90036010742,4700,1,0.30000000000000004,35600.518981933594,4700,1,0.30000000000000004,34178.239669799805,4700,1,0.30000000000000004,33664.558044433594,4700,1,0.30000000000000004,38288.49905395508,4700,1,0.30000000000000004,23633160.181015015,400,400,400,400,400,400,4691,400,400,400,4690,400,400,4690,400,400,400,400,4690,4690,400,4690,400,400,100,0,0,0,0,0,0,0,0,0,0,0,0,0,0,0,0,0,0,0,0,0,100,0,66480525312,2147479552,27261145088,0
99,1713877601833,101156.13832092285,4700,1,0.30000000000000004,35557.001052856445,4700,1,0.30000000000000004,92015.76834106445,4700,1,0.30000000000000004,40471.32551574707,4700,1,0.30000000000000004,42112.64613342285,4700,1,0.30000000000000004,39186.901443481445,4700,1,0.30000000000000004,39780.31147766113,4700,1,0.30000000000000004,40524.90409851074,4700,1,0.30000000000000004,35600.52719116211,4700,1,0.30000000000000004,34178.25900268555,4700,1,0.30000000000000004,33664.846252441406,4700,1,0.30000000000000004,38288.52000427246,4700,1,0.30000000000000004,23633164.40309143,400,400,400,400,400,400,4691,400,400,400,4690,400,400,4690,400,400,400,400,4690,4690,400,4690,400,400,100,0,0,0,0,4.761904716491699,0,0,0,0,0,0,0,0,0,0,0,0,0,0,0,0,80,0,66480525312,2147479552,27463372800,0
99,1713877601933,101156.62321472168,4700,1,0.30000000000000004,35557.0036315918,4700,1,0.30000000000000004,92015.77114868164,4700,1,0.30000000000000004,40471.34364318848,4700,1,0.30000000000000004,42112.649322509766,4700,1,0.30000000000000004,39186.90475463867,4700,1,0.30000000000000004,39780.314849853516,4700,1,0.30000000000000004,40524.90768432617,4700,1,0.30000000000000004,35600.52998352051,4700,1,0.30000000000000004,34178.261322021484,4700,1,0.30000000000000004,33664.84819030762,4700,1,0.30000000000000004,38288.52470397949,4700,1,0.30000000000000004,23633168.101974487,400,400,400,400,400,400,4691,400,400,400,4690,400,400,4690,400,400,400,400,4690,4690,400,4690,400,400,100,0,0,0,0,4.761904716491699,0,0,0,0,0,0,0,0,0,0,0,0,0,0,0,0,80,0,66480525312,2147479552,27673939968,0
99,1713877602033,101157.10250854492,4700,1,0.30000000000000004,35557.00552368164,4700,1,0.30000000000000004,92015.77363586426,4700,1,0.30000000000000004,40471.35557556152,4700,1,0.30000000000000004,42112.65254211426,4700,1,0.30000000000000004,39186.90922546387,4700,1,0.30000000000000004,39780.319580078125,4700,1,0.30000000000000004,40524.91276550293,4700,1,0.30000000000000004,35600.532165527344,4700,1,0.30000000000000004,34178.26400756836,4700,1,0.30000000000000004,33664.84989929199,4700,1,0.30000000000000004,38288.52667236328,4700,1,0.30000000000000004,23633171.83074951,400,400,400,400,400,400,4691,400,400,400,4690,400,400,4690,400,400,400,400,4690,4690,400,4690,400,400,100,0,0,0,0,4.761904716491699,0,0,0,0,0,0,0,0,0,0,0,0,0,0,0,0,0,0,66480525312,2147479552,27884507136,0
99,1713877602133,101157.58688354492,4700,1,0.30000000000000004,35557.007415771484,4700,1,0.30000000000000004,92015.77577209473,4700,1,0.30000000000000004,40471.36978149414,4700,1,0.30000000000000004,42112.655670166016,4700,1,0.30000000000000004,39186.912368774414,4700,1,0.30000000000000004,39780.32417297363,4700,1,0.30000000000000004,40524.916107177734,4700,1,0.30000000000000004,35600.53433227539,4700,1,0.30000000000000004,34178.26582336426,4700,1,0.30000000000000004,33664.85154724121,4700,1,0.30000000000000004,38288.52862548828,4700,1,0.30000000000000004,23633175.494903564,400,400,400,400,400,400,4691,400,400,400,4690,400,400,4690,400,400,400,400,4690,4690,400,4690,400,400,100,0,0,0,0,4.761904716491699,0,0,0,0,0,0,0,0,0,0,0,0,0,0,0,0,0,0,66480525312,2147479552,28095074304,0
99,1713877602233,101158.07133483887,4700,1,0.30000000000000004,35557.00938415527,4700,1,0.30000000000000004,92015.77806091309,4700,1,0.30000000000000004,40471.38555908203,4700,1,0.30000000000000004,42112.65882873535,4700,1,0.30000000000000004,39186.91552734375,4700,1,0.30000000000000004,39780.3272857666,4700,1,0.30000000000000004,40524.92008972168,4700,1,0.30000000000000004,35600.53642272949,4700,1,0.30000000000000004,34178.27508544922,4700,1,0.30000000000000004,33664.853118896484,4700,1,0.30000000000000004,38288.53448486328,4700,1,0.30000000000000004,23633179.245162964,400,400,400,400,400,400,4691,400,400,400,4690,400,400,4690,400,400,400,400,4690,4690,400,4690,400,400,100,0,0,0,0,0,0,0,0,0,0,0,0,0,0,0,0,0,0,0,0,0,0,0,66480525312,2147479552,28305125376,0
99,1713877602333,101158.5556640625,4700,1,0.30000000000000004,35557.01107788086,4700,1,0.30000000000000004,92015.77989196777,4700,1,0.30000000000000004,40471.39854431152,4700,1,0.30000000000000004,42112.66273498535,4700,1,0.30000000000000004,39186.91862487793,4700,1,0.30000000000000004,39780.33038330078,4700,1,0.30000000000000004,40524.92332458496,4700,1,0.30000000000000004,35600.538330078125,4700,1,0.30000000000000004,34178.27670288086,4700,1,0.30000000000000004,33664.85470581055,4700,1,0.30000000000000004,38288.536209106445,4700,1,0.30000000000000004,23633182.927261353,400,400,400,400,400,400,4691,400,400,400,4690,400,400,4690,400,400,400,400,4690,4690,400,4690,400,400,100,0,0,0,0,0,0,0,0,0,0,0,0,0,0,0,0,0,0,0,0,0,0,0,66480525312,2147479552,28515692544,0
99,1713877602433,101159.03987121582,4700,1,0.30000000000000004,35557.01272583008,4700,1,0.30000000000000004,92015.78173828125,4700,1,0.30000000000000004,40471.413009643555,4700,1,0.30000000000000004,42112.66583251953,4700,1,0.30000000000000004,39186.92176818848,4700,1,0.30000000000000004,39780.33348083496,4700,1,0.30000000000000004,40524.92665100098,4700,1,0.30000000000000004,35600.54081726074,4700,1,0.30000000000000004,34178.27827453613,4700,1,0.30000000000000004,33664.85627746582,4700,1,0.30000000000000004,38288.5399017334,4700,1,0.30000000000000004,23633186.637176514,400,400,400,400,400,400,4691,400,400,400,4690,400,400,4690,400,400,400,400,4690,4690,400,4690,400,400,100,0,0,0,0,0,0,0,0,0,0,0,0,0,0,0,0,0,0,0,0,0,0,0,66480525312,2147479552,28725743616,0
99,1713877602533,101159.52435302734,4700,1,0.30000000000000004,35557.01443481445,4700,1,0.30000000000000004,92015.78387451172,4700,1,0.30000000000000004,40471.424560546875,4700,1,0.30000000000000004,42112.67141723633,4700,1,0.30000000000000004,39186.924865722656,4700,1,0.30000000000000004,39780.33657836914,4700,1,0.30000000000000004,40524.93002319336,4700,1,0.30000000000000004,35600.5426940918,4700,1,0.30000000000000004,34178.280044555664,4700,1,0.30000000000000004,33664.857849121094,4700,1,0.30000000000000004,38288.54161071777,4700,1,0.30000000000000004,23633190.302719116,400,400,400,400,400,400,4691,400,400,400,4690,400,400,4690,400,400,400,400,4690,4690,400,4690,400,400,100,0,0,0,0,0,0,0,0,0,0,0,0,0,0,0,0,0,0,0,0,0,0,0,66480525312,2147479552,28936310784,0
99,1713877602633,101160.00875854492,4700,1,0.30000000000000004,35557.01655578613,4700,1,0.30000000000000004,92015.78573608398,4700,1,0.30000000000000004,40471.45031738281,4700,1,0.30000000000000004,42112.67510986328,4700,1,0.30000000000000004,39186.928283691406,4700,1,0.30000000000000004,39780.339904785156,4700,1,0.30000000000000004,40524.93423461914,4700,1,0.30000000000000004,35600.544982910156,4700,1,0.30000000000000004,34178.28173828125,4700,1,0.30000000000000004,33664.8604888916,4700,1,0.30000000000000004,38288.54356384277,4700,1,0.30000000000000004,23633193.975723267,400,400,400,400,400,400,4691,400,400,400,4690,400,400,4690,400,400,400,400,4690,4690,400,4690,400,400,100,0,0,0,0,0,0,0,0,0,0,0,0,0,0,0,0,0,0,0,0,0,0,0,66480525312,2147479552,29147394048,0
99,1713877602733,101160.4888458252,4700,1,0.30000000000000004,35557.01820373535,4700,1,0.30000000000000004,92015.7879486084,4700,1,0.30000000000000004,40471.460708618164,4700,1,0.30000000000000004,42112.67822265625,4700,1,0.30000000000000004,39186.931396484375,4700,1,0.30000000000000004,39780.343200683594,4700,1,0.30000000000000004,40524.93797302246,4700,1,0.30000000000000004,35600.546951293945,4700,1,0.30000000000000004,34178.28330993652,4700,1,0.30000000000000004,33664.86210632324,4700,1,0.30000000000000004,38288.54527282715,4700,1,0.30000000000000004,23633197.6373291,400,400,400,400,400,400,4691,400,400,400,4690,400,400,4690,400,400,400,400,4690,4690,400,4690,400,400,100,0,0,0,0,0,0,0,0,0,0,0,0,0,0,0,0,0,0,0,0,0,0,0,66480525312,2147479552,29358215168,0
99,1713877602833,101160.97375488281,4700,1,0.30000000000000004,35557.02070617676,4700,1,0.30000000000000004,92015.78973388672,4700,1,0.30000000000000004,40471.474349975586,4700,1,0.30000000000000004,42112.683166503906,4700,1,0.30000000000000004,39186.93455505371,4700,1,0.30000000000000004,39780.34629821777,4700,1,0.30000000000000004,40524.941497802734,4700,1,0.30000000000000004,35600.54916381836,4700,1,0.30000000000000004,34178.28486633301,4700,1,0.30000000000000004,33664.86372375488,4700,1,0.30000000000000004,38288.548828125,4700,1,0.30000000000000004,23633201.3183136,400,400,400,400,400,400,4691,400,400,400,4690,400,400,4690,400,400,400,400,4690,4690,400,4690,400,400,100,0,0,0,0,0,0,0,0,0,0,0,0,0,0,0,0,0,0,0,0,0,0,0,66480525312,2147479552,29568782336,0
99,1713877602933,101161.45832824707,4700,1,0.30000000000000004,35557.02233886719,4700,1,0.30000000000000004,92015.79159545898,4700,1,0.30000000000000004,40471.48596191406,4700,1,0.30000000000000004,42112.68641662598,4700,1,0.30000000000000004,39186.94248962402,4700,1,0.30000000000000004,39780.355392456055,4700,1,0.30000000000000004,40524.94493103027,4700,1,0.30000000000000004,35600.55081176758,4700,1,0.30000000000000004,34178.28643798828,4700,1,0.30000000000000004,33664.86538696289,4700,1,0.30000000000000004,38288.55047607422,4700,1,0.30000000000000004,23633204.957946777,400,400,400,400,400,400,4691,400,400,400,4690,400,400,4690,400,400,400,400,4690,4690,400,4690,400,400,100,0,0,0,0,0,0,0,0,0,0,0,0,0,0,0,0,0,0,0,0,0,0,0,66480525312,2147479552,29778833408,0
99,1713877603033,101161.94291687012,4700,1,0.30000000000000004,35557.02392578125,4700,1,0.30000000000000004,92015.7938079834,4700,1,0.30000000000000004,40471.49851989746,4700,1,0.30000000000000004,42112.68957519531,4700,1,0.30000000000000004,39186.94564819336,4700,1,0.30000000000000004,39780.358489990234,4700,1,0.30000000000000004,40524.948471069336,4700,1,0.30000000000000004,35600.552825927734,4700,1,0.30000000000000004,34178.288009643555,4700,1,0.30000000000000004,33664.866958618164,4700,1,0.30000000000000004,38288.554122924805,4700,1,0.30000000000000004,23633208.60836792,400,400,400,400,400,400,4691,400,400,400,4690,400,400,4690,400,400,400,400,4690,4690,400,4690,400,400,100,0,0,0,0,0,0,0,0,4.761904716491699,0,0,0,0,0,0,0,0,0,0,0,0,0,0,66480525312,2147479552,29989400576,0
99,1713877603133,101162.4274597168,4700,1,0.30000000000000004,35557.02549743652,4700,1,0.30000000000000004,92015.7956237793,4700,1,0.30000000000000004,40471.5108795166,4700,1,0.30000000000000004,42112.69271850586,4700,1,0.30000000000000004,39186.94874572754,4700,1,0.30000000000000004,39780.36366271973,4700,1,0.30000000000000004,40524.95170593262,4700,1,0.30000000000000004,35600.55448913574,4700,1,0.30000000000000004,34178.28965759277,4700,1,0.30000000000000004,33664.87048339844,4700,1,0.30000000000000004,38288.55578613281,4700,1,0.30000000000000004,23633212.278533936,400,400,400,400,400,400,4691,400,400,400,4690,400,400,4690,400,400,400,400,4690,4690,400,4690,400,400,100,0,0,0,0,0,0,0,0,4.761904716491699,0,0,0,0,0,0,0,0,0,0,0,0,0,0,66480525312,2147479552,30199967744,0
99,1713877603233,101162.91206359863,4700,1,0.30000000000000004,35557.02719116211,4700,1,0.30000000000000004,92015.79783630371,4700,1,0.30000000000000004,40471.52476501465,4700,1,0.30000000000000004,42112.695877075195,4700,1,0.30000000000000004,39186.951904296875,4700,1,0.30000000000000004,39780.36685180664,4700,1,0.30000000000000004,40524.95523071289,4700,1,0.30000000000000004,35600.558532714844,4700,1,0.30000000000000004,34178.291412353516,4700,1,0.30000000000000004,33664.872161865234,4700,1,0.30000000000000004,38288.557373046875,4700,1,0.30000000000000004,23633215.973098755,400,400,400,400,400,400,4691,400,400,400,4690,400,400,4690,400,400,400,400,4690,4690,400,4690,400,400,100,0,0,0,0,0,0,0,0,0,0,0,0,0,0,0,0,0,0,0,0,0,0,0,66480525312,2147479552,30410534912,0
99,1713877603333,101163.39654541016,4700,1,0.30000000000000004,35557.02876281738,4700,1,0.30000000000000004,92015.79963684082,4700,1,0.30000000000000004,40471.542068481445,4700,1,0.30000000000000004,42112.69923400879,4700,1,0.30000000000000004,39186.955001831055,4700,1,0.30000000000000004,39780.36994934082,4700,1,0.30000000000000004,40524.95851135254,4700,1,0.30000000000000004,35600.56018066406,4700,1,0.30000000000000004,34178.29298400879,4700,1,0.30000000000000004,33664.87553405762,4700,1,0.30000000000000004,38288.560119628906,4700,1,0.30000000000000004,23633219.636810303,400,400,400,400,400,400,4691,400,400,400,4690,400,400,4690,400,400,400,400,4690,4690,400,4690,400,400,100,0,0,0,0,0,0,0,0,0,0,0,0,0,0,0,0,0,0,0,0,0,0,0,66480525312,2147479552,30621102080,0
99,1713877603433,101163.87622070313,4700,1,0.30000000000000004,35557.030334472656,4700,1,0.30000000000000004,92015.80140686035,4700,1,0.30000000000000004,40471.55113220215,4700,1,0.30000000000000004,42112.702407836914,4700,1,0.30000000000000004,39186.960540771484,4700,1,0.30000000000000004,39780.3731842041,4700,1,0.30000000000000004,40524.96192932129,4700,1,0.30000000000000004,35600.56384277344,4700,1,0.30000000000000004,34178.29650878906,4700,1,0.30000000000000004,33664.87710571289,4700,1,0.30000000000000004,38288.56196594238,4700,1,0.30000000000000004,23633223.329864502,400,400,400,400,400,400,4691,400,400,400,4690,400,400,4690,400,400,400,400,4690,4690,400,4690,400,400,100,0,0,0,0,0,0,0,0,0,0,0,0,0,0,0,0,0,0,0,0,0,0,0,66480525312,2147479552,30831669248,0
99,1713877603534,101164.36036682129,4700,1,0.30000000000000004,35557.0319519043,4700,1,0.30000000000000004,92015.80352783203,4700,1,0.30000000000000004,40471.56704711914,4700,1,0.30000000000000004,42112.705505371094,4700,1,0.30000000000000004,39186.963607788086,4700,1,0.30000000000000004,39780.3762512207,4700,1,0.30000000000000004,40524.96522521973,4700,1,0.30000000000000004,35600.565521240234,4700,1,0.30000000000000004,34178.29833984375,4700,1,0.30000000000000004,33664.88056945801,4700,1,0.30000000000000004,38288.5657043457,4700,1,0.30000000000000004,23633226.993789673,400,400,400,400,400,400,4691,400,400,400,4690,400,400,4690,400,400,400,400,4690,4690,400,4690,400,400,100,0,0,0,0,0,0,0,0,0,0,0,0,0,0,0,0,0,0,0,0,0,0,0,66480525312,2147479552,31042236416,0
99,1713877603634,101164.84413146973,4700,1,0.30000000000000004,35557.03350830078,4700,1,0.30000000000000004,92015.80528259277,4700,1,0.30000000000000004,40471.57978820801,4700,1,0.30000000000000004,42112.7087097168,4700,1,0.30000000000000004,39186.97590637207,4700,1,0.30000000000000004,39780.37951660156,4700,1,0.30000000000000004,40524.9686126709,4700,1,0.30000000000000004,35600.56903076172,4700,1,0.30000000000000004,34178.29991149902,4700,1,0.30000000000000004,33664.88214111328,4700,1,0.30000000000000004,38288.56735229492,4700,1,0.30000000000000004,23633230.741348267,400,400,400,400,400,400,4691,400,400,400,4690,400,400,4690,400,400,400,400,4690,4690,400,4690,400,400,100,0,0,0,0,0,0,0,0,0,0,0,0,0,0,0,0,0,0,0,0,0,0,0,66480525312,2147479552,31252803584,0
99,1713877603734,101165.32814025879,4700,1,0.30000000000000004,35557.03514099121,4700,1,0.30000000000000004,92015.8073425293,4700,1,0.30000000000000004,40471.59718322754,4700,1,0.30000000000000004,42112.71221923828,4700,1,0.30000000000000004,39186.97900390625,4700,1,0.30000000000000004,39780.3826751709,4700,1,0.30000000000000004,40524.97212219238,4700,1,0.30000000000000004,35600.57064819336,4700,1,0.30000000000000004,34178.3014831543,4700,1,0.30000000000000004,33664.88557434082,4700,1,0.30000000000000004,38288.568939208984,4700,1,0.30000000000000004,23633234.393997192,400,400,400,400,400,400,4691,400,400,400,4690,400,400,4690,400,400,400,400,4690,4690,400,4690,400,400,100,0,0,0,0,0,0,0,0,0,0,0,0,0,0,0,0,0,0,0,0,0,0,0,66480525312,2147479552,31463370752,0
99,1713877603834,101165.81190490723,4700,1,0.30000000000000004,35557.036712646484,4700,1,0.30000000000000004,92015.8091430664,4700,1,0.30000000000000004,40471.609313964844,4700,1,0.30000000000000004,42112.71611022949,4700,1,0.30000000000000004,39186.98210144043,4700,1,0.30000000000000004,39780.38577270508,4700,1,0.30000000000000004,40524.9755859375,4700,1,0.30000000000000004,35600.57406616211,4700,1,0.30000000000000004,34178.304916381836,4700,1,0.30000000000000004,33664.887145996094,4700,1,0.30000000000000004,38288.570571899414,4700,1,0.30000000000000004,23633238.134506226,400,400,400,400,400,400,4691,400,400,400,4690,400,400,4690,400,400,400,400,4690,4690,400,4690,400,400,100,0,0,0,0,0,0,0,0,0,0,0,0,0,0,0,0,0,0,0,0,0,0,0,66480525312,2147479552,31673937920,0
99,1713877603934,101166.29553222656,4700,1,0.30000000000000004,35557.038330078125,4700,1,0.30000000000000004,92015.8109741211,4700,1,0.30000000000000004,40471.62528991699,4700,1,0.30000000000000004,42112.71971130371,4700,1,0.30000000000000004,39186.98808288574,4700,1,0.30000000000000004,39780.396484375,4700,1,0.30000000000000004,40524.979064941406,4700,1,0.30000000000000004,35600.57563781738,4700,1,0.30000000000000004,34178.30648803711,4700,1,0.30000000000000004,33664.88879394531,4700,1,0.30000000000000004,38288.57214355469,4700,1,0.30000000000000004,23633241.852859497,400,400,400,400,400,400,4691,400,400,400,4690,400,400,4690,400,400,400,400,4690,4690,400,4690,400,400,100,0,0,0,0,0,0,0,0,0,0,0,0,0,0,0,0,0,0,0,0,0,0,0,66480525312,2147479552,31884505088,0
99,1713877604034,101166.77952575684,4700,1,0.30000000000000004,35557.0399017334,4700,1,0.30000000000000004,92015.8132019043,4700,1,0.30000000000000004,40471.64207458496,4700,1,0.30000000000000004,42112.72286987305,4700,1,0.30000000000000004,39186.99124145508,4700,1,0.30000000000000004,39780.39958190918,4700,1,0.30000000000000004,40524.9826965332,4700,1,0.30000000000000004,35600.57891845703,4700,1,0.30000000000000004,34178.30805969238,4700,1,0.30000000000000004,33664.892181396484,4700,1,0.30000000000000004,38288.57565307617,4700,1,0.30000000000000004,23633245.561416626,400,400,400,400,400,400,4691,400,400,400,4690,400,400,4690,400,400,400,400,4690,4690,400,4690,400,400,100,0,0,0,0,0,0,0,0,0,0,0,0,0,0,0,0,0,0,0,0,0,0,0,66480525312,2147479552,32095072256,0
99,1713877604134,101167.25946044922,4700,1,0.30000000000000004,35557.04147338867,4700,1,0.30000000000000004,92015.81495666504,4700,1,0.30000000000000004,40471.656188964844,4700,1,0.30000000000000004,42112.72639465332,4700,1,0.30000000000000004,39186.99430847168,4700,1,0.30000000000000004,39780.40397644043,4700,1,0.30000000000000004,40524.98599243164,4700,1,0.30000000000000004,35600.58055114746,4700,1,0.30000000000000004,34178.309631347656,4700,1,0.30000000000000004,33664.893798828125,4700,1,0.30000000000000004,38288.577224731445,4700,1,0.30000000000000004,23633249.195739746,400,400,400,400,400,400,4691,400,400,400,4690,400,400,4690,400,400,400,400,4690,4690,400,4690,400,400,100,0,0,0,0,0,0,0,0,0,0,0,0,0,0,0,0,0,0,0,0,0,0,0,66480525312,2147479552,32305639424,0
99,1713877604234,101167.74409484863,4700,1,0.30000000000000004,35557.043045043945,4700,1,0.30000000000000004,92015.81712341309,4700,1,0.30000000000000004,40471.67462158203,4700,1,0.30000000000000004,42112.72993469238,4700,1,0.30000000000000004,39186.997482299805,4700,1,0.30000000000000004,39780.40704345703,4700,1,0.30000000000000004,40524.98963928223,4700,1,0.30000000000000004,35600.5827331543,4700,1,0.30000000000000004,34178.3113861084,4700,1,0.30000000000000004,33664.8953704834,4700,1,0.30000000000000004,38288.580627441406,4700,1,0.30000000000000004,23633252.877746582,400,400,400,400,400,400,4691,400,400,400,4690,400,400,4690,400,400,400,400,4690,4690,400,4690,400,400,100,5,0,0,0,0,0,0,0,0,0,0,0,0,0,0,0,0,0,0,0,0,0,0,66480525312,2147479552,32516206592,0
99,1713877604334,101168.22836303711,4700,1,0.30000000000000004,35557.04460144043,4700,1,0.30000000000000004,92015.81887817383,4700,1,0.30000000000000004,40471.68995666504,4700,1,0.30000000000000004,42112.733642578125,4700,1,0.30000000000000004,39187.00061035156,4700,1,0.30000000000000004,39780.41014099121,4700,1,0.30000000000000004,40524.99296569824,4700,1,0.30000000000000004,35600.58444213867,4700,1,0.30000000000000004,34178.31294250488,4700,1,0.30000000000000004,33664.89692687988,4700,1,0.30000000000000004,38288.58218383789,4700,1,0.30000000000000004,23633256.561935425,400,400,400,400,400,400,4691,400,400,400,4690,400,400,4690,400,400,400,400,4690,4690,400,4690,400,400,100,5,0,0,0,0,0,0,0,0,0,0,0,0,0,0,0,0,0,0,0,0,0,0,66480525312,2147479552,32726773760,0
99,1713877604434,101168.71255493164,4700,1,0.30000000000000004,35557.0461730957,4700,1,0.30000000000000004,92015.82063293457,4700,1,0.30000000000000004,40471.706954956055,4700,1,0.30000000000000004,42112.737060546875,4700,1,0.30000000000000004,39187.00375366211,4700,1,0.30000000000000004,39780.41329956055,4700,1,0.30000000000000004,40524.99885559082,4700,1,0.30000000000000004,35600.58755493164,4700,1,0.30000000000000004,34178.314514160156,4700,1,0.30000000000000004,33664.898513793945,4700,1,0.30000000000000004,38288.58377075195,4700,1,0.30000000000000004,23633260.22743225,400,400,400,400,400,400,4691,400,400,400,4690,400,400,4690,400,400,400,400,4690,4690,400,4690,400,400,100,4.761904716491699,0,0,0,0,0,0,0,0,0,0,0,0,0,0,0,0,0,0,0,0,0,0,66480525312,2147479552,32937340928,0
99,1713877604534,101169.19651794434,4700,1,0.30000000000000004,35557.047790527344,4700,1,0.30000000000000004,92015.82290649414,4700,1,0.30000000000000004,40471.721099853516,4700,1,0.30000000000000004,42112.74058532715,4700,1,0.30000000000000004,39187.00685119629,4700,1,0.30000000000000004,39780.41639709473,4700,1,0.30000000000000004,40525.00227355957,4700,1,0.30000000000000004,35600.58915710449,4700,1,0.30000000000000004,34178.31726074219,4700,1,0.30000000000000004,33664.90008544922,4700,1,0.30000000000000004,38288.58723449707,4700,1,0.30000000000000004,23633263.908981323,400,400,400,400,400,400,4691,400,400,400,4690,400,400,4690,400,400,400,400,4690,4690,400,4690,400,400,100,4.761904716491699,0,0,0,0,0,0,0,0,0,0,0,0,0,0,0,0,0,0,0,0,0,0,66480525312,2147479552,33147908096,0
99,1713877604634,101169.68057250977,4700,1,0.30000000000000004,35557.04936218262,4700,1,0.30000000000000004,92015.82466125488,4700,1,0.30000000000000004,40471.7370300293,4700,1,0.30000000000000004,42112.74418640137,4700,1,0.30000000000000004,39187.00994873047,4700,1,0.30000000000000004,39780.42172241211,4700,1,0.30000000000000004,40525.00573730469,4700,1,0.30000000000000004,35600.59216308594,4700,1,0.30000000000000004,34178.31883239746,4700,1,0.30000000000000004,33664.90165710449,4700,1,0.30000000000000004,38288.588806152344,4700,1,0.30000000000000004,23633267.58280945,400,400,400,400,400,400,4691,400,400,400,4690,400,400,4690,400,400,400,400,4690,4690,400,4690,400,400,100,4.761904716491699,0,0,0,0,0,0,0,0,0,0,0,0,0,0,0,0,0,0,0,0,0,0,66480525312,2147479552,33358475264,0
99,1713877604734,101170.22161865234,4700,1,0.30000000000000004,35557.051040649414,4700,1,0.30000000000000004,92015.82723999023,4700,1,0.30000000000000004,40471.75727844238,4700,1,0.30000000000000004,42112.747802734375,4700,1,0.30000000000000004,39187.01313781738,4700,1,0.30000000000000004,39780.42497253418,4700,1,0.30000000000000004,40525.00958251953,4700,1,0.30000000000000004,35600.593841552734,4700,1,0.30000000000000004,34178.320404052734,4700,1,0.30000000000000004,33664.90344238281,4700,1,0.30000000000000004,38288.59045410156,4700,1,0.30000000000000004,23633271.41230774,400,400,400,400,400,400,4691,400,400,400,4690,400,400,4690,400,400,400,400,4690,4690,400,4690,400,400,100,4.761904716491699,0,0,0,0,0,0,0,0,0,0,0,0,0,0,0,0,0,0,0,0,0,0,66480525312,2147479552,32138051584,0
99,1713877604834,101170.8197631836,4700,1,0.30000000000000004,35557.05261230469,4700,1,0.30000000000000004,92015.82978820801,4700,1,0.30000000000000004,40471.77458190918,4700,1,0.30000000000000004,42112.752349853516,4700,1,0.30000000000000004,39187.01623535156,4700,1,0.30000000000000004,39780.42807006836,4700,1,0.30000000000000004,40525.01336669922,4700,1,0.30000000000000004,35600.59585571289,4700,1,0.30000000000000004,34178.32197570801,4700,1,0.30000000000000004,33664.905014038086,4700,1,0.30000000000000004,38288.5920715332,4700,1,0.30000000000000004,23633275.408554077,400,400,400,400,400,400,4691,400,400,400,4690,400,400,4690,400,400,400,400,4690,4690,400,4690,400,400,100,0,0,0,0,0,0,0,0,0,0,0,0,0,0,0,0,0,0,0,0,0,0,0,66480525312,2147479552,29790740480,0
99,1713877604934,101171.41194152832,4700,1,0.30000000000000004,35557.054290771484,4700,1,0.30000000000000004,92015.83154296875,4700,1,0.30000000000000004,40471.78903198242,4700,1,0.30000000000000004,42112.75648498535,4700,1,0.30000000000000004,39187.02192687988,4700,1,0.30000000000000004,39780.435806274414,4700,1,0.30000000000000004,40525.01721191406,4700,1,0.30000000000000004,35600.598052978516,4700,1,0.30000000000000004,34178.32354736328,4700,1,0.30000000000000004,33664.90658569336,4700,1,0.30000000000000004,38288.59407043457,4700,1,0.30000000000000004,23633279.36531067,400,400,400,400,400,400,4691,400,400,400,4690,400,400,4690,400,400,400,400,4690,4690,400,4690,400,400,100,0,0,0,0,0,0,0,0,0,0,0,0,0,0,0,0,0,0,0,0,0,0,0,66480525312,2147479552,27416952832,0
99,1713877605034,101172.0100402832,4700,1,0.30000000000000004,35557.05586242676,4700,1,0.30000000000000004,92015.83444213867,4700,1,0.30000000000000004,40471.807373046875,4700,1,0.30000000000000004,42112.76078796387,4700,1,0.30000000000000004,39187.02510070801,4700,1,0.30000000000000004,39780.438903808594,4700,1,0.30000000000000004,40525.02096557617,4700,1,0.30000000000000004,35600.600036621094,4700,1,0.30000000000000004,34178.325103759766,4700,1,0.30000000000000004,33664.90815734863,4700,1,0.30000000000000004,38288.5977935791,4700,1,0.30000000000000004,23633283.325775146,400,400,400,400,400,400,4691,400,400,400,4690,400,400,4690,400,400,400,400,4690,4690,400,4690,400,400,100,9.090909004211426,0,0,0,0,0,0,0,0,0,0,0,0,0,0,0,0,0,0,0,0,0,0,66480525312,2147479552,25054334976,0
99,1713877605134,101172.6089477539,4700,1,0.30000000000000004,35557.05741882324,4700,1,0.30000000000000004,92015.83695983887,4700,1,0.30000000000000004,40471.82420349121,4700,1,0.30000000000000004,42112.765075683594,4700,1,0.30000000000000004,39187.02821350098,4700,1,0.30000000000000004,39780.44216918945,4700,1,0.30000000000000004,40525.024658203125,4700,1,0.30000000000000004,35600.60250854492,4700,1,0.30000000000000004,34178.32667541504,4700,1,0.30000000000000004,33664.91151428223,4700,1,0.30000000000000004,38288.599349975586,4700,1,0.30000000000000004,23633287.1451416,400,400,400,400,400,400,4691,400,400,400,4690,400,400,4690,400,400,400,400,4690,4690,400,4690,400,400,100,9.090909004211426,0,0,0,0,0,0,0,0,0,0,0,0,0,0,0,0,0,0,0,0,0,0,66480525312,2147479552,22680961024,0
99,1713877605235,101173.20878601074,4700,1,0.30000000000000004,35557.06115722656,4700,1,0.30000000000000004,92015.84143066406,4700,1,0.30000000000000004,40471.83973693848,4700,1,0.30000000000000004,42112.76934814453,4700,1,0.30000000000000004,39187.03137207031,4700,1,0.30000000000000004,39780.44526672363,4700,1,0.30000000000000004,40525.030822753906,4700,1,0.30000000000000004,35600.605377197266,4700,1,0.30000000000000004,34178.329360961914,4700,1,0.30000000000000004,33664.91311645508,4700,1,0.30000000000000004,38288.601013183594,4700,1,0.30000000000000004,23633291.047332764,400,400,400,400,400,400,4691,400,400,400,4690,400,400,4690,400,400,400,400,4690,4690,400,4690,400,400,100,0,0,0,0,0,0,0,0,0,0,0,0,0,0,0,0,0,0,0,0,0,0,0,66480525312,2147479552,20533051392,0
99,1713877605335,101173.71188354492,4700,1,0.30000000000000004,35557.062728881836,4700,1,0.30000000000000004,92015.84442138672,4700,1,0.30000000000000004,40471.85661315918,4700,1,0.30000000000000004,42112.77372741699,4700,1,0.30000000000000004,39187.03446960449,4700,1,0.30000000000000004,39780.44836425781,4700,1,0.30000000000000004,40525.03439331055,4700,1,0.30000000000000004,35600.60771179199,4700,1,0.30000000000000004,34178.33093261719,4700,1,0.30000000000000004,33664.91468811035,4700,1,0.30000000000000004,38288.60258483887,4700,1,0.30000000000000004,23633295.013809204,400,400,400,400,400,400,4691,400,400,400,4690,400,400,4690,400,400,400,400,4690,4690,400,4690,400,400,100,0,0,0,0,0,0,0,0,0,0,0,0,0,0,0,0,0,0,0,0,0,0,0,66480525312,2147479552,20677726208,0
99,1713877605435,101174.19087219238,4700,1,0.30000000000000004,35557.06430053711,4700,1,0.30000000000000004,92015.84617614746,4700,1,0.30000000000000004,40471.871994018555,4700,1,0.30000000000000004,42112.77705383301,4700,1,0.30000000000000004,39187.03761291504,4700,1,0.30000000000000004,39780.45146179199,4700,1,0.30000000000000004,40525.03771972656,4700,1,0.30000000000000004,35600.60957336426,4700,1,0.30000000000000004,34178.334396362305,4700,1,0.30000000000000004,33664.916259765625,4700,1,0.30000000000000004,38288.604248046875,4700,1,0.30000000000000004,23633298.85998535,400,400,400,400,400,400,4691,400,400,400,4690,400,400,4690,400,400,400,400,4690,4690,400,4690,400,400,100,4.761904716491699,0,0,0,0,0,0,0,0,0,0,0,0,0,0,0,0,0,0,0,0,0,0,66480525312,2147479552,20883132416,0
99,1713877605535,101174.67193603516,4700,1,0.30000000000000004,35557.06591796875,4700,1,0.30000000000000004,92015.84861755371,4700,1,0.30000000000000004,40471.89109802246,4700,1,0.30000000000000004,42112.78044128418,4700,1,0.30000000000000004,39187.04071044922,4700,1,0.30000000000000004,39780.45455932617,4700,1,0.30000000000000004,40525.04356384277,4700,1,0.30000000000000004,35600.611236572266,4700,1,0.30000000000000004,34178.336196899414,4700,1,0.30000000000000004,33664.9178314209,4700,1,0.30000000000000004,38288.60594177246,4700,1,0.30000000000000004,23633302.51980591,400,400,400,400,400,400,4691,400,400,400,4690,400,400,4690,400,400,400,400,4690,4690,400,4690,400,400,100,4.761904716491699,0,0,0,0,0,0,0,0,0,0,0,0,0,0,0,0,0,0,0,0,0,0,66480525312,2147479552,21089570816,0
99,1713877605635,101175.14938354492,4700,1,0.30000000000000004,35557.06748962402,4700,1,0.30000000000000004,92015.85037231445,4700,1,0.30000000000000004,40471.90431213379,4700,1,0.30000000000000004,42112.78382873535,4700,1,0.30000000000000004,39187.049560546875,4700,1,0.30000000000000004,39780.45783996582,4700,1,0.30000000000000004,40525.046936035156,4700,1,0.30000000000000004,35600.61311340332,4700,1,0.30000000000000004,34178.33776855469,4700,1,0.30000000000000004,33664.91940307617,4700,1,0.30000000000000004,38288.60760498047,4700,1,0.30000000000000004,23633306.160125732,400,400,400,400,400,400,4691,400,400,400,4690,400,400,4690,400,400,400,400,4690,4690,400,4690,400,400,100,5,0,0,0,0,0,0,0,0,0,0,0,0,0,0,0,0,0,0,0,0,0,0,66480525312,2147479552,21298073600,0
99,1713877605735,101175.63227844238,4700,1,0.30000000000000004,35557.06968688965,4700,1,0.30000000000000004,92015.85249328613,4700,1,0.30000000000000004,40471.91970825195,4700,1,0.30000000000000004,42112.7872467041,4700,1,0.30000000000000004,39187.052658081055,4700,1,0.30000000000000004,39780.46095275879,4700,1,0.30000000000000004,40525.0505065918,4700,1,0.30000000000000004,35600.61470031738,4700,1,0.30000000000000004,34178.33932495117,4700,1,0.30000000000000004,33664.920959472656,4700,1,0.30000000000000004,38288.60917663574,4700,1,0.30000000000000004,23633309.798049927,400,400,400,400,400,400,4691,400,400,400,4690,400,400,4690,400,400,400,400,4690,4690,400,4690,400,400,100,5,0,0,0,0,0,0,0,0,0,0,0,0,0,0,0,0,0,0,0,0,0,0,66480525312,2147479552,21506834432,0
99,1713877605835,101176.11552429199,4700,1,0.30000000000000004,35557.07133483887,4700,1,0.30000000000000004,92015.85499572754,4700,1,0.30000000000000004,40471.936782836914,4700,1,0.30000000000000004,42112.790771484375,4700,1,0.30000000000000004,39187.05633544922,4700,1,0.30000000000000004,39780.46405029297,4700,1,0.30000000000000004,40525.05416870117,4700,1,0.30000000000000004,35600.61869812012,4700,1,0.30000000000000004,34178.340911865234,4700,1,0.30000000000000004,33664.92253112793,4700,1,0.30000000000000004,38288.61073303223,4700,1,0.30000000000000004,23633313.426651,400,400,400,400,400,400,4691,400,400,400,4690,400,400,4690,400,400,400,400,4690,4690,400,4690,400,400,100,4.761904716491699,0,0,0,0,0,0,0,0,0,0,0,0,0,0,0,0,0,0,0,0,0,0,66480525312,2147479552,21716369408,0
99,1713877605935,101176.59910583496,4700,1,0.30000000000000004,35557.073150634766,4700,1,0.30000000000000004,92015.85676574707,4700,1,0.30000000000000004,40471.950744628906,4700,1,0.30000000000000004,42112.79426574707,4700,1,0.30000000000000004,39187.06282043457,4700,1,0.30000000000000004,39780.470626831055,4700,1,0.30000000000000004,40525.0576171875,4700,1,0.30000000000000004,35600.62033081055,4700,1,0.30000000000000004,34178.342544555664,4700,1,0.30000000000000004,33664.9259185791,4700,1,0.30000000000000004,38288.61231994629,4700,1,0.30000000000000004,23633317.053222656,400,400,400,400,400,400,4691,400,400,400,4690,400,400,4690,400,400,400,400,4690,4690,400,4690,400,400,100,4.761904716491699,0,0,0,0,0,0,0,0,0,0,0,0,0,0,0,0,0,0,0,0,0,0,66480525312,2147479552,21925904384,0
99,1713877606035,101177.08238220215,4700,1,0.30000000000000004,35557.075759887695,4700,1,0.30000000000000004,92015.85925292969,4700,1,0.30000000000000004,40471.96420288086,4700,1,0.30000000000000004,42112.7978515625,4700,1,0.30000000000000004,39187.06602478027,4700,1,0.30000000000000004,39780.47505187988,4700,1,0.30000000000000004,40525.061294555664,4700,1,0.30000000000000004,35600.62413024902,4700,1,0.30000000000000004,34178.344161987305,4700,1,0.30000000000000004,33664.92753601074,4700,1,0.30000000000000004,38288.6141204834,4700,1,0.30000000000000004,23633320.68928528,400,400,400,400,400,400,4691,400,400,400,4690,400,400,4690,400,400,400,400,4690,4690,400,4690,400,400,100,0,0,0,0,0,0,0,0,0,0,0,0,0,0,0,0,0,0,0,0,0,0,0,66480525312,2147479552,22135955456,0
99,1713877606135,101177.56672668457,4700,1,0.30000000000000004,35557.077377319336,4700,1,0.30000000000000004,92015.8610534668,4700,1,0.30000000000000004,40471.97967529297,4700,1,0.30000000000000004,42112.80122375488,4700,1,0.30000000000000004,39187.06916809082,4700,1,0.30000000000000004,39780.47834777832,4700,1,0.30000000000000004,40525.064529418945,4700,1,0.30000000000000004,35600.6258392334,4700,1,0.30000000000000004,34178.3458404541,4700,1,0.30000000000000004,33664.92918395996,4700,1,0.30000000000000004,38288.61573791504,4700,1,0.30000000000000004,23633324.297836304,400,400,400,400,400,400,4691,400,400,400,4690,400,400,4690,400,400,400,400,4690,4690,400,4690,400,400,100,0,0,0,0,0,0,0,0,0,0,0,0,0,0,0,0,0,0,0,0,0,0,0,66480525312,2147479552,22346006528,0
99,1713877606235,101178.05043029785,4700,1,0.30000000000000004,35557.07894897461,4700,1,0.30000000000000004,92015.86306762695,4700,1,0.30000000000000004,40471.998291015625,4700,1,0.30000000000000004,42112.804595947266,4700,1,0.30000000000000004,39187.072326660156,4700,1,0.30000000000000004,39780.4814453125,4700,1,0.30000000000000004,40525.06799316406,4700,1,0.30000000000000004,35600.627868652344,4700,1,0.30000000000000004,34178.347732543945,4700,1,0.30000000000000004,33664.930755615234,4700,1,0.30000000000000004,38288.61730957031,4700,1,0.30000000000000004,23633327.949417114,400,400,400,400,400,400,4691,400,400,400,4690,400,400,4690,400,400,400,400,4690,4690,400,4690,400,400,100,5,0,0,0,0,0,0,0,0,0,0,0,0,0,0,0,0,0,0,0,0,0,0,66480525312,2147479552,22556057600,0
99,1713877606335,101178.52947998047,4700,1,0.30000000000000004,35557.08052062988,4700,1,0.30000000000000004,92015.86560058594,4700,1,0.30000000000000004,40472.01167297363,4700,1,0.30000000000000004,42112.808166503906,4700,1,0.30000000000000004,39187.07780456543,4700,1,0.30000000000000004,39780.48457336426,4700,1,0.30000000000000004,40525.073806762695,4700,1,0.30000000000000004,35600.62986755371,4700,1,0.30000000000000004,34178.349349975586,4700,1,0.30000000000000004,33664.93232727051,4700,1,0.30000000000000004,38288.62042236328,4700,1,0.30000000000000004,23633331.61767578,400,400,400,400,400,400,4691,400,400,400,4690,400,400,4690,400,400,400,400,4690,4690,400,4690,400,400,100,5,0,0,0,0,0,0,0,0,0,0,0,0,0,0,0,0,0,0,0,0,0,0,66480525312,2147479552,22766624768,0
99,1713877606435,101179.01303100586,4700,1,0.30000000000000004,35557.082092285156,4700,1,0.30000000000000004,92015.86738586426,4700,1,0.30000000000000004,40472.02653503418,4700,1,0.30000000000000004,42112.811584472656,4700,1,0.30000000000000004,39187.08094787598,4700,1,0.30000000000000004,39780.48767089844,4700,1,0.30000000000000004,40525.0771484375,4700,1,0.30000000000000004,35600.63171386719,4700,1,0.30000000000000004,34178.35090637207,4700,1,0.30000000000000004,33664.93395996094,4700,1,0.30000000000000004,38288.621994018555,4700,1,0.30000000000000004,23633335.30369568,400,400,400,400,400,400,4691,400,400,400,4690,400,400,4690,400,400,400,400,4690,4690,400,4690,400,400,100,0,0,0,0,0,0,0,0,0,0,0,0,0,0,0,0,0,0,0,0,0,0,0,66480525312,2147479552,22977191936,0
99,1713877606535,101179.49742126465,4700,1,0.30000000000000004,35557.08369445801,4700,1,0.30000000000000004,92015.86976623535,4700,1,0.30000000000000004,40472.041076660156,4700,1,0.30000000000000004,42112.81497192383,4700,1,0.30000000000000004,39187.08409118652,4700,1,0.30000000000000004,39780.490814208984,4700,1,0.30000000000000004,40525.08058166504,4700,1,0.30000000000000004,35600.63330078125,4700,1,0.30000000000000004,34178.3528137207,4700,1,0.30000000000000004,33664.93556213379,4700,1,0.30000000000000004,38288.6241607666,4700,1,0.30000000000000004,23633338.896743774,400,400,400,400,400,400,4691,400,400,400,4690,400,400,4690,400,400,400,400,4690,4690,400,4690,400,400,100,0,0,0,0,0,0,0,0,0,0,0,0,0,0,0,0,0,0,0,0,0,0,0,66480525312,2147479552,23187755008,0
99,1713877606635,101179.98184204102,4700,1,0.30000000000000004,35557.08528137207,4700,1,0.30000000000000004,92015.87155151367,4700,1,0.30000000000000004,40472.05479431152,4700,1,0.30000000000000004,42112.818115234375,4700,1,0.30000000000000004,39187.0871887207,4700,1,0.30000000000000004,39780.49409484863,4700,1,0.30000000000000004,40525.083908081055,4700,1,0.30000000000000004,35600.635681152344,4700,1,0.30000000000000004,34178.35438537598,4700,1,0.30000000000000004,33664.93713378906,4700,1,0.30000000000000004,38288.62582397461,4700,1,0.30000000000000004,23633342.54724121,400,400,400,400,400,400,4691,400,400,400,4690,400,400,4690,400,400,400,400,4690,4690,400,4690,400,400,100,0,0,0,0,0,0,0,0,0,0,0,0,0,0,0,0,0,0,0,0,0,0,0,66480525312,2147479552,23398322176,0
99,1713877606735,101180.46594238281,4700,1,0.30000000000000004,35557.0869140625,4700,1,0.30000000000000004,92015.87385559082,4700,1,0.30000000000000004,40472.06944274902,4700,1,0.30000000000000004,42112.821212768555,4700,1,0.30000000000000004,39187.09028625488,4700,1,0.30000000000000004,39780.49725341797,4700,1,0.30000000000000004,40525.088790893555,4700,1,0.30000000000000004,35600.637298583984,4700,1,0.30000000000000004,34178.357818603516,4700,1,0.30000000000000004,33664.938705444336,4700,1,0.30000000000000004,38288.62739562988,4700,1,0.30000000000000004,23633346.20591736,400,400,400,400,400,400,4691,400,400,400,4690,400,400,4690,400,400,400,400,4690,4690,400,4690,400,400,100,0,0,0,0,0,0,0,0,0,0,0,0,0,0,0,0,0,0,0,0,0,0,0,66480525312,2147479552,23609147392,0
99,1713877606835,101180.9518737793,4700,1,0.30000000000000004,35557.106521606445,4700,1,0.30000000000000004,92015.89517211914,4700,1,0.30000000000000004,40472.113204956055,4700,1,0.30000000000000004,42112.856216430664,4700,1,0.30000000000000004,39187.113693237305,4700,1,0.30000000000000004,39780.521255493164,4700,1,0.30000000000000004,40525.11827087402,4700,1,0.30000000000000004,35600.65928649902,4700,1,0.30000000000000004,34178.3770904541,4700,1,0.30000000000000004,33664.94960021973,4700,1,0.30000000000000004,38288.64669799805,4700,1,0.30000000000000004,23633350.062561035,400,400,400,400,400,400,4691,400,400,400,4690,400,400,4690,400,400,400,400,4690,4690,400,4690,400,400,100,5,0,0,0,4.761904716491699,4.761904716491699,4.761904716491699,0,0,0,4.761904716491699,0,0,0,0,0,0,0,0,0,4.761904716491699,0,4.761904716491699,66480525312,2147479552,23819452416,0
99,1713877606935,101181.43630981445,4700,1,0.30000000000000004,35557.108154296875,4700,1,0.30000000000000004,92015.89700317383,4700,1,0.30000000000000004,40472.12953186035,4700,1,0.30000000000000004,42112.85935974121,4700,1,0.30000000000000004,39187.12437438965,4700,1,0.30000000000000004,39780.52946472168,4700,1,0.30000000000000004,40525.12162780762,4700,1,0.30000000000000004,35600.660888671875,4700,1,0.30000000000000004,34178.378662109375,4700,1,0.30000000000000004,33664.951171875,4700,1,0.30000000000000004,38288.64831542969,4700,1,0.30000000000000004,23633353.710586548,400,400,400,400,400,400,4691,400,400,400,4690,400,400,4690,400,400,400,400,4690,4690,400,4690,400,400,100,5,0,0,0,4.761904716491699,4.761904716491699,4.761904716491699,0,0,0,4.761904716491699,0,0,0,0,0,0,0,0,0,4.761904716491699,0,4.761904716491699,66480525312,2147479552,24029503488,0
99,1713877607035,101181.9157409668,4700,1,0.30000000000000004,35557.109771728516,4700,1,0.30000000000000004,92015.89949035645,4700,1,0.30000000000000004,40472.142166137695,4700,1,0.30000000000000004,42112.86250305176,4700,1,0.30000000000000004,39187.127517700195,4700,1,0.30000000000000004,39780.53256225586,4700,1,0.30000000000000004,40525.125259399414,4700,1,0.30000000000000004,35600.66311645508,4700,1,0.30000000000000004,34178.38101196289,4700,1,0.30000000000000004,33664.95274353027,4700,1,0.30000000000000004,38288.650329589844,4700,1,0.30000000000000004,23633357.358581543,400,400,400,400,400,400,4691,400,400,400,4690,400,400,4690,400,400,400,400,4690,4690,400,4690,400,400,100,0,0,0,0,0,0,0,4.761904716491699,0,0,0,0,0,0,0,0,0,0,0,0,0,0,0,66480525312,2147479552,24240070656,0
99,1713877607135,101182.40002441406,4700,1,0.30000000000000004,35557.11134338379,4700,1,0.30000000000000004,92015.9013671875,4700,1,0.30000000000000004,40472.159439086914,4700,1,0.30000000000000004,42112.865646362305,4700,1,0.30000000000000004,39187.130615234375,4700,1,0.30000000000000004,39780.53744506836,4700,1,0.30000000000000004,40525.12841796875,4700,1,0.30000000000000004,35600.66471862793,4700,1,0.30000000000000004,34178.38592529297,4700,1,0.30000000000000004,33664.956146240234,4700,1,0.30000000000000004,38288.65190124512,4700,1,0.30000000000000004,23633361.0083313,400,400,400,400,400,400,4691,400,400,400,4690,400,400,4690,400,400,400,400,4690,4690,400,4690,400,400,100,0,0,0,0,0,0,0,4.761904716491699,0,0,0,0,0,0,0,0,0,0,0,0,0,0,0,66480525312,2147479552,24451153920,0
99,1713877607236,101182.88410949707,4700,1,0.30000000000000004,35557.11479187012,4700,1,0.30000000000000004,92015.90350341797,4700,1,0.30000000000000004,40472.17576599121,4700,1,0.30000000000000004,42112.86878967285,4700,1,0.30000000000000004,39187.13377380371,4700,1,0.30000000000000004,39780.54054260254,4700,1,0.30000000000000004,40525.134338378906,4700,1,0.30000000000000004,35600.66679382324,4700,1,0.30000000000000004,34178.3876953125,4700,1,0.30000000000000004,33664.957763671875,4700,1,0.30000000000000004,38288.653549194336,4700,1,0.30000000000000004,23633364.645874023,400,400,400,400,400,400,4691,400,400,400,4690,400,400,4690,400,400,400,400,4690,4690,400,4690,400,400,100,0,0,0,0,0,0,0,0,0,0,0,0,0,0,0,0,0,0,0,0,0,0,0,66480525312,2147479552,24661721088,0
99,1713877607336,101183.36863708496,4700,1,0.30000000000000004,35557.11636352539,4700,1,0.30000000000000004,92015.90544128418,4700,1,0.30000000000000004,40472.18949890137,4700,1,0.30000000000000004,42112.87223815918,4700,1,0.30000000000000004,39187.13687133789,4700,1,0.30000000000000004,39780.54364013672,4700,1,0.30000000000000004,40525.13757324219,4700,1,0.30000000000000004,35600.668548583984,4700,1,0.30000000000000004,34178.38926696777,4700,1,0.30000000000000004,33664.95935058594,4700,1,0.30000000000000004,38288.6551361084,4700,1,0.30000000000000004,23633368.280899048,400,400,400,400,400,400,4691,400,400,400,4690,400,400,4690,400,400,400,400,4690,4690,400,4690,400,400,100,0,0,0,0,0,0,0,0,0,0,0,0,0,0,0,0,0,0,0,0,0,0,0,66480525312,2147479552,24871772160,0
99,1713877607436,101183.85305786133,4700,1,0.30000000000000004,35557.11799621582,4700,1,0.30000000000000004,92015.90730285645,4700,1,0.30000000000000004,40472.204498291016,4700,1,0.30000000000000004,42112.87533569336,4700,1,0.30000000000000004,39187.14001464844,4700,1,0.30000000000000004,39780.5467376709,4700,1,0.30000000000000004,40525.1408996582,4700,1,0.30000000000000004,35600.67054748535,4700,1,0.30000000000000004,34178.392654418945,4700,1,0.30000000000000004,33664.96092224121,4700,1,0.30000000000000004,38288.65670776367,4700,1,0.30000000000000004,23633371.952545166,400,400,400,400,400,400,4691,400,400,400,4690,400,400,4690,400,400,400,400,4690,4690,400,4690,400,400,100,0,0,0,0,0,0,0,0,0,0,0,0,0,0,0,0,0,0,0,0,0,0,0,66480525312,2147479552,25082339328,0
99,1713877607536,101184.33711242676,4700,1,0.30000000000000004,35557.11961364746,4700,1,0.30000000000000004,92015.90957641602,4700,1,0.30000000000000004,40472.216857910156,4700,1,0.30000000000000004,42112.87843322754,4700,1,0.30000000000000004,39187.14311218262,4700,1,0.30000000000000004,39780.54983520508,4700,1,0.30000000000000004,40525.144271850586,4700,1,0.30000000000000004,35600.672134399414,4700,1,0.30000000000000004,34178.394439697266,4700,1,0.30000000000000004,33664.962493896484,4700,1,0.30000000000000004,38288.65850830078,4700,1,0.30000000000000004,23633375.633636475,400,400,400,400,400,400,4691,400,400,400,4690,400,400,4690,400,400,400,400,4690,4690,400,4690,400,400,100,0,0,0,0,0,0,0,0,0,0,0,0,0,0,0,0,0,0,0,0,0,0,0,66480525312,2147479552,25292906496,0
99,1713877607636,101184.82104492188,4700,1,0.30000000000000004,35557.121185302734,4700,1,0.30000000000000004,92015.9114074707,4700,1,0.30000000000000004,40472.23292541504,4700,1,0.30000000000000004,42112.881576538086,4700,1,0.30000000000000004,39187.154388427734,4700,1,0.30000000000000004,39780.55305480957,4700,1,0.30000000000000004,40525.14764404297,4700,1,0.30000000000000004,35600.67402648926,4700,1,0.30000000000000004,34178.39601135254,4700,1,0.30000000000000004,33664.96406555176,4700,1,0.30000000000000004,38288.660217285156,4700,1,0.30000000000000004,23633379.314849854,400,400,400,400,400,400,4691,400,400,400,4690,400,400,4690,400,400,400,400,4690,4690,400,4690,400,400,100,0,0,0,0,0,0,0,0,0,0,0,0,0,0,0,0,0,0,0,0,0,0,0,66480525312,2147479552,25503989760,0
99,1713877607736,101185.30033874512,4700,1,0.30000000000000004,35557.122802734375,4700,1,0.30000000000000004,92015.91368103027,4700,1,0.30000000000000004,40472.24189758301,4700,1,0.30000000000000004,42112.884689331055,4700,1,0.30000000000000004,39187.157485961914,4700,1,0.30000000000000004,39780.556381225586,4700,1,0.30000000000000004,40525.15106201172,4700,1,0.30000000000000004,35600.67559814453,4700,1,0.30000000000000004,34178.39764404297,4700,1,0.30000000000000004,33664.96563720703,4700,1,0.30000000000000004,38288.66178894043,4700,1,0.30000000000000004,23633382.99661255,400,400,400,400,400,400,4691,400,400,400,4690,400,400,4690,400,400,400,400,4690,4690,400,4690,400,400,100,0,0,0,0,0,0,0,0,0,0,0,0,0,0,0,0,0,0,0,0,0,0,0,66480525312,2147479552,25714286592,0
99,1713877607836,101185.78456115723,4700,1,0.30000000000000004,35557.12437438965,4700,1,0.30000000000000004,92015.91557312012,4700,1,0.30000000000000004,40472.256896972656,4700,1,0.30000000000000004,42112.887786865234,4700,1,0.30000000000000004,39187.160552978516,4700,1,0.30000000000000004,39780.55944824219,4700,1,0.30000000000000004,40525.1544342041,4700,1,0.30000000000000004,35600.6794128418,4700,1,0.30000000000000004,34178.39926147461,4700,1,0.30000000000000004,33664.967208862305,4700,1,0.30000000000000004,38288.66342163086,4700,1,0.30000000000000004,23633386.632644653,400,400,400,400,400,400,4691,400,400,400,4690,400,400,4690,400,400,400,400,4690,4690,400,4690,400,400,100,0,0,0,0,0,0,0,0,0,0,0,0,0,0,0,0,0,0,0,0,0,0,0,66480525312,2147479552,25924853760,0
99,1713877607936,101186.26838684082,4700,1,0.30000000000000004,35557.12599182129,4700,1,0.30000000000000004,92015.91757202148,4700,1,0.30000000000000004,40472.2716217041,4700,1,0.30000000000000004,42112.891021728516,4700,1,0.30000000000000004,39187.16963195801,4700,1,0.30000000000000004,39780.5680847168,4700,1,0.30000000000000004,40525.15789794922,4700,1,0.30000000000000004,35600.68096923828,4700,1,0.30000000000000004,34178.40089416504,4700,1,0.30000000000000004,33664.96876525879,4700,1,0.30000000000000004,38288.66500854492,4700,1,0.30000000000000004,23633390.284744263,400,400,400,400,400,400,4691,400,400,400,4690,400,400,4690,400,400,400,400,4690,4690,400,4690,400,400,100,0,0,0,0,0,0,0,0,0,0,0,0,0,0,0,0,0,0,0,0,0,0,0,66480525312,2147479552,26135420928,0
99,1713877608036,101186.75241088867,4700,1,0.30000000000000004,35557.12756347656,4700,1,0.30000000000000004,92015.91976928711,4700,1,0.30000000000000004,40472.28518676758,4700,1,0.30000000000000004,42112.89418029785,4700,1,0.30000000000000004,39187.172790527344,4700,1,0.30000000000000004,39780.57118225098,4700,1,0.30000000000000004,40525.16149902344,4700,1,0.30000000000000004,35600.68312072754,4700,1,0.30000000000000004,34178.40254211426,4700,1,0.30000000000000004,33664.97033691406,4700,1,0.30000000000000004,38288.6667175293,4700,1,0.30000000000000004,23633393.920532227,400,400,400,400,400,400,4691,400,400,400,4690,400,400,4690,400,400,400,400,4690,4690,400,4690,400,400,100,0,0,0,0,0,0,0,0,0,0,0,0,0,0,0,0,0,0,0,0,0,0,0,66480525312,2147479552,26345988096,0
99,1713877608136,101187.23710632324,4700,1,0.30000000000000004,35557.129150390625,4700,1,0.30000000000000004,92015.92158508301,4700,1,0.30000000000000004,40472.300842285156,4700,1,0.30000000000000004,42112.8973236084,4700,1,0.30000000000000004,39187.17588806152,4700,1,0.30000000000000004,39780.5743560791,4700,1,0.30000000000000004,40525.16468811035,4700,1,0.30000000000000004,35600.68469238281,4700,1,0.30000000000000004,34178.40411376953,4700,1,0.30000000000000004,33664.971908569336,4700,1,0.30000000000000004,38288.66841125488,4700,1,0.30000000000000004,23633397.549224854,400,400,400,400,400,400,4691,400,400,400,4690,400,400,4690,400,400,400,400,4690,4690,400,4690,400,400,100,0,0,0,0,0,0,0,0,0,0,0,0,0,0,0,0,0,0,0,0,0,0,0,66480525312,2147479552,26556555264,0
99,1713877608236,101187.72142028809,4700,1,0.30000000000000004,35557.1307220459,4700,1,0.30000000000000004,92015.92366027832,4700,1,0.30000000000000004,40472.3155670166,4700,1,0.30000000000000004,42112.900466918945,4700,1,0.30000000000000004,39187.179107666016,4700,1,0.30000000000000004,39780.57749938965,4700,1,0.30000000000000004,40525.16815185547,4700,1,0.30000000000000004,35600.68682861328,4700,1,0.30000000000000004,34178.405838012695,4700,1,0.30000000000000004,33664.97348022461,4700,1,0.30000000000000004,38288.67002868652,4700,1,0.30000000000000004,23633401.232208252,400,400,400,400,400,400,4691,400,400,400,4690,400,400,4690,400,400,400,400,4690,4690,400,4690,400,400,100,0,0,0,0,0,0,0,0,0,0,0,0,0,0,0,0,0,0,0,0,0,0,0,66480525312,2147479552,26767122432,0
99,1713877608336,101188.20573425293,4700,1,0.29374999999999996,35557.13229370117,4700,1,0.30000000000000004,92015.92549133301,4700,1,0.30000000000000004,40472.33155822754,4700,1,0.29374999999999996,42112.90579223633,4700,1,0.29374999999999996,39187.18226623535,4700,1,0.30000000000000004,39780.58059692383,4700,1,0.30000000000000004,40525.17138671875,4700,1,0.30000000000000004,35600.688415527344,4700,1,0.30000000000000004,34178.40753173828,4700,1,0.30000000000000004,33664.97505187988,4700,1,0.30000000000000004,38288.6716003418,4700,1,0.30000000000000004,23633404.920684814,400,400,400,400,400,400,4691,400,400,400,4690,400,400,4690,400,400,400,400,4690,4690,400,4690,400,400,100,0,0,0,0,0,0,0,0,0,0,0,0,0,0,0,0,0,0,0,0,0,0,0,66480525312,2147479552,26977689600,0
99,1713877608436,101188.68476867676,4700,1,0.30000000000000004,35557.133865356445,4700,1,0.30000000000000004,92015.92729187012,4700,1,0.30000000000000004,40472.347244262695,4700,1,0.30000000000000004,42112.908950805664,4700,1,0.30000000000000004,39187.185470581055,4700,1,0.30000000000000004,39780.58383178711,4700,1,0.30000000000000004,40525.17485046387,4700,1,0.30000000000000004,35600.690490722656,4700,1,0.30000000000000004,34178.40914916992,4700,1,0.30000000000000004,33664.976623535156,4700,1,0.30000000000000004,38288.673278808594,4700,1,0.30000000000000004,23633408.627319336,400,400,400,400,400,400,4691,400,400,400,4690,400,400,4690,400,400,400,400,4690,4690,400,4690,400,400,100,0,0,0,0,0,0,0,0,0,0,0,0,0,0,0,0,0,0,0,0,0,0,0,66480525312,2147479552,27188256768,0
99,1713877608536,101189.16960144043,4700,1,0.30000000000000004,35557.135482788086,4700,1,0.30000000000000004,92015.92948913574,4700,1,0.30000000000000004,40472.356842041016,4700,1,0.30000000000000004,42112.914489746094,4700,1,0.30000000000000004,39187.188537597656,4700,1,0.30000000000000004,39780.58689880371,4700,1,0.30000000000000004,40525.17819213867,4700,1,0.30000000000000004,35600.69216918945,4700,1,0.30000000000000004,34178.411849975586,4700,1,0.30000000000000004,33664.97819519043,4700,1,0.30000000000000004,38288.675048828125,4700,1,0.30000000000000004,23633412.277557373,400,400,400,400,400,400,4691,400,400,400,4690,400,400,4690,400,400,400,400,4690,4690,400,4690,400,400,100,0,0,0,0,0,0,0,0,0,0,0,0,0,0,0,0,0,0,0,0,0,0,0,66480525312,2147479552,27398823936,0
99,1713877608636,101189.6541595459,4700,1,0.30000000000000004,35557.13705444336,4700,1,0.30000000000000004,92015.93124389648,4700,1,0.30000000000000004,40472.3733215332,4700,1,0.30000000000000004,42112.917709350586,4700,1,0.30000000000000004,39187.191635131836,4700,1,0.30000000000000004,39780.5901184082,4700,1,0.30000000000000004,40525.18151855469,4700,1,0.30000000000000004,35600.69401550293,4700,1,0.30000000000000004,34178.41340637207,4700,1,0.30000000000000004,33664.9797668457,4700,1,0.30000000000000004,38288.676666259766,4700,1,0.30000000000000004,23633415.961883545,400,400,400,400,400,400,4691,400,400,400,4690,400,400,4690,400,400,400,400,4690,4690,400,4690,400,400,100,0,0,0,0,0,0,0,0,0,0,0,0,0,0,0,0,0,0,0,0,0,0,0,66480525312,2147479552,27609391104,0
99,1713877608736,101190.13841247559,4700,1,0.30000000000000004,35557.13871765137,4700,1,0.30000000000000004,92015.93328857422,4700,1,0.30000000000000004,40472.38731384277,4700,1,0.30000000000000004,42112.920806884766,4700,1,0.30000000000000004,39187.19479370117,4700,1,0.30000000000000004,39780.59336853027,4700,1,0.30000000000000004,40525.18542480469,4700,1,0.30000000000000004,35600.6955871582,4700,1,0.30000000000000004,34178.414978027344,4700,1,0.30000000000000004,33664.98132324219,4700,1,0.30000000000000004,38288.67822265625,4700,1,0.30000000000000004,23633419.62371826,400,400,400,400,400,400,4691,400,400,400,4690,400,400,4690,400,400,400,400,4690,4690,400,4690,400,400,100,0,0,0,0,0,0,0,0,0,0,0,0,0,0,0,0,0,0,0,0,0,0,0,66480525312,2147479552,27820216320,0
99,1713877608836,101190.6224822998,4700,1,0.30000000000000004,35557.14030456543,4700,1,0.30000000000000004,92015.93507385254,4700,1,0.30000000000000004,40472.40000915527,4700,1,0.30000000000000004,42112.923904418945,4700,1,0.30000000000000004,39187.19789123535,4700,1,0.30000000000000004,39780.59646606445,4700,1,0.30000000000000004,40525.18879699707,4700,1,0.30000000000000004,35600.699295043945,4700,1,0.30000000000000004,34178.41654968262,4700,1,0.30000000000000004,33664.98295593262,4700,1,0.30000000000000004,38288.681701660156,4700,1,0.30000000000000004,23633423.306243896,400,400,400,400,400,400,4691,400,400,400,4690,400,400,4690,400,400,400,400,4690,4690,400,4690,400,400,100,0,0,0,0,0,0,0,0,0,0,0,0,0,0,0,0,0,0,0,0,0,0,0,66480525312,2147479552,28030783488,0
99,1713877608937,101191.1068572998,4700,1,0.30000000000000004,35557.14196777344,4700,1,0.30000000000000004,92015.93682861328,4700,1,0.30000000000000004,40472.4149017334,4700,1,0.30000000000000004,42112.929260253906,4700,1,0.30000000000000004,39187.20277404785,4700,1,0.30000000000000004,39780.60369873047,4700,1,0.30000000000000004,40525.19221496582,4700,1,0.30000000000000004,35600.7008972168,4700,1,0.30000000000000004,34178.41812133789,4700,1,0.30000000000000004,33664.98452758789,4700,1,0.30000000000000004,38288.683364868164,4700,1,0.30000000000000004,23633426.9737854,400,400,400,400,400,400,4691,400,400,400,4690,400,400,4690,400,400,400,400,4690,4690,400,4690,400,400,100,0,0,0,0,0,0,0,0,0,0,0,0,0,0,0,0,0,0,0,0,0,0,0,66480525312,2147479552,28241350656,0
99,1713877609037,101191.59130859375,4700,1,0.30000000000000004,35557.14353942871,4700,1,0.30000000000000004,92015.93911743164,4700,1,0.30000000000000004,40472.43048095703,4700,1,0.30000000000000004,42112.93241882324,4700,1,0.30000000000000004,39187.20593261719,4700,1,0.30000000000000004,39780.60679626465,4700,1,0.30000000000000004,40525.19580078125,4700,1,0.30000000000000004,35600.70458984375,4700,1,0.30000000000000004,34178.419692993164,4700,1,0.30000000000000004,33664.986099243164,4700,1,0.30000000000000004,38288.68501281738,4700,1,0.30000000000000004,23633430.638076782,400,400,400,400,400,400,4691,400,400,400,4690,400,400,4690,400,400,400,400,4690,4690,400,4690,400,400,100,0,0,0,0,0,0,0,0,0,0,0,0,0,0,0,0,0,0,0,0,0,0,0,66480525312,2147479552,28451917824,0
99,1713877609137,101192.07078552246,4700,1,0.30000000000000004,35557.145111083984,4700,1,0.30000000000000004,92015.94087219238,4700,1,0.30000000000000004,40472.441146850586,4700,1,0.30000000000000004,42112.93569946289,4700,1,0.30000000000000004,39187.20903015137,4700,1,0.30000000000000004,39780.61001586914,4700,1,0.30000000000000004,40525.199127197266,4700,1,0.30000000000000004,35600.7061920166,4700,1,0.30000000000000004,34178.42126464844,4700,1,0.30000000000000004,33664.98779296875,4700,1,0.30000000000000004,38288.68846130371,4700,1,0.30000000000000004,23633434.32020569,400,400,400,400,400,400,4691,400,400,400,4690,400,400,4690,400,400,400,400,4690,4690,400,4690,400,400,100,0,0,0,0,0,0,0,0,0,0,0,0,0,0,0,0,0,0,0,0,0,0,0,66480525312,2147479552,28662484992,0
99,1713877609237,101192.55526733398,4700,1,0.30000000000000004,35557.14668273926,4700,1,0.30000000000000004,92015.94291687012,4700,1,0.30000000000000004,40472.45790100098,4700,1,0.30000000000000004,42112.93881225586,4700,1,0.30000000000000004,39187.21209716797,4700,1,0.30000000000000004,39780.61312866211,4700,1,0.30000000000000004,40525.20274353027,4700,1,0.30000000000000004,35600.709716796875,4700,1,0.30000000000000004,34178.42295837402,4700,1,0.30000000000000004,33664.98944091797,4700,1,0.30000000000000004,38288.690032958984,4700,1,0.30000000000000004,23633437.993362427,400,400,400,400,400,400,4691,400,400,400,4690,400,400,4690,400,400,400,400,4690,4690,400,4690,400,400,100,0,0,0,0,0,0,0,0,0,0,0,0,0,0,0,0,0,0,0,0,0,0,0,66480525312,2147479552,28873052160,0
99,1713877609337,101193.03997802734,4700,1,0.30000000000000004,35557.14825439453,4700,1,0.30000000000000004,92015.94467163086,4700,1,0.30000000000000004,40472.47196960449,4700,1,0.30000000000000004,42112.94351196289,4700,1,0.30000000000000004,39187.215255737305,4700,1,0.30000000000000004,39780.61622619629,4700,1,0.30000000000000004,40525.20594787598,4700,1,0.30000000000000004,35600.71131896973,4700,1,0.30000000000000004,34178.424560546875,4700,1,0.30000000000000004,33664.99099731445,4700,1,0.30000000000000004,38288.691665649414,4700,1,0.30000000000000004,23633441.64390564,400,400,400,400,400,400,4691,400,400,400,4690,400,400,4690,400,400,400,400,4690,4690,400,4690,400,400,100,0,0,0,0,0,0,0,0,0,0,0,0,0,0,0,0,0,0,0,0,0,0,0,66480525312,2147479552,29084135424,0
99,1713877609437,101193.52326965332,4700,1,0.30000000000000004,35557.149810791016,4700,1,0.30000000000000004,92015.94641113281,4700,1,0.30000000000000004,40472.4875793457,4700,1,0.30000000000000004,42112.94667053223,4700,1,0.30000000000000004,39187.2184753418,4700,1,0.30000000000000004,39780.61932373047,4700,1,0.30000000000000004,40525.20927429199,4700,1,0.30000000000000004,35600.71473693848,4700,1,0.30000000000000004,34178.428131103516,4700,1,0.30000000000000004,33664.99256896973,4700,1,0.30000000000000004,38288.69332885742,4700,1,0.30000000000000004,23633445.351470947,400,400,400,400,400,400,4691,400,400,400,4690,400,400,4690,400,400,400,400,4690,4690,400,4690,400,400,100,0,0,0,0,0,0,0,0,0,0,0,0,0,0,0,0,0,0,0,0,0,0,0,66480525312,2147479552,29294702592,0
99,1713877609537,101194.0072631836,4700,1,0.30000000000000004,35557.151443481445,4700,1,0.30000000000000004,92015.9485168457,4700,1,0.30000000000000004,40472.502517700195,4700,1,0.30000000000000004,42112.949768066406,4700,1,0.30000000000000004,39187.22157287598,4700,1,0.30000000000000004,39780.62242126465,4700,1,0.30000000000000004,40525.21260070801,4700,1,0.30000000000000004,35600.71632385254,4700,1,0.30000000000000004,34178.429916381836,4700,1,0.30000000000000004,33664.994140625,4700,1,0.30000000000000004,38288.69567871094,4700,1,0.30000000000000004,23633449.049087524,400,400,400,400,400,400,4691,400,400,400,4690,400,400,4690,400,400,400,400,4690,4690,400,4690,400,400,100,0,0,0,0,0,0,0,0,0,0,0,0,0,0,0,0,0,0,0,0,0,0,0,66480525312,2147479552,29505269760,0
99,1713877609637,101194.49124145508,4700,1,0.30000000000000004,35557.15301513672,4700,1,0.30000000000000004,92015.95031738281,4700,1,0.30000000000000004,40472.51446533203,4700,1,0.30000000000000004,42112.95291137695,4700,1,0.30000000000000004,39187.23439025879,4700,1,0.30000000000000004,39780.62559509277,4700,1,0.30000000000000004,40525.21597290039,4700,1,0.30000000000000004,35600.71954345703,4700,1,0.30000000000000004,34178.43148803711,4700,1,0.30000000000000004,33664.99571228027,4700,1,0.30000000000000004,38288.697341918945,4700,1,0.30000000000000004,23633452.711517334,400,400,400,400,400,400,4691,400,400,400,4690,400,400,4690,400,400,400,400,4690,4690,400,4690,400,400,100,0,0,0,0,0,0,0,0,0,0,0,0,0,0,0,0,0,0,0,0,0,0,0,66480525312,2147479552,29715836928,0
99,1713877609737,101194.9758605957,4700,1,0.29374999999999996,35557.155181884766,4700,1,0.30000000000000004,92015.95239257813,4700,1,0.30000000000000004,40472.532485961914,4700,1,0.29374999999999996,42112.95602416992,4700,1,0.29374999999999996,39187.23748779297,4700,1,0.30000000000000004,39780.62878417969,4700,1,0.30000000000000004,40525.21961975098,4700,1,0.30000000000000004,35600.72116088867,4700,1,0.30000000000000004,34178.43305969238,4700,1,0.30000000000000004,33664.99736022949,4700,1,0.30000000000000004,38288.69891357422,4700,1,0.30000000000000004,23633456.336914063,400,400,400,400,400,400,4691,400,400,400,4690,400,400,4690,400,400,400,400,4690,4690,400,4690,400,400,100,0,0,0,0,0,0,0,0,0,0,0,0,0,0,0,0,0,0,0,0,0,0,0,66480525312,2147479552,29926146048,0
99,1713877609837,101195.45574951172,4700,1,0.30000000000000004,35557.15684509277,4700,1,0.30000000000000004,92015.95414733887,4700,1,0.30000000000000004,40472.54965209961,4700,1,0.30000000000000004,42112.9591217041,4700,1,0.30000000000000004,39187.24058532715,4700,1,0.30000000000000004,39780.63188171387,4700,1,0.30000000000000004,40525.22294616699,4700,1,0.30000000000000004,35600.72302246094,4700,1,0.30000000000000004,34178.434631347656,4700,1,0.30000000000000004,33664.998931884766,4700,1,0.30000000000000004,38288.70048522949,4700,1,0.30000000000000004,23633459.979125977,400,400,400,400,400,400,4691,400,400,400,4690,400,400,4690,400,400,400,400,4690,4690,400,4690,400,400,100,0,0,0,0,0,0,0,0,0,0,0,0,0,0,0,0,0,0,0,0,0,0,0,66480525312,2147479552,30137229312,0
99,1713877609937,101195.93994140625,4700,1,0.30000000000000004,35557.158599853516,4700,1,0.30000000000000004,92015.95590209961,4700,1,0.30000000000000004,40472.55906677246,4700,1,0.30000000000000004,42112.96226501465,4700,1,0.30000000000000004,39187.24938964844,4700,1,0.30000000000000004,39780.63851928711,4700,1,0.30000000000000004,40525.226318359375,4700,1,0.30000000000000004,35600.72457885742,4700,1,0.30000000000000004,34178.43620300293,4700,1,0.30000000000000004,33665.00050354004,4700,1,0.30000000000000004,38288.702056884766,4700,1,0.30000000000000004,23633463.700424194,400,400,400,400,400,400,4691,400,400,400,4690,400,400,4690,400,400,400,400,4690,4690,400,4690,400,400,100,0,0,0,0,0,0,0,0,0,0,0,0,0,0,0,0,0,0,0,0,0,0,0,66480525312,2147479552,30347796480,0
99,1713877610037,101196.42404174805,4700,1,0.30000000000000004,35557.161193847656,4700,1,0.30000000000000004,92015.95811462402,4700,1,0.30000000000000004,40472.57257080078,4700,1,0.30000000000000004,42112.96553039551,4700,1,0.30000000000000004,39187.252685546875,4700,1,0.30000000000000004,39780.643005371094,4700,1,0.30000000000000004,40525.22998046875,4700,1,0.30000000000000004,35600.727615356445,4700,1,0.30000000000000004,34178.43782043457,4700,1,0.30000000000000004,33665.003158569336,4700,1,0.30000000000000004,38288.70379638672,4700,1,0.30000000000000004,23633467.399230957,400,400,400,400,400,400,4691,400,400,400,4690,400,400,4690,400,400,400,400,4690,4690,400,4690,400,400,100,0,0,0,0,0,0,0,0,0,0,0,0,0,0,0,0,0,0,0,0,0,0,0,66480525312,2147479552,30558363648,0
99,1713877610137,101196.90843200684,4700,1,0.30000000000000004,35557.16279602051,4700,1,0.30000000000000004,92015.95991516113,4700,1,0.30000000000000004,40472.58825683594,4700,1,0.30000000000000004,42112.96862792969,4700,1,0.30000000000000004,39187.255783081055,4700,1,0.30000000000000004,39780.64610290527,4700,1,0.30000000000000004,40525.23329162598,4700,1,0.30000000000000004,35600.72930908203,4700,1,0.30000000000000004,34178.439453125,4700,1,0.30000000000000004,33665.00477600098,4700,1,0.30000000000000004,38288.70544433594,4700,1,0.30000000000000004,23633471.052841187,400,400,400,400,400,400,4691,400,400,400,4690,400,400,4690,400,400,400,400,4690,4690,400,4690,400,400,100,0,0,0,0,0,0,0,0,0,0,0,0,0,0,0,0,0,0,0,0,0,0,0,66480525312,2147479552,30768930816,0
99,1713877610237,101197.39242553711,4700,1,0.30000000000000004,35557.16438293457,4700,1,0.30000000000000004,92015.96214294434,4700,1,0.30000000000000004,40472.60144042969,4700,1,0.30000000000000004,42112.971939086914,4700,1,0.30000000000000004,39187.258880615234,4700,1,0.30000000000000004,39780.651306152344,4700,1,0.30000000000000004,40525.237228393555,4700,1,0.30000000000000004,35600.732650756836,4700,1,0.30000000000000004,34178.4411315918,4700,1,0.30000000000000004,33665.00749206543,4700,1,0.30000000000000004,38288.70701599121,4700,1,0.30000000000000004,23633474.755065918,400,400,400,400,400,400,4691,400,400,400,4690,400,400,4690,400,400,400,400,4690,4690,400,4690,400,400,100,0,0,0,0,0,0,0,0,0,0,0,0,0,0,0,0,0,0,0,0,0,0,0,66480525312,2147479552,30979497984,0
99,1713877610337,101197.87672424316,4700,1,0.30000000000000004,35557.165954589844,4700,1,0.30000000000000004,92015.9644165039,4700,1,0.30000000000000004,40472.6184387207,4700,1,0.30000000000000004,42112.97508239746,4700,1,0.30000000000000004,39187.26203918457,4700,1,0.30000000000000004,39780.65440368652,4700,1,0.30000000000000004,40525.24090576172,4700,1,0.30000000000000004,35600.73481750488,4700,1,0.30000000000000004,34178.44274902344,4700,1,0.30000000000000004,33665.0090637207,4700,1,0.30000000000000004,38288.708587646484,4700,1,0.30000000000000004,23633478.439163208,400,400,400,400,400,400,4691,400,400,400,4690,400,400,4690,400,400,400,400,4690,4690,400,4690,400,400,100,0,0,0,0,0,0,0,0,0,0,0,0,0,0,0,0,0,0,0,0,0,0,0,66480525312,2147479552,31190065152,0
99,1713877610437,101198.36097717285,4700,1,0.30000000000000004,35557.16752624512,4700,1,0.30000000000000004,92015.96617126465,4700,1,0.30000000000000004,40472.63383483887,4700,1,0.30000000000000004,42112.97817993164,4700,1,0.30000000000000004,39187.26518249512,4700,1,0.30000000000000004,39780.65757751465,4700,1,0.30000000000000004,40525.24443054199,4700,1,0.30000000000000004,35600.7384185791,4700,1,0.30000000000000004,34178.44432067871,4700,1,0.30000000000000004,33665.01063537598,4700,1,0.30000000000000004,38288.71015930176,4700,1,0.30000000000000004,23633482.125549316,400,400,400,400,400,400,4691,400,400,400,4690,400,400,4690,400,400,400,400,4690,4690,400,4690,400,400,100,0,0,0,0,0,0,0,0,0,0,0,0,0,0,0,0,0,0,0,0,0,0,0,66480525312,2147479552,31400632320,0
99,1713877610537,101198.84057617188,4700,1,0.30000000000000004,35557.16914367676,4700,1,0.30000000000000004,92015.96849060059,4700,1,0.30000000000000004,40472.648666381836,4700,1,0.30000000000000004,42112.98368835449,4700,1,0.30000000000000004,39187.2682800293,4700,1,0.30000000000000004,39780.66067504883,4700,1,0.30000000000000004,40525.247802734375,4700,1,0.30000000000000004,35600.740005493164,4700,1,0.30000000000000004,34178.4461517334,4700,1,0.30000000000000004,33665.01220703125,4700,1,0.30000000000000004,38288.71188354492,4700,1,0.30000000000000004,23633485.79925537,400,400,400,400,400,400,4691,400,400,400,4690,400,400,4690,400,400,400,400,4690,4690,400,4690,400,400,100,0,0,0,0,0,0,0,0,0,0,0,0,0,0,0,0,0,0,0,0,0,0,0,66480525312,2147479552,31611199488,0
99,1713877610637,101199.3246459961,4700,1,0.30000000000000004,35557.17071533203,4700,1,0.30000000000000004,92015.97033691406,4700,1,0.30000000000000004,40472.65986633301,4700,1,0.30000000000000004,42112.986755371094,4700,1,0.30000000000000004,39187.2737121582,4700,1,0.30000000000000004,39780.66374206543,4700,1,0.30000000000000004,40525.251205444336,4700,1,0.30000000000000004,35600.74272155762,4700,1,0.30000000000000004,34178.44772338867,4700,1,0.30000000000000004,33665.01377868652,4700,1,0.30000000000000004,38288.71350097656,4700,1,0.30000000000000004,23633489.51512146,400,400,400,400,400,400,4691,400,400,400,4690,400,400,4690,400,400,400,400,4690,4690,400,4690,400,400,100,0,0,0,0,0,0,0,0,0,0,0,0,0,0,0,0,0,0,0,0,0,0,0,66480525312,2147479552,31821766656,0
99,1713877610737,101199.80889892578,4700,1,0.30000000000000004,35557.17236328125,4700,1,0.30000000000000004,92015.97239685059,4700,1,0.30000000000000004,40472.67723083496,4700,1,0.30000000000000004,42112.98994445801,4700,1,0.30000000000000004,39187.27680969238,4700,1,0.30000000000000004,39780.66703796387,4700,1,0.30000000000000004,40525.25468444824,4700,1,0.30000000000000004,35600.7442779541,4700,1,0.30000000000000004,34178.449279785156,4700,1,0.30000000000000004,33665.01712036133,4700,1,0.30000000000000004,38288.71505737305,4700,1,0.30000000000000004,23633493.199539185,400,400,400,400,400,400,4691,400,400,400,4690,400,400,4690,400,400,400,400,4690,4690,400,4690,400,400,100,0,0,0,0,0,0,0,0,0,0,0,0,0,0,0,0,0,0,0,0,0,0,0,66480525312,2147479552,32032333824,0
99,1713877610837,101200.29373168945,4700,1,0.30000000000000004,35557.173919677734,4700,1,0.30000000000000004,92015.97413635254,4700,1,0.30000000000000004,40472.68983459473,4700,1,0.30000000000000004,42112.99378967285,4700,1,0.30000000000000004,39187.28202819824,4700,1,0.30000000000000004,39780.67013549805,4700,1,0.30000000000000004,40525.25814819336,4700,1,0.30000000000000004,35600.74690246582,4700,1,0.30000000000000004,34178.45086669922,4700,1,0.30000000000000004,33665.0186920166,4700,1,0.30000000000000004,38288.7184753418,4700,1,0.30000000000000004,23633496.840057373,400,400,400,400,400,400,4691,400,400,400,4690,400,400,4690,400,400,400,400,4690,4690,400,4690,400,400,100,0,0,0,0,0,0,0,0,0,0,0,0,0,0,0,0,0,0,0,0,0,0,0,66480525312,2147479552,32242900992,0
99,1713877610938,101200.77757263184,4700,1,0.30000000000000004,35557.17556762695,4700,1,0.30000000000000004,92015.97589111328,4700,1,0.30000000000000004,40472.702224731445,4700,1,0.30000000000000004,42112.9969329834,4700,1,0.30000000000000004,39187.288513183594,4700,1,0.30000000000000004,39780.676010131836,4700,1,0.30000000000000004,40525.261657714844,4700,1,0.30000000000000004,35600.74851989746,4700,1,0.30000000000000004,34178.45243835449,4700,1,0.30000000000000004,33665.020263671875,4700,1,0.30000000000000004,38288.720153808594,4700,1,0.30000000000000004,23633500.558044434,400,400,400,400,400,400,4691,400,400,400,4690,400,400,4690,400,400,400,400,4690,4690,400,4690,400,400,100,0,0,0,0,0,0,0,0,0,0,0,0,0,0,0,0,0,0,0,0,0,0,0,66480525312,2147479552,32453984256,0
99,1713877611038,101201.26206970215,4700,1,0.30000000000000004,35557.17713928223,4700,1,0.30000000000000004,92015.97805786133,4700,1,0.30000000000000004,40472.71597290039,4700,1,0.30000000000000004,42113.000091552734,4700,1,0.30000000000000004,39187.29167175293,4700,1,0.30000000000000004,39780.679107666016,4700,1,0.30000000000000004,40525.26528930664,4700,1,0.30000000000000004,35600.75035095215,4700,1,0.30000000000000004,34178.454010009766,4700,1,0.30000000000000004,33665.02183532715,4700,1,0.30000000000000004,38288.72184753418,4700,1,0.30000000000000004,23633504.228607178,400,400,400,400,400,400,4691,400,400,400,4690,400,400,4690,400,400,400,400,4690,4690,400,4690,400,400,100,0,0,0,0,0,0,4.761904716491699,0,0,0,0,0,0,0,0,0,0,0,0,0,0,0,0,66480525312,2147479552,32664035328,0
99,1713877611138,101201.74703979492,4700,1,0.30000000000000004,35557.1787109375,4700,1,0.30000000000000004,92015.97981262207,4700,1,0.30000000000000004,40472.73350524902,4700,1,0.30000000000000004,42113.00355529785,4700,1,0.30000000000000004,39187.29476928711,4700,1,0.30000000000000004,39780.682205200195,4700,1,0.30000000000000004,40525.26856994629,4700,1,0.30000000000000004,35600.75193786621,4700,1,0.30000000000000004,34178.45558166504,4700,1,0.30000000000000004,33665.02340698242,4700,1,0.30000000000000004,38288.72537231445,4700,1,0.30000000000000004,23633507.890945435,400,400,400,400,400,400,4691,400,400,400,4690,400,400,4690,400,400,400,400,4690,4690,400,4690,400,400,100,0,0,0,0,0,0,4.761904716491699,0,0,0,0,0,0,0,0,0,0,0,0,0,0,0,0,66480525312,2147479552,32875118592,0
99,1713877611238,101202.23182678223,4700,1,0.30000000000000004,35557.18028259277,4700,1,0.30000000000000004,92015.9819946289,4700,1,0.30000000000000004,40472.747817993164,4700,1,0.30000000000000004,42113.00679016113,4700,1,0.30000000000000004,39187.29786682129,4700,1,0.30000000000000004,39780.68542480469,4700,1,0.30000000000000004,40525.272216796875,4700,1,0.30000000000000004,35600.7546081543,4700,1,0.30000000000000004,34178.457275390625,4700,1,0.30000000000000004,33665.025619506836,4700,1,0.30000000000000004,38288.726989746094,4700,1,0.30000000000000004,23633511.564178467,400,400,400,400,400,400,4691,400,400,400,4690,400,400,4690,400,400,400,400,4690,4690,400,4690,400,400,100,0,0,0,0,0,0,0,0,0,0,0,0,0,0,0,0,0,0,0,0,0,0,0,66480525312,2147479552,33085169664,0
99,1713877611338,101202.71109008789,4700,1,0.30000000000000004,35557.18185424805,4700,1,0.30000000000000004,92015.98377990723,4700,1,0.30000000000000004,40472.76155090332,4700,1,0.30000000000000004,42113.010498046875,4700,1,0.30000000000000004,39187.30099487305,4700,1,0.30000000000000004,39780.68849182129,4700,1,0.30000000000000004,40525.27555847168,4700,1,0.30000000000000004,35600.75619506836,4700,1,0.30000000000000004,34178.458892822266,4700,1,0.30000000000000004,33665.02719116211,4700,1,0.30000000000000004,38288.7286529541,4700,1,0.30000000000000004,23633515.25944519,400,400,400,400,400,400,4691,400,400,400,4690,400,400,4690,400,400,400,400,4690,4690,400,4690,400,400,100,0,0,0,0,0,0,0,0,0,0,0,0,0,0,0,0,0,0,0,0,0,0,0,66480525312,2147479552,33295736832,0
99,1713877611438,101203.21939086914,4700,1,0.30000000000000004,35557.18342590332,4700,1,0.30000000000000004,92015.98561096191,4700,1,0.30000000000000004,40472.7794342041,4700,1,0.30000000000000004,42113.014068603516,4700,1,0.30000000000000004,39187.30667114258,4700,1,0.30000000000000004,39780.69323730469,4700,1,0.30000000000000004,40525.279296875,4700,1,0.30000000000000004,35600.758728027344,4700,1,0.30000000000000004,34178.46237182617,4700,1,0.30000000000000004,33665.028900146484,4700,1,0.30000000000000004,38288.73034667969,4700,1,0.30000000000000004,23633519.024658203,400,400,400,400,400,400,4691,400,400,400,4690,400,400,4690,400,400,400,400,4690,4690,400,4690,400,400,100,0,0,0,0,0,0,0,0,0,0,0,0,0,0,0,0,0,0,0,0,0,0,0,66480525312,2147479552,32810799104,0
99,1713877611538,101203.81968688965,4700,1,0.30000000000000004,35557.18502807617,4700,1,0.30000000000000004,92015.98806762695,4700,1,0.30000000000000004,40472.79544067383,4700,1,0.30000000000000004,42113.01872253418,4700,1,0.30000000000000004,39187.30976867676,4700,1,0.30000000000000004,39780.696365356445,4700,1,0.30000000000000004,40525.28321838379,4700,1,0.30000000000000004,35600.76029968262,4700,1,0.30000000000000004,34178.464126586914,4700,1,0.30000000000000004,33665.030502319336,4700,1,0.30000000000000004,38288.73194885254,4700,1,0.30000000000000004,23633522.986328125,400,400,400,400,400,400,4691,400,400,400,4690,400,400,4690,400,400,400,400,4690,4690,400,4690,400,400,100,0,0,0,0,0,0,0,0,0,0,0,0,0,0,0,0,0,0,0,0,0,0,0,66480525312,2147479552,30468866048,0
99,1713877611638,101204.41874694824,4700,1,0.30000000000000004,35557.186599731445,4700,1,0.30000000000000004,92015.99003601074,4700,1,0.30000000000000004,40472.8083190918,4700,1,0.30000000000000004,42113.022872924805,4700,1,0.30000000000000004,39187.31996154785,4700,1,0.30000000000000004,39780.699462890625,4700,1,0.30000000000000004,40525.28707885742,4700,1,0.30000000000000004,35600.76268005371,4700,1,0.30000000000000004,34178.46571350098,4700,1,0.30000000000000004,33665.0320892334,4700,1,0.30000000000000004,38288.73359680176,4700,1,0.30000000000000004,23633526.88040161,400,400,400,400,400,400,4691,400,400,400,4690,400,400,4690,400,400,400,400,4690,4690,400,4690,400,400,100,0,0,0,0,0,0,0,0,0,0,0,0,0,0,0,0,0,0,0,0,0,0,0,66480525312,2147479552,28090114048,0
99,1713877611738,101205.01754760742,4700,1,0.30000000000000004,35557.188247680664,4700,1,0.30000000000000004,92015.99209594727,4700,1,0.30000000000000004,40472.82563781738,4700,1,0.30000000000000004,42113.026763916016,4700,1,0.30000000000000004,39187.32305908203,4700,1,0.30000000000000004,39780.70510864258,4700,1,0.30000000000000004,40525.29063415527,4700,1,0.30000000000000004,35600.76432800293,4700,1,0.30000000000000004,34178.46728515625,4700,1,0.30000000000000004,33665.03497314453,4700,1,0.30000000000000004,38288.73522949219,4700,1,0.30000000000000004,23633530.865447998,400,400,400,400,400,400,4691,400,400,400,4690,400,400,4690,400,400,400,400,4690,4690,400,4690,400,400,100,0,0,0,0,0,0,0,0,0,0,0,0,0,0,0,0,0,0,0,0,0,0,0,66480525312,2147479552,25726857216,0
99,1713877611838,101205.6167602539,4700,1,0.30000000000000004,35557.18981933594,4700,1,0.30000000000000004,92015.99412536621,4700,1,0.30000000000000004,40472.84233093262,4700,1,0.30000000000000004,42113.031005859375,4700,1,0.30000000000000004,39187.32615661621,4700,1,0.30000000000000004,39780.70820617676,4700,1,0.30000000000000004,40525.29428100586,4700,1,0.30000000000000004,35600.76626586914,4700,1,0.30000000000000004,34178.46885681152,4700,1,0.30000000000000004,33665.036544799805,4700,1,0.30000000000000004,38288.73680114746,4700,1,0.30000000000000004,23633534.800872803,400,400,400,400,400,400,4691,400,400,400,4690,400,400,4690,400,400,400,400,4690,4690,400,4690,400,400,100,4.761904716491699,0,0,0,0,0,0,0,0,0,0,0,0,0,0,0,0,0,0,0,0,0,0,66480525312,2147479552,23358861312,0
99,1713877611938,101206.21737670898,4700,1,0.30000000000000004,35557.208251953125,4700,1,0.30000000000000004,92016.01187133789,4700,1,0.30000000000000004,40472.88798522949,4700,1,0.30000000000000004,42113.058670043945,4700,1,0.30000000000000004,39187.3494720459,4700,1,0.30000000000000004,39780.73045349121,4700,1,0.30000000000000004,40525.31655883789,4700,1,0.30000000000000004,35600.78030395508,4700,1,0.30000000000000004,34178.4841003418,4700,1,0.30000000000000004,33665.04763793945,4700,1,0.30000000000000004,38288.75128173828,4700,1,0.30000000000000004,23633538.940551758,400,400,400,400,400,400,4691,400,400,400,4690,400,400,4690,400,400,400,400,4690,4690,400,4690,400,400,100,4.761904716491699,0,0,0,0,0,0,0,0,0,0,0,0,0,0,0,0,0,0,0,0,0,0,66480525312,2147479552,20974731264,0
99,1713877612038,101206.7551574707,4700,1,0.30000000000000004,35557.2098236084,4700,1,0.30000000000000004,92016.01443481445,4700,1,0.30000000000000004,40472.907943725586,4700,1,0.30000000000000004,42113.06344604492,4700,1,0.30000000000000004,39187.35316467285,4700,1,0.30000000000000004,39780.73355102539,4700,1,0.30000000000000004,40525.3205871582,4700,1,0.30000000000000004,35600.782150268555,4700,1,0.30000000000000004,34178.48567199707,4700,1,0.30000000000000004,33665.04920959473,4700,1,0.30000000000000004,38288.75288391113,4700,1,0.30000000000000004,23633542.889282227,400,400,400,400,400,400,4691,400,400,400,4690,400,400,4690,400,400,400,400,4690,4690,400,4690,400,400,100,5,0,0,0,0,0,0,0,0,0,0,0,0,0,0,0,0,0,0,0,0,0,0,66480525312,2147479552,20620148736,0
99,1713877612138,101207.22933959961,4700,1,0.30000000000000004,35557.21139526367,4700,1,0.30000000000000004,92016.0161895752,4700,1,0.30000000000000004,40472.919372558594,4700,1,0.30000000000000004,42113.06692504883,4700,1,0.30000000000000004,39187.35623168945,4700,1,0.30000000000000004,39780.73661804199,4700,1,0.30000000000000004,40525.323791503906,4700,1,0.30000000000000004,35600.78370666504,4700,1,0.30000000000000004,34178.487243652344,4700,1,0.30000000000000004,33665.05078125,4700,1,0.30000000000000004,38288.75454711914,4700,1,0.30000000000000004,23633546.65827942,400,400,400,400,400,400,4691,400,400,400,4690,400,400,4690,400,400,400,400,4690,4690,400,4690,400,400,100,5,0,0,0,0,0,0,0,0,0,0,0,0,0,0,0,0,0,0,0,0,0,0,66480525312,2147479552,20824522752,0
99,1713877612238,101207.71202087402,4700,1,0.30000000000000004,35557.21301269531,4700,1,0.30000000000000004,92016.01821899414,4700,1,0.30000000000000004,40472.93461608887,4700,1,0.30000000000000004,42113.07064819336,4700,1,0.30000000000000004,39187.35940551758,4700,1,0.30000000000000004,39780.740478515625,4700,1,0.30000000000000004,40525.32734680176,4700,1,0.30000000000000004,35600.785705566406,4700,1,0.30000000000000004,34178.49070739746,4700,1,0.30000000000000004,33665.052505493164,4700,1,0.30000000000000004,38288.75791931152,4700,1,0.30000000000000004,23633550.326263428,400,400,400,400,400,400,4691,400,400,400,4690,400,400,4690,400,400,400,400,4690,4690,400,4690,400,400,100,4.761904716491699,0,0,0,0,0,0,0,0,0,0,0,0,0,0,0,0,0,0,0,0,0,0,66480525312,2147479552,21031477248,0
99,1713877612338,101208.19593811035,4700,1,0.30000000000000004,35557.2145690918,4700,1,0.30000000000000004,92016.0199584961,4700,1,0.30000000000000004,40472.9518737793,4700,1,0.30000000000000004,42113.07424926758,4700,1,0.30000000000000004,39187.36250305176,4700,1,0.30000000000000004,39780.743576049805,4700,1,0.30000000000000004,40525.330657958984,4700,1,0.30000000000000004,35600.787338256836,4700,1,0.30000000000000004,34178.49229431152,4700,1,0.30000000000000004,33665.05407714844,4700,1,0.30000000000000004,38288.759536743164,4700,1,0.30000000000000004,23633553.91682434,400,400,400,400,400,400,4691,400,400,400,4690,400,400,4690,400,400,400,400,4690,4690,400,4690,400,400,100,4.761904716491699,0,0,0,0,0,0,0,0,0,0,0,0,0,0,0,0,0,0,0,0,0,0,66480525312,2147479552,21239980032,0
99,1713877612438,101208.6801147461,4700,1,0.30000000000000004,35557.21614074707,4700,1,0.30000000000000004,92016.02174377441,4700,1,0.30000000000000004,40472.96603393555,4700,1,0.30000000000000004,42113.077896118164,4700,1,0.30000000000000004,39187.365646362305,4700,1,0.30000000000000004,39780.746673583984,4700,1,0.30000000000000004,40525.3341217041,4700,1,0.30000000000000004,35600.78926086426,4700,1,0.30000000000000004,34178.493911743164,4700,1,0.30000000000000004,33665.05570983887,4700,1,0.30000000000000004,38288.76110839844,4700,1,0.30000000000000004,23633557.58872986,400,400,400,400,400,400,4691,400,400,400,4690,400,400,4690,400,400,400,400,4690,4690,400,4690,400,400,100,4.761904716491699,0,0,0,0,0,0,0,0,0,0,0,0,0,0,0,0,0,0,0,0,0,0,66480525312,2147479552,21448998912,0
99,1713877612538,101209.16567993164,4700,1,0.30000000000000004,35557.21775817871,4700,1,0.30000000000000004,92016.02435302734,4700,1,0.30000000000000004,40472.97981262207,4700,1,0.30000000000000004,42113.081466674805,4700,1,0.30000000000000004,39187.368743896484,4700,1,0.30000000000000004,39780.749771118164,4700,1,0.30000000000000004,40525.33755493164,4700,1,0.30000000000000004,35600.79098510742,4700,1,0.30000000000000004,34178.496841430664,4700,1,0.30000000000000004,33665.05728149414,4700,1,0.30000000000000004,38288.762786865234,4700,1,0.30000000000000004,23633561.184143066,400,400,400,400,400,400,4691,400,400,400,4690,400,400,4690,400,400,400,400,4690,4690,400,4690,400,400,100,4.761904716491699,0,0,0,0,0,0,0,0,0,0,0,0,0,0,0,0,0,0,0,0,0,0,66480525312,2147479552,21658533888,0
99,1713877612639,101209.65014648438,4700,1,0.30000000000000004,35557.219329833984,4700,1,0.30000000000000004,92016.02613830566,4700,1,0.30000000000000004,40472.99922180176,4700,1,0.30000000000000004,42113.08479309082,4700,1,0.30000000000000004,39187.371841430664,4700,1,0.30000000000000004,39780.752868652344,4700,1,0.30000000000000004,40525.340881347656,4700,1,0.30000000000000004,35600.79460144043,4700,1,0.30000000000000004,34178.49841308594,4700,1,0.30000000000000004,33665.058853149414,4700,1,0.30000000000000004,38288.76435852051,4700,1,0.30000000000000004,23633564.876205444,400,400,400,400,400,400,4691,400,400,400,4690,400,400,4690,400,400,400,400,4690,4690,400,4690,400,400,100,5,0,0,0,0,0,0,0,0,0,0,0,0,0,0,0,0,0,0,0,0,0,0,66480525312,2147479552,21868584960,0
99,1713877612739,101210.13009643555,4700,1,0.30000000000000004,35557.22100830078,4700,1,0.30000000000000004,92016.02827453613,4700,1,0.30000000000000004,40473.01713562012,4700,1,0.30000000000000004,42113.088470458984,4700,1,0.30000000000000004,39187.374938964844,4700,1,0.30000000000000004,39780.756286621094,4700,1,0.30000000000000004,40525.34474182129,4700,1,0.30000000000000004,35600.79618835449,4700,1,0.30000000000000004,34178.50196838379,4700,1,0.30000000000000004,33665.061294555664,4700,1,0.30000000000000004,38288.76786804199,4700,1,0.30000000000000004,23633568.52244568,400,400,400,400,400,400,4691,400,400,400,4690,400,400,4690,400,400,400,400,4690,4690,400,4690,400,400,100,5,0,0,0,0,0,0,0,0,0,0,0,0,0,0,0,0,0,0,0,0,0,0,66480525312,2147479552,22078836736,0
99,1713877612839,101210.61598205566,4700,1,0.30000000000000004,35557.22309875488,4700,1,0.30000000000000004,92016.03002929688,4700,1,0.30000000000000004,40473.030349731445,4700,1,0.30000000000000004,42113.09176635742,4700,1,0.30000000000000004,39187.378005981445,4700,1,0.30000000000000004,39780.759353637695,4700,1,0.30000000000000004,40525.348205566406,4700,1,0.30000000000000004,35600.799728393555,4700,1,0.30000000000000004,34178.50354003906,4700,1,0.30000000000000004,33665.06286621094,4700,1,0.30000000000000004,38288.76950073242,4700,1,0.30000000000000004,23633572.177963257,400,400,400,400,400,400,4691,400,400,400,4690,400,400,4690,400,400,400,400,4690,4690,400,4690,400,400,100,4.761904716491699,0,0,0,0,0,0,0,0,0,0,0,0,0,0,0,0,0,0,0,0,0,0,66480525312,2147479552,22289403904,0
99,1713877612939,101211.10145568848,4700,1,0.30000000000000004,35557.22480773926,4700,1,0.30000000000000004,92016.03192138672,4700,1,0.30000000000000004,40473.048110961914,4700,1,0.30000000000000004,42113.095291137695,4700,1,0.30000000000000004,39187.38296508789,4700,1,0.30000000000000004,39780.76670837402,4700,1,0.30000000000000004,40525.351638793945,4700,1,0.30000000000000004,35600.80130004883,4700,1,0.30000000000000004,34178.50509643555,4700,1,0.30000000000000004,33665.06442260742,4700,1,0.30000000000000004,38288.77117919922,4700,1,0.30000000000000004,23633575.83731079,400,400,400,400,400,400,4691,400,400,400,4690,400,400,4690,400,400,400,400,4690,4690,400,4690,400,400,100,4.761904716491699,0,0,0,0,0,0,0,0,0,0,0,0,0,0,0,0,0,0,0,0,0,0,66480525312,2147479552,22499454976,0
99,1713877613039,101211.5867767334,4700,1,0.30000000000000004,35557.22636413574,4700,1,0.30000000000000004,92016.0343170166,4700,1,0.30000000000000004,40473.06280517578,4700,1,0.30000000000000004,42113.09881591797,4700,1,0.30000000000000004,39187.38612365723,4700,1,0.30000000000000004,39780.7698059082,4700,1,0.30000000000000004,40525.355392456055,4700,1,0.30000000000000004,35600.8049621582,4700,1,0.30000000000000004,34178.50668334961,4700,1,0.30000000000000004,33665.065994262695,4700,1,0.30000000000000004,38288.77282714844,4700,1,0.30000000000000004,23633579.470581055,400,400,400,400,400,400,4691,400,400,400,4690,400,400,4690,400,400,400,400,4690,4690,400,4690,400,400,100,0,0,0,0,0,0,0,0,0,0,0,0,0,0,0,0,0,0,0,0,0,0,0,66480525312,2147479552,22710022144,0
99,1713877613139,101212.07232666016,4700,1,0.30000000000000004,35557.227951049805,4700,1,0.30000000000000004,92016.03607177734,4700,1,0.30000000000000004,40473.079162597656,4700,1,0.30000000000000004,42113.10218811035,4700,1,0.30000000000000004,39187.389221191406,4700,1,0.30000000000000004,39780.77290344238,4700,1,0.30000000000000004,40525.358627319336,4700,1,0.30000000000000004,35600.806549072266,4700,1,0.30000000000000004,34178.50825500488,4700,1,0.30000000000000004,33665.06756591797,4700,1,0.30000000000000004,38288.7744140625,4700,1,0.30000000000000004,23633583.161621094,400,400,400,400,400,400,4691,400,400,400,4690,400,400,4690,400,400,400,400,4690,4690,400,4690,400,400,100,0,0,0,0,0,0,0,0,0,0,0,0,0,0,0,0,0,0,0,0,0,0,0,66480525312,2147479552,22921105408,0
99,1713877613239,101212.55783081055,4700,1,0.30000000000000004,35557.22952270508,4700,1,0.30000000000000004,92016.03814697266,4700,1,0.30000000000000004,40473.09242248535,4700,1,0.30000000000000004,42113.10575866699,4700,1,0.30000000000000004,39187.39237976074,4700,1,0.30000000000000004,39780.776123046875,4700,1,0.30000000000000004,40525.36213684082,4700,1,0.30000000000000004,35600.80995178223,4700,1,0.30000000000000004,34178.50993347168,4700,1,0.30000000000000004,33665.070571899414,4700,1,0.30000000000000004,38288.77786254883,4700,1,0.30000000000000004,23633586.84095764,400,400,400,400,400,400,4691,400,400,400,4690,400,400,4690,400,400,400,400,4690,4690,400,4690,400,400,100,5,0,0,0,0,0,0,0,0,0,0,0,0,0,0,0,0,0,0,0,0,0,0,66480525312,2147479552,23131672576,0
99,1713877613339,101213.04330444336,4700,1,0.29374999999999996,35557.23109436035,4700,1,0.30000000000000004,92016.03991699219,4700,1,0.30000000000000004,40473.111740112305,4700,1,0.29374999999999996,42113.109130859375,4700,1,0.30000000000000004,39187.39547729492,4700,1,0.30000000000000004,39780.779220581055,4700,1,0.30000000000000004,40525.365325927734,4700,1,0.30000000000000004,35600.8115234375,4700,1,0.30000000000000004,34178.51150512695,4700,1,0.30000000000000004,33665.07214355469,4700,1,0.30000000000000004,38288.7794342041,4700,1,0.30000000000000004,23633590.49586487,400,400,400,400,400,400,4691,400,400,400,4690,400,400,4690,400,400,400,400,4690,4690,400,4690,400,400,100,5,0,0,0,0,0,0,0,0,0,0,0,0,0,0,0,0,0,0,0,0,0,0,66480525312,2147479552,23342239744,0
99,1713877613439,101213.5285949707,4700,1,0.30000000000000004,35557.23274230957,4700,1,0.30000000000000004,92016.05645751953,4700,1,0.30000000000000004,40473.130310058594,4700,1,0.30000000000000004,42113.11251831055,4700,1,0.30000000000000004,39187.398681640625,4700,1,0.30000000000000004,39780.7825012207,4700,1,0.30000000000000004,40525.36865234375,4700,1,0.30000000000000004,35600.814880371094,4700,1,0.30000000000000004,34178.51496887207,4700,1,0.30000000000000004,33665.07371520996,4700,1,0.30000000000000004,38288.781173706055,4700,1,0.30000000000000004,23633594.1771698,400,400,400,400,400,400,4691,400,400,400,4690,400,400,4690,400,400,400,400,4690,4690,400,4690,400,400,100,4.761904716491699,0,0,0,0,0,0,0,0,0,0,0,0,0,0,0,0,0,0,0,0,0,0,66480525312,2147479552,23552806912,0
99,1713877613539,101214.00898742676,4700,1,0.30000000000000004,35557.23435974121,4700,1,0.30000000000000004,92016.05868530273,4700,1,0.30000000000000004,40473.14320373535,4700,1,0.30000000000000004,42113.11584472656,4700,1,0.30000000000000004,39187.40174865723,4700,1,0.30000000000000004,39780.785568237305,4700,1,0.30000000000000004,40525.37194824219,4700,1,0.30000000000000004,35600.816497802734,4700,1,0.30000000000000004,34178.51675415039,4700,1,0.30000000000000004,33665.075286865234,4700,1,0.30000000000000004,38288.78282165527,4700,1,0.30000000000000004,23633597.82913208,400,400,400,400,400,400,4691,400,400,400,4690,400,400,4690,400,400,400,400,4690,4690,400,4690,400,400,100,4.761904716491699,0,0,0,0,0,0,0,0,0,0,0,0,0,0,0,0,0,0,0,0,0,0,66480525312,2147479552,23763374080,0
99,1713877613639,101214.4944152832,4700,1,0.30000000000000004,35557.235931396484,4700,1,0.30000000000000004,92016.06048583984,4700,1,0.30000000000000004,40473.157943725586,4700,1,0.30000000000000004,42113.11981201172,4700,1,0.30000000000000004,39187.41403198242,4700,1,0.30000000000000004,39780.788665771484,4700,1,0.30000000000000004,40525.37536621094,4700,1,0.30000000000000004,35600.8196105957,4700,1,0.30000000000000004,34178.518310546875,4700,1,0.30000000000000004,33665.07684326172,4700,1,0.30000000000000004,38288.78448486328,4700,1,0.30000000000000004,23633601.52812195,400,400,400,400,400,400,4691,400,400,400,4690,400,400,4690,400,400,400,400,4690,4690,400,4690,400,400,100,0,0,0,0,0,0,0,0,0,0,0,0,0,0,0,0,0,0,0,0,0,0,0,66480525312,2147479552,23973941248,0
99,1713877613739,101214.97959899902,4700,1,0.30000000000000004,35557.2381439209,4700,1,0.30000000000000004,92016.06262207031,4700,1,0.30000000000000004,40473.1746673584,4700,1,0.30000000000000004,42113.123275756836,4700,1,0.30000000000000004,39187.4171295166,4700,1,0.30000000000000004,39780.79200744629,4700,1,0.30000000000000004,40525.378982543945,4700,1,0.30000000000000004,35600.82124328613,4700,1,0.30000000000000004,34178.51988220215,4700,1,0.30000000000000004,33665.078674316406,4700,1,0.30000000000000004,38288.78608703613,4700,1,0.30000000000000004,23633605.169799805,400,400,400,400,400,400,4691,400,400,400,4690,400,400,4690,400,400,400,400,4690,4690,400,4690,400,400,100,0,0,0,0,0,0,0,0,0,0,0,0,0,0,0,0,0,0,0,0,0,0,0,66480525312,2147479552,24185024512,0
99,1713877613839,101215.46508789063,4700,1,0.30000000000000004,35557.23976135254,4700,1,0.30000000000000004,92016.06448364258,4700,1,0.30000000000000004,40473.19064331055,4700,1,0.30000000000000004,42113.12660217285,4700,1,0.30000000000000004,39187.42022705078,4700,1,0.30000000000000004,39780.79510498047,4700,1,0.30000000000000004,40525.38230895996,4700,1,0.30000000000000004,35600.82440185547,4700,1,0.30000000000000004,34178.52145385742,4700,1,0.30000000000000004,33665.08024597168,4700,1,0.30000000000000004,38288.787658691406,4700,1,0.30000000000000004,23633608.792907715,400,400,400,400,400,400,4691,400,400,400,4690,400,400,4690,400,400,400,400,4690,4690,400,4690,400,400,100,4.761904716491699,0,0,0,0,0,0,0,0,0,0,0,0,0,0,0,0,0,0,0,0,0,0,66480525312,2147479552,24395591680,0
99,1713877613939,101215.95014953613,4700,1,0.30000000000000004,35557.241607666016,4700,1,0.30000000000000004,92016.06629943848,4700,1,0.30000000000000004,40473.20625305176,4700,1,0.30000000000000004,42113.1300201416,4700,1,0.30000000000000004,39187.42811584473,4700,1,0.30000000000000004,39780.8030090332,4700,1,0.30000000000000004,40525.38569641113,4700,1,0.30000000000000004,35600.82598876953,4700,1,0.30000000000000004,34178.523025512695,4700,1,0.30000000000000004,33665.08181762695,4700,1,0.30000000000000004,38288.78923034668,4700,1,0.30000000000000004,23633612.481811523,400,400,400,400,400,400,4691,400,400,400,4690,400,400,4690,400,400,400,400,4690,4690,400,4690,400,400,100,4.761904716491699,0,0,0,0,0,0,0,0,0,0,0,0,0,0,0,0,0,0,0,0,0,0,66480525312,2147479552,24606158848,0
99,1713877614039,101216.43438720703,4700,1,0.30000000000000004,35557.24433898926,4700,1,0.30000000000000004,92016.0686340332,4700,1,0.30000000000000004,40473.222915649414,4700,1,0.30000000000000004,42113.133560180664,4700,1,0.30000000000000004,39187.431411743164,4700,1,0.30000000000000004,39780.807556152344,4700,1,0.30000000000000004,40525.389389038086,4700,1,0.30000000000000004,35600.8293762207,4700,1,0.30000000000000004,34178.524658203125,4700,1,0.30000000000000004,33665.084548950195,4700,1,0.30000000000000004,38288.7919921875,4700,1,0.30000000000000004,23633616.180618286,400,400,400,400,400,400,4691,400,400,400,4690,400,400,4690,400,400,400,400,4690,4690,400,4690,400,400,100,5,0,0,0,0,0,0,0,0,0,0,0,0,0,0,0,0,0,0,0,0,0,0,66480525312,2147479552,24816726016,0
99,1713877614139,101216.91467285156,4700,1,0.30000000000000004,35557.2459564209,4700,1,0.30000000000000004,92016.0704498291,4700,1,0.30000000000000004,40473.236404418945,4700,1,0.30000000000000004,42113.136657714844,4700,1,0.30000000000000004,39187.434509277344,4700,1,0.30000000000000004,39780.81065368652,4700,1,0.30000000000000004,40525.392669677734,4700,1,0.30000000000000004,35600.8310546875,4700,1,0.30000000000000004,34178.526290893555,4700,1,0.30000000000000004,33665.086181640625,4700,1,0.30000000000000004,38288.7936706543,4700,1,0.30000000000000004,23633619.8616333,400,400,400,400,400,400,4691,400,400,400,4690,400,400,4690,400,400,400,400,4690,4690,400,4690,400,400,100,5,0,0,0,0,0,0,0,0,0,0,0,0,0,0,0,0,0,0,0,0,0,0,66480525312,2147479552,25027293184,0
99,1713877614239,101217.39959716797,4700,1,0.30000000000000004,35557.24752807617,4700,1,0.30000000000000004,92016.07244873047,4700,1,0.30000000000000004,40473.253814697266,4700,1,0.30000000000000004,42113.13986206055,4700,1,0.30000000000000004,39187.4376373291,4700,1,0.30000000000000004,39780.815505981445,4700,1,0.30000000000000004,40525.39611816406,4700,1,0.30000000000000004,35600.832931518555,4700,1,0.30000000000000004,34178.52793884277,4700,1,0.30000000000000004,33665.088638305664,4700,1,0.30000000000000004,38288.79719543457,4700,1,0.30000000000000004,23633623.522964478,400,400,400,400,400,400,4691,400,400,400,4690,400,400,4690,400,400,400,400,4690,4690,400,4690,400,400,100,0,0,0,0,0,0,0,0,0,0,0,0,0,0,0,0,0,0,0,0,0,0,0,66480525312,2147479552,25238376448,0
99,1713877614339,101217.88447570801,4700,1,0.30000000000000004,35557.249084472656,4700,1,0.30000000000000004,92016.07420349121,4700,1,0.30000000000000004,40473.27081298828,4700,1,0.30000000000000004,42113.14418029785,4700,1,0.30000000000000004,39187.44071960449,4700,1,0.30000000000000004,39780.818603515625,4700,1,0.30000000000000004,40525.39930725098,4700,1,0.30000000000000004,35600.83448791504,4700,1,0.30000000000000004,34178.52949523926,4700,1,0.30000000000000004,33665.09019470215,4700,1,0.30000000000000004,38288.798751831055,4700,1,0.30000000000000004,23633627.1802063,400,400,400,400,400,400,4691,400,400,400,4690,400,400,4690,400,400,400,400,4690,4690,400,4690,400,400,100,0,0,0,0,0,0,0,0,0,0,0,0,0,0,0,0,0,0,0,0,0,0,0,66480525312,2147479552,25448943616,0
99,1713877614439,101218.3694152832,4700,1,0.30000000000000004,35557.25065612793,4700,1,0.30000000000000004,92016.07597351074,4700,1,0.30000000000000004,40473.28694152832,4700,1,0.30000000000000004,42113.14727783203,4700,1,0.30000000000000004,39187.44386291504,4700,1,0.30000000000000004,39780.82176208496,4700,1,0.30000000000000004,40525.40267944336,4700,1,0.30000000000000004,35600.837326049805,4700,1,0.30000000000000004,34178.53112792969,4700,1,0.30000000000000004,33665.09176635742,4700,1,0.30000000000000004,38288.80039978027,4700,1,0.30000000000000004,23633630.815338135,400,400,400,400,400,400,4691,400,400,400,4690,400,400,4690,400,400,400,400,4690,4690,400,4690,400,400,100,0,0,0,0,0,0,0,0,0,0,0,0,0,0,0,4.761904716491699,0,0,0,0,0,0,0,66480525312,2147479552,25659510784,0
99,1713877614539,101218.85453796387,4700,1,0.30000000000000004,35557.25228881836,4700,1,0.30000000000000004,92016.07810974121,4700,1,0.30000000000000004,40473.302795410156,4700,1,0.30000000000000004,42113.152755737305,4700,1,0.30000000000000004,39187.44696044922,4700,1,0.30000000000000004,39780.82485961914,4700,1,0.30000000000000004,40525.406005859375,4700,1,0.30000000000000004,35600.839096069336,4700,1,0.30000000000000004,34178.53302001953,4700,1,0.30000000000000004,33665.093338012695,4700,1,0.30000000000000004,38288.80204772949,4700,1,0.30000000000000004,23633634.500427246,400,400,400,400,400,400,4691,400,400,400,4690,400,400,4690,400,400,400,400,4690,4690,400,4690,400,400,100,0,0,0,0,0,0,0,0,0,0,0,0,0,0,0,4.761904716491699,0,0,0,0,0,0,0,66480525312,2147479552,25870077952,0
99,1713877614640,101219.33992004395,4700,1,0.30000000000000004,35557.25386047363,4700,1,0.30000000000000004,92016.07991027832,4700,1,0.30000000000000004,40473.31806945801,4700,1,0.30000000000000004,42113.155853271484,4700,1,0.30000000000000004,39187.452545166016,4700,1,0.30000000000000004,39780.82795715332,4700,1,0.30000000000000004,40525.40939331055,4700,1,0.30000000000000004,35600.841857910156,4700,1,0.30000000000000004,34178.534591674805,4700,1,0.30000000000000004,33665.09490966797,4700,1,0.30000000000000004,38288.803619384766,4700,1,0.30000000000000004,23633638.143432617,400,400,400,400,400,400,4691,400,400,400,4690,400,400,4690,400,400,400,400,4690,4690,400,4690,400,400,100,0,0,0,0,0,0,0,0,0,0,0,0,0,0,0,0,0,0,0,0,0,0,0,66480525312,2147479552,26080645120,0
99,1713877614740,101219.82508850098,4700,1,0.30000000000000004,35557.25549316406,4700,1,0.30000000000000004,92016.08219909668,4700,1,0.30000000000000004,40473.3348236084,4700,1,0.30000000000000004,42113.15907287598,4700,1,0.30000000000000004,39187.455642700195,4700,1,0.30000000000000004,39780.831298828125,4700,1,0.30000000000000004,40525.41450500488,4700,1,0.30000000000000004,35600.8434753418,4700,1,0.30000000000000004,34178.53616333008,4700,1,0.30000000000000004,33665.09809875488,4700,1,0.30000000000000004,38288.807067871094,4700,1,0.30000000000000004,23633641.829849243,400,400,400,400,400,400,4691,400,400,400,4690,400,400,4690,400,400,400,400,4690,4690,400,4690,400,400,100,0,0,0,0,0,0,0,0,0,0,0,0,0,0,0,0,0,0,0,0,0,0,0,66480525312,2147479552,26290954240,0
99,1713877614840,101220.30549621582,4700,1,0.30000000000000004,35557.257064819336,4700,1,0.30000000000000004,92016.083984375,4700,1,0.30000000000000004,40473.352935791016,4700,1,0.30000000000000004,42113.164810180664,4700,1,0.30000000000000004,39187.460845947266,4700,1,0.30000000000000004,39780.834396362305,4700,1,0.30000000000000004,40525.41796875,4700,1,0.30000000000000004,35600.84533691406,4700,1,0.30000000000000004,34178.53773498535,4700,1,0.30000000000000004,33665.099670410156,4700,1,0.30000000000000004,38288.8087310791,4700,1,0.30000000000000004,23633645.51638794,400,400,400,400,400,400,4691,400,400,400,4690,400,400,4690,400,400,400,400,4690,4690,400,4690,400,400,100,0,0,0,0,0,0,0,0,0,0,0,0,0,0,0,0,0,0,0,0,0,0,0,66480525312,2147479552,26502037504,0
99,1713877614940,101220.7903137207,4700,1,0.30000000000000004,35557.25868225098,4700,1,0.30000000000000004,92016.08575439453,4700,1,0.30000000000000004,40473.36528015137,4700,1,0.30000000000000004,42113.16796875,4700,1,0.30000000000000004,39187.467712402344,4700,1,0.30000000000000004,39780.83874511719,4700,1,0.30000000000000004,40525.421325683594,4700,1,0.30000000000000004,35600.846908569336,4700,1,0.30000000000000004,34178.539306640625,4700,1,0.30000000000000004,33665.10124206543,4700,1,0.30000000000000004,38288.81034851074,4700,1,0.30000000000000004,23633649.21170044,400,400,400,400,400,400,4691,400,400,400,4690,400,400,4690,400,400,400,400,4690,4690,400,4690,400,400,100,0,0,0,0,0,0,0,0,0,0,0,0,0,0,0,0,0,0,0,0,0,0,0,66480525312,2147479552,26712604672,0
99,1713877615040,101221.27555847168,4700,1,0.30000000000000004,35557.26025390625,4700,1,0.30000000000000004,92016.08790588379,4700,1,0.30000000000000004,40473.37977600098,4700,1,0.30000000000000004,42113.171157836914,4700,1,0.30000000000000004,39187.470932006836,4700,1,0.30000000000000004,39780.84184265137,4700,1,0.30000000000000004,40525.42491149902,4700,1,0.30000000000000004,35600.849365234375,4700,1,0.30000000000000004,34178.54086303711,4700,1,0.30000000000000004,33665.102798461914,4700,1,0.30000000000000004,38288.81199645996,4700,1,0.30000000000000004,23633652.886550903,400,400,400,400,400,400,4691,400,400,400,4690,400,400,4690,400,400,400,400,4690,4690,400,4690,400,400,100,0,0,0,0,0,0,0,0,0,0,0,0,0,0,0,0,0,0,0,0,0,0,0,66480525312,2147479552,26923171840,0
99,1713877615140,101221.76077270508,4700,1,0.30000000000000004,35557.261810302734,4700,1,0.30000000000000004,92016.08964538574,4700,1,0.30000000000000004,40473.396087646484,4700,1,0.30000000000000004,42113.174255371094,4700,1,0.30000000000000004,39187.474029541016,4700,1,0.30000000000000004,39780.84494018555,4700,1,0.30000000000000004,40525.42817687988,4700,1,0.30000000000000004,35600.850982666016,4700,1,0.30000000000000004,34178.54243469238,4700,1,0.30000000000000004,33665.10437011719,4700,1,0.30000000000000004,38288.813552856445,4700,1,0.30000000000000004,23633656.499053955,400,400,400,400,400,400,4691,400,400,400,4690,400,400,4690,400,400,400,400,4690,4690,400,4690,400,400,100,0,0,0,0,0,0,0,0,0,0,0,0,0,0,0,0,0,0,0,0,0,0,0,66480525312,2147479552,27134255104,0
99,1713877615240,101222.24551391602,4700,1,0.30000000000000004,35557.26338195801,4700,1,0.30000000000000004,92016.09175109863,4700,1,0.30000000000000004,40473.41149902344,4700,1,0.30000000000000004,42113.177490234375,4700,1,0.30000000000000004,39187.47718811035,4700,1,0.30000000000000004,39780.84819030762,4700,1,0.30000000000000004,40525.43167114258,4700,1,0.30000000000000004,35600.8533782959,4700,1,0.30000000000000004,34178.54411315918,4700,1,0.30000000000000004,33665.106384277344,4700,1,0.30000000000000004,38288.815200805664,4700,1,0.30000000000000004,23633660.1816864,400,400,400,400,400,400,4691,400,400,400,4690,400,400,4690,400,400,400,400,4690,4690,400,4690,400,400,100,0,0,0,0,0,0,0,0,0,0,0,0,0,0,0,0,0,0,0,0,0,0,0,66480525312,2147479552,27344822272,0
99,1713877615340,101222.73025512695,4700,1,0.30000000000000004,35557.26495361328,4700,1,0.30000000000000004,92016.09353637695,4700,1,0.30000000000000004,40473.42660522461,4700,1,0.30000000000000004,42113.18119812012,4700,1,0.30000000000000004,39187.48028564453,4700,1,0.30000000000000004,39780.8512878418,4700,1,0.30000000000000004,40525.43486022949,4700,1,0.30000000000000004,35600.85494995117,4700,1,0.30000000000000004,34178.54568481445,4700,1,0.30000000000000004,33665.10795593262,4700,1,0.30000000000000004,38288.816818237305,4700,1,0.30000000000000004,23633663.874588013,400,400,400,400,400,400,4691,400,400,400,4690,400,400,4690,400,400,400,400,4690,4690,400,4690,400,400,100,0,0,0,0,0,0,0,0,0,0,0,0,0,0,0,0,0,0,0,0,0,0,0,66480525312,2147479552,27555389440,0
99,1713877615440,101223.21534729004,4700,1,0.30000000000000004,35557.266525268555,4700,1,0.30000000000000004,92016.09535217285,4700,1,0.30000000000000004,40473.44499206543,4700,1,0.30000000000000004,42113.184341430664,4700,1,0.30000000000000004,39187.485778808594,4700,1,0.30000000000000004,39780.85438537598,4700,1,0.30000000000000004,40525.438232421875,4700,1,0.30000000000000004,35600.85725402832,4700,1,0.30000000000000004,34178.54911804199,4700,1,0.30000000000000004,33665.10952758789,4700,1,0.30000000000000004,38288.81838989258,4700,1,0.30000000000000004,23633667.50883484,400,400,400,400,400,400,4691,400,400,400,4690,400,400,4690,400,400,400,400,4690,4690,400,4690,400,400,100,0,0,0,0,0,0,0,0,0,0,0,0,0,0,0,0,0,0,0,0,0,0,0,66480525312,2147479552,27765956608,0
99,1713877615540,101223.69560241699,4700,1,0.30000000000000004,35557.268142700195,4700,1,0.30000000000000004,92016.09747314453,4700,1,0.30000000000000004,40473.455657958984,4700,1,0.30000000000000004,42113.187408447266,4700,1,0.30000000000000004,39187.48887634277,4700,1,0.30000000000000004,39780.857482910156,4700,1,0.30000000000000004,40525.44160461426,4700,1,0.30000000000000004,35600.85888671875,4700,1,0.30000000000000004,34178.55088806152,4700,1,0.30000000000000004,33665.111099243164,4700,1,0.30000000000000004,38288.82133483887,4700,1,0.30000000000000004,23633671.175994873,400,400,400,400,400,400,4691,400,400,400,4690,400,400,4690,400,400,400,400,4690,4690,400,4690,400,400,100,0,0,0,0,0,0,0,0,0,0,0,0,0,0,0,0,0,0,0,0,0,0,0,66480525312,2147479552,27977039872,0
99,1713877615640,101224.18037414551,4700,1,0.30000000000000004,35557.26971435547,4700,1,0.30000000000000004,92016.09927368164,4700,1,0.30000000000000004,40473.47276306152,4700,1,0.30000000000000004,42113.190505981445,4700,1,0.30000000000000004,39187.49971008301,4700,1,0.30000000000000004,39780.86054992676,4700,1,0.30000000000000004,40525.44494628906,4700,1,0.30000000000000004,35600.86102294922,4700,1,0.30000000000000004,34178.5524597168,4700,1,0.30000000000000004,33665.11267089844,4700,1,0.30000000000000004,38288.822998046875,4700,1,0.30000000000000004,23633674.8956604,400,400,400,400,400,400,4691,400,400,400,4690,400,400,4690,400,400,400,400,4690,4690,400,4690,400,400,100,0,0,0,0,0,0,0,0,0,0,0,0,0,0,0,0,0,0,0,0,0,0,0,66480525312,2147479552,28187607040,0
99,1713877615740,101224.66473388672,4700,1,0.30000000000000004,35557.27133178711,4700,1,0.30000000000000004,92016.10150146484,4700,1,0.30000000000000004,40473.48924255371,4700,1,0.30000000000000004,42113.19369506836,4700,1,0.30000000000000004,39187.50289916992,4700,1,0.30000000000000004,39780.86381530762,4700,1,0.30000000000000004,40525.448318481445,4700,1,0.30000000000000004,35600.86259460449,4700,1,0.30000000000000004,34178.55401611328,4700,1,0.30000000000000004,33665.115295410156,4700,1,0.30000000000000004,38288.824645996094,4700,1,0.30000000000000004,23633678.651046753,400,400,400,400,400,400,4691,400,400,400,4690,400,400,4690,400,400,400,400,4690,4690,400,4690,400,400,100,0,0,0,0,0,0,0,0,0,0,0,0,0,0,0,0,0,0,0,0,0,0,0,66480525312,2147479552,28398174208,0
99,1713877615840,101225.14936828613,4700,1,0.30000000000000004,35557.27290344238,4700,1,0.30000000000000004,92016.10340881348,4700,1,0.30000000000000004,40473.504943847656,4700,1,0.30000000000000004,42113.19679260254,4700,1,0.30000000000000004,39187.5059967041,4700,1,0.30000000000000004,39780.8669128418,4700,1,0.30000000000000004,40525.45169067383,4700,1,0.30000000000000004,35600.864669799805,4700,1,0.30000000000000004,34178.555603027344,4700,1,0.30000000000000004,33665.11686706543,4700,1,0.30000000000000004,38288.82621765137,4700,1,0.30000000000000004,23633682.356643677,400,400,400,400,400,400,4691,400,400,400,4690,400,400,4690,400,400,400,400,4690,4690,400,4690,400,400,100,0,0,0,0,0,0,0,0,0,0,0,0,0,0,0,0,0,0,0,0,0,0,0,66480525312,2147479552,28608741376,0
99,1713877615940,101225.63391113281,4700,1,0.30000000000000004,35557.27453613281,4700,1,0.30000000000000004,92016.10566711426,4700,1,0.30000000000000004,40473.520431518555,4700,1,0.30000000000000004,42113.201751708984,4700,1,0.30000000000000004,39187.5104675293,4700,1,0.30000000000000004,39780.876235961914,4700,1,0.30000000000000004,40525.455078125,4700,1,0.30000000000000004,35600.86624145508,4700,1,0.30000000000000004,34178.55717468262,4700,1,0.30000000000000004,33665.1184387207,4700,1,0.30000000000000004,38288.82778930664,4700,1,0.30000000000000004,23633686.00946045,400,400,400,400,400,400,4691,400,400,400,4690,400,400,4690,400,400,400,400,4690,4690,400,4690,400,400,100,0,0,0,0,0,0,0,0,0,0,0,0,0,0,0,0,0,0,0,0,0,0,0,66480525312,2147479552,28819308544,0
99,1713877616040,101226.11863708496,4700,1,0.30000000000000004,35557.276107788086,4700,1,0.30000000000000004,92016.10804748535,4700,1,0.30000000000000004,40473.53504943848,4700,1,0.30000000000000004,42113.20491027832,4700,1,0.30000000000000004,39187.51368713379,4700,1,0.30000000000000004,39780.879333496094,4700,1,0.30000000000000004,40525.45861816406,4700,1,0.30000000000000004,35600.868225097656,4700,1,0.30000000000000004,34178.55874633789,4700,1,0.30000000000000004,33665.12001037598,4700,1,0.30000000000000004,38288.82946777344,4700,1,0.30000000000000004,23633689.71661377,400,400,400,400,400,400,4691,400,400,400,4690,400,400,4690,400,400,400,400,4690,4690,400,4690,400,400,100,0,0,0,0,0,0,0,0,0,0,0,0,0,0,0,0,0,0,0,0,0,0,0,66480525312,2147479552,29030391808,0
99,1713877616140,101226.60362243652,4700,1,0.30000000000000004,35557.27767944336,4700,1,0.30000000000000004,92016.10987854004,4700,1,0.30000000000000004,40473.55111694336,4700,1,0.30000000000000004,42113.2080078125,4700,1,0.30000000000000004,39187.51678466797,4700,1,0.30000000000000004,39780.88243103027,4700,1,0.30000000000000004,40525.461853027344,4700,1,0.30000000000000004,35600.8698425293,4700,1,0.30000000000000004,34178.560317993164,4700,1,0.30000000000000004,33665.12158203125,4700,1,0.30000000000000004,38288.83103942871,4700,1,0.30000000000000004,23633693.414611816,400,400,400,400,400,400,4691,400,400,400,4690,400,400,4690,400,400,400,400,4690,4690,400,4690,400,400,100,0,0,0,0,0,0,0,0,0,0,0,0,0,0,0,0,0,0,0,0,0,0,0,66480525312,2147479552,29240958976,0
99,1713877616240,101227.08386230469,4700,1,0.30000000000000004,35557.27925109863,4700,1,0.30000000000000004,92016.11199951172,4700,1,0.30000000000000004,40473.561096191406,4700,1,0.30000000000000004,42113.21128845215,4700,1,0.30000000000000004,39187.519943237305,4700,1,0.30000000000000004,39780.885986328125,4700,1,0.30000000000000004,40525.46531677246,4700,1,0.30000000000000004,35600.871658325195,4700,1,0.30000000000000004,34178.56199645996,4700,1,0.30000000000000004,33665.12489318848,4700,1,0.30000000000000004,38288.83264160156,4700,1,0.30000000000000004,23633697.103912354,400,400,400,400,400,400,4691,400,400,400,4690,400,400,4690,400,400,400,400,4690,4690,400,4690,400,400,100,0,0,0,0,0,0,0,0,0,0,0,0,0,0,0,0,0,0,0,0,0,0,0,66480525312,2147479552,29451526144,0
99,1713877616340,101227.56904602051,4700,1,0.30000000000000004,35557.280822753906,4700,1,0.30000000000000004,92016.1138305664,4700,1,0.30000000000000004,40473.57801818848,4700,1,0.30000000000000004,42113.214431762695,4700,1,0.30000000000000004,39187.523010253906,4700,1,0.30000000000000004,39780.88905334473,4700,1,0.30000000000000004,40525.468521118164,4700,1,0.30000000000000004,35600.87321472168,4700,1,0.30000000000000004,34178.563552856445,4700,1,0.30000000000000004,33665.12646484375,4700,1,0.30000000000000004,38288.83432006836,4700,1,0.30000000000000004,23633700.746063232,400,400,400,400,400,400,4691,400,400,400,4690,400,400,4690,400,400,400,400,4690,4690,400,4690,400,400,100,0,0,0,0,0,0,0,0,0,0,0,0,0,0,0,0,0,0,0,0,0,0,0,66480525312,2147479552,29662093312,0
99,1713877616440,101228.05377197266,4700,1,0.30000000000000004,35557.28239440918,4700,1,0.30000000000000004,92016.1156463623,4700,1,0.30000000000000004,40473.591735839844,4700,1,0.30000000000000004,42113.217529296875,4700,1,0.30000000000000004,39187.52615356445,4700,1,0.30000000000000004,39780.89221191406,4700,1,0.30000000000000004,40525.474365234375,4700,1,0.30000000000000004,35600.87683105469,4700,1,0.30000000000000004,34178.56512451172,4700,1,0.30000000000000004,33665.128021240234,4700,1,0.30000000000000004,38288.835876464844,4700,1,0.30000000000000004,23633704.424865723,400,400,400,400,400,400,4691,400,400,400,4690,400,400,4690,400,400,400,400,4690,4690,400,4690,400,400,100,0,0,0,0,0,0,0,0,0,0,0,0,0,0,0,0,0,0,0,4.761904716491699,0,0,0,66480525312,2147479552,29873176576,0
99,1713877616540,101228.53877258301,4700,1,0.30000000000000004,35557.28399658203,4700,1,0.30000000000000004,92016.1178894043,4700,1,0.30000000000000004,40473.60510253906,4700,1,0.30000000000000004,42113.22303771973,4700,1,0.30000000000000004,39187.529373168945,4700,1,0.30000000000000004,39780.89530944824,4700,1,0.30000000000000004,40525.47773742676,4700,1,0.30000000000000004,35600.87857055664,4700,1,0.30000000000000004,34178.56803894043,4700,1,0.30000000000000004,33665.12959289551,4700,1,0.30000000000000004,38288.83934020996,4700,1,0.30000000000000004,23633708.028930664,400,400,400,400,400,400,4691,400,400,400,4690,400,400,4690,400,400,400,400,4690,4690,400,4690,400,400,100,0,0,0,0,0,0,0,0,0,0,0,0,0,0,0,0,0,0,0,4.761904716491699,0,0,0,66480525312,2147479552,30083743744,0
99,1713877616641,101229.02372741699,4700,1,0.30000000000000004,35557.285568237305,4700,1,0.30000000000000004,92016.11982727051,4700,1,0.30000000000000004,40473.62010192871,4700,1,0.30000000000000004,42113.226135253906,4700,1,0.30000000000000004,39187.532470703125,4700,1,0.30000000000000004,39780.89840698242,4700,1,0.30000000000000004,40525.48115539551,4700,1,0.30000000000000004,35600.88105773926,4700,1,0.30000000000000004,34178.5696105957,4700,1,0.30000000000000004,33665.13116455078,4700,1,0.30000000000000004,38288.840911865234,4700,1,0.30000000000000004,23633711.702926636,400,400,400,400,400,400,4691,400,400,400,4690,400,400,4690,400,400,400,400,4690,4690,400,4690,400,400,100,0,0,0,0,0,0,0,0,0,0,0,0,0,0,0,0,0,0,0,0,0,0,0,66480525312,2147479552,30294310912,0
99,1713877616741,101229.50897216797,4700,1,0.30000000000000004,35557.2872467041,4700,1,0.30000000000000004,92016.12199401855,4700,1,0.30000000000000004,40473.63296508789,4700,1,0.30000000000000004,42113.22937011719,4700,1,0.30000000000000004,39187.535568237305,4700,1,0.30000000000000004,39780.90299987793,4700,1,0.30000000000000004,40525.48500061035,4700,1,0.30000000000000004,35600.8826751709,4700,1,0.30000000000000004,34178.57118225098,4700,1,0.30000000000000004,33665.133361816406,4700,1,0.30000000000000004,38288.84248352051,4700,1,0.30000000000000004,23633715.389709473,400,400,400,400,400,400,4691,400,400,400,4690,400,400,4690,400,400,400,400,4690,4690,400,4690,400,400,100,0,0,0,0,0,0,0,0,0,0,0,0,0,0,0,0,0,0,0,0,0,0,0,66480525312,2147479552,30505394176,0
99,1713877616841,101229.9940032959,4700,1,0.30000000000000004,35557.288818359375,4700,1,0.30000000000000004,92016.12387084961,4700,1,0.30000000000000004,40473.648529052734,4700,1,0.30000000000000004,42113.23246765137,4700,1,0.30000000000000004,39187.538665771484,4700,1,0.30000000000000004,39780.90614318848,4700,1,0.30000000000000004,40525.48846435547,4700,1,0.30000000000000004,35600.8846282959,4700,1,0.30000000000000004,34178.57456970215,4700,1,0.30000000000000004,33665.13493347168,4700,1,0.30000000000000004,38288.84599304199,4700,1,0.30000000000000004,23633719.042800903,400,400,400,400,400,400,4691,400,400,400,4690,400,400,4690,400,400,400,400,4690,4690,400,4690,400,400,100,0,0,0,0,0,0,0,0,0,0,0,0,0,0,0,0,0,0,0,0,0,0,0,66480525312,2147479552,30715961344,0
99,1713877616941,101230.47415161133,4700,1,0.30000000000000004,35557.29048156738,4700,1,0.30000000000000004,92016.12568664551,4700,1,0.30000000000000004,40473.66098022461,4700,1,0.30000000000000004,42113.237380981445,4700,1,0.30000000000000004,39187.54232788086,4700,1,0.30000000000000004,39780.9147644043,4700,1,0.30000000000000004,40525.49186706543,4700,1,0.30000000000000004,35600.88623046875,4700,1,0.30000000000000004,34178.57614135742,4700,1,0.30000000000000004,33665.13650512695,4700,1,0.30000000000000004,38288.84762573242,4700,1,0.30000000000000004,23633722.724731445,400,400,400,400,400,400,4691,400,400,400,4690,400,400,4690,400,400,400,400,4690,4690,400,4690,400,400,100,0,0,0,0,0,0,0,0,0,0,0,0,0,0,0,0,0,0,0,0,0,0,0,66480525312,2147479552,30926528512,0
99,1713877617041,101230.95993041992,4700,1,0.30000000000000004,35557.30773925781,4700,1,0.30000000000000004,92016.14083862305,4700,1,0.30000000000000004,40473.7020111084,4700,1,0.30000000000000004,42113.25405883789,4700,1,0.30000000000000004,39187.55651855469,4700,1,0.30000000000000004,39780.9375,4700,1,0.30000000000000004,40525.51092529297,4700,1,0.30000000000000004,35600.901458740234,4700,1,0.30000000000000004,34178.59214782715,4700,1,0.30000000000000004,33665.143157958984,4700,1,0.30000000000000004,38288.8639831543,4700,1,0.30000000000000004,23633726.575317383,400,400,400,400,400,400,4691,400,400,400,4690,400,400,4690,400,400,400,400,4690,4690,400,4690,400,400,100,0,0,0,0,0,0,0,0,0,0,0,0,0,0,0,0,0,0,0,0,0,0,0,66480525312,2147479552,31137595392,0
99,1713877617141,101231.44471740723,4700,1,0.30000000000000004,35557.31253051758,4700,1,0.30000000000000004,92016.14651489258,4700,1,0.30000000000000004,40473.72401428223,4700,1,0.30000000000000004,42113.25793457031,4700,1,0.30000000000000004,39187.56002807617,4700,1,0.30000000000000004,39780.94204711914,4700,1,0.30000000000000004,40525.519104003906,4700,1,0.30000000000000004,35600.90776062012,4700,1,0.30000000000000004,34178.59442138672,4700,1,0.30000000000000004,33665.14489746094,4700,1,0.30000000000000004,38288.86560058594,4700,1,0.30000000000000004,23633730.341949463,400,400,400,400,400,400,4691,400,400,400,4690,400,400,4690,400,400,400,400,4690,4690,400,4690,400,400,100,0,0,0,0,0,0,0,0,0,0,0,0,0,0,0,0,0,0,0,0,0,0,0,66480525312,2147479552,31348162560,0
99,1713877617241,101231.92915344238,4700,1,0.30000000000000004,35557.314224243164,4700,1,0.30000000000000004,92016.14854431152,4700,1,0.30000000000000004,40473.73751831055,4700,1,0.30000000000000004,42113.26191711426,4700,1,0.30000000000000004,39187.563217163086,4700,1,0.30000000000000004,39780.94541931152,4700,1,0.30000000000000004,40525.52639770508,4700,1,0.30000000000000004,35600.909729003906,4700,1,0.30000000000000004,34178.59608459473,4700,1,0.30000000000000004,33665.14665222168,4700,1,0.30000000000000004,38288.867263793945,4700,1,0.30000000000000004,23633734.028564453,400,400,400,400,400,400,4691,400,400,400,4690,400,400,4690,400,400,400,400,4690,4690,400,4690,400,400,100,0,0,0,0,0,0,0,0,0,0,0,0,0,0,0,0,0,0,0,0,0,0,0,66480525312,2147479552,31558729728,0
99,1713877617341,101232.41403198242,4700,1,0.30000000000000004,35557.315841674805,4700,1,0.30000000000000004,92016.15061950684,4700,1,0.30000000000000004,40473.75047302246,4700,1,0.30000000000000004,42113.26512145996,4700,1,0.30000000000000004,39187.56642150879,4700,1,0.30000000000000004,39780.9485168457,4700,1,0.30000000000000004,40525.53024291992,4700,1,0.30000000000000004,35600.91131591797,4700,1,0.30000000000000004,34178.59945678711,4700,1,0.30000000000000004,33665.14822387695,4700,1,0.30000000000000004,38288.87072753906,4700,1,0.30000000000000004,23633737.713287354,400,400,400,400,400,400,4691,400,400,400,4690,400,400,4690,400,400,400,400,4690,4690,400,4690,400,400,100,0,0,0,0,0,0,0,0,0,0,0,0,0,0,0,0,0,0,0,0,0,0,0,66480525312,2147479552,31769812992,0
99,1713877617441,101232.89878845215,4700,1,0.30000000000000004,35557.31741333008,4700,1,0.30000000000000004,92016.15237426758,4700,1,0.30000000000000004,40473.76463317871,4700,1,0.30000000000000004,42113.26826477051,4700,1,0.30000000000000004,39187.569564819336,4700,1,0.30000000000000004,39780.95161437988,4700,1,0.30000000000000004,40525.53370666504,4700,1,0.30000000000000004,35600.91491699219,4700,1,0.30000000000000004,34178.60107421875,4700,1,0.30000000000000004,33665.14979553223,4700,1,0.30000000000000004,38288.872299194336,4700,1,0.30000000000000004,23633741.38018799,400,400,400,400,400,400,4691,400,400,400,4690,400,400,4690,400,400,400,400,4690,4690,400,4690,400,400,100,0,0,0,0,0,0,0,0,0,0,0,0,0,0,0,0,0,0,0,0,0,0,0,66480525312,2147479552,31980380160,0
99,1713877617541,101233.38414001465,4700,1,0.30000000000000004,35557.31903076172,4700,1,0.30000000000000004,92016.15467834473,4700,1,0.30000000000000004,40473.782318115234,4700,1,0.30000000000000004,42113.271408081055,4700,1,0.30000000000000004,39187.572662353516,4700,1,0.30000000000000004,39780.95471191406,4700,1,0.30000000000000004,40525.537033081055,4700,1,0.30000000000000004,35600.91648864746,4700,1,0.30000000000000004,34178.60292053223,4700,1,0.30000000000000004,33665.1513671875,4700,1,0.30000000000000004,38288.875747680664,4700,1,0.30000000000000004,23633744.998199463,400,400,400,400,400,400,4691,400,400,400,4690,400,400,4690,400,400,400,400,4690,4690,400,4690,400,400,100,0,0,0,0,0,0,0,0,0,0,0,0,0,0,0,0,0,0,0,0,0,0,0,66480525312,2147479552,32190947328,0
99,1713877617641,101233.86444091797,4700,1,0.30000000000000004,35557.32060241699,4700,1,0.30000000000000004,92016.15643310547,4700,1,0.30000000000000004,40473.79428100586,4700,1,0.30000000000000004,42113.274505615234,4700,1,0.30000000000000004,39187.58432006836,4700,1,0.30000000000000004,39780.95780944824,4700,1,0.30000000000000004,40525.54048156738,4700,1,0.30000000000000004,35600.92045593262,4700,1,0.30000000000000004,34178.6044921875,4700,1,0.30000000000000004,33665.15293884277,4700,1,0.30000000000000004,38288.877502441406,4700,1,0.30000000000000004,23633748.65611267,400,400,400,400,400,400,4691,400,400,400,4690,400,400,4690,400,400,400,400,4690,4690,400,4690,400,400,100,0,0,0,0,0,0,0,0,0,0,0,0,0,0,0,0,0,0,0,0,0,0,0,66480525312,2147479552,32402030592,0
99,1713877617741,101234.34873962402,4700,1,0.30000000000000004,35557.322814941406,4700,1,0.30000000000000004,92016.15859985352,4700,1,0.30000000000000004,40473.810806274414,4700,1,0.30000000000000004,42113.27787780762,4700,1,0.30000000000000004,39187.58738708496,4700,1,0.30000000000000004,39780.96109008789,4700,1,0.30000000000000004,40525.54412841797,4700,1,0.30000000000000004,35600.92202758789,4700,1,0.30000000000000004,34178.606048583984,4700,1,0.30000000000000004,33665.15475463867,4700,1,0.30000000000000004,38288.87911987305,4700,1,0.30000000000000004,23633752.3407135,400,400,400,400,400,400,4691,400,400,400,4690,400,400,4690,400,400,400,400,4690,4690,400,4690,400,400,100,0,0,0,0,0,0,0,0,0,0,0,0,0,0,0,0,0,0,0,0,0,0,0,66480525312,2147479552,32612827136,0
99,1713877617841,101234.83380126953,4700,1,0.30000000000000004,35557.32440185547,4700,1,0.30000000000000004,92016.1605682373,4700,1,0.30000000000000004,40473.82650756836,4700,1,0.30000000000000004,42113.281021118164,4700,1,0.30000000000000004,39187.59048461914,4700,1,0.30000000000000004,39780.96420288086,4700,1,0.30000000000000004,40525.54753112793,4700,1,0.30000000000000004,35600.92549133301,4700,1,0.30000000000000004,34178.607666015625,4700,1,0.30000000000000004,33665.156311035156,4700,1,0.30000000000000004,38288.8807220459,4700,1,0.30000000000000004,23633756.005584717,400,400,400,400,400,400,4691,400,400,400,4690,400,400,4690,400,400,400,400,4690,4690,400,4690,400,400,100,0,0,0,0,0,0,0,0,0,0,0,0,0,0,0,0,0,0,0,0,0,0,0,66480525312,2147479552,32823394304,0
99,1713877617941,101235.31820678711,4700,1,0.30000000000000004,35557.32620239258,4700,1,0.30000000000000004,92016.1626739502,4700,1,0.30000000000000004,40473.841888427734,4700,1,0.30000000000000004,42113.28428649902,4700,1,0.30000000000000004,39187.59815979004,4700,1,0.30000000000000004,39780.973068237305,4700,1,0.30000000000000004,40525.55096435547,4700,1,0.30000000000000004,35600.92706298828,4700,1,0.30000000000000004,34178.609313964844,4700,1,0.30000000000000004,33665.15969848633,4700,1,0.30000000000000004,38288.882400512695,4700,1,0.30000000000000004,23633759.66543579,400,400,400,400,400,400,4691,400,400,400,4690,400,400,4690,400,400,400,400,4690,4690,400,4690,400,400,100,0,0,0,0,0,0,0,0,0,0,0,0,0,0,0,0,0,0,0,0,0,0,0,66480525312,2147479552,33033961472,0
99,1713877618041,101235.80291748047,4700,1,0.30000000000000004,35557.329330444336,4700,1,0.30000000000000004,92016.16520690918,4700,1,0.30000000000000004,40473.85420227051,4700,1,0.30000000000000004,42113.28758239746,4700,1,0.30000000000000004,39187.60139465332,4700,1,0.30000000000000004,39780.97755432129,4700,1,0.30000000000000004,40525.55467224121,4700,1,0.30000000000000004,35600.93081665039,4700,1,0.30000000000000004,34178.610931396484,4700,1,0.30000000000000004,33665.16131591797,4700,1,0.30000000000000004,38288.88508605957,4700,1,0.30000000000000004,23633763.33430481,400,400,400,400,400,400,4691,400,400,400,4690,400,400,4690,400,400,400,400,4690,4690,400,4690,400,400,100,0,0,0,0,0,0,0,0,0,0,0,0,0,0,0,0,0,0,0,0,0,0,0,66480525312,2147479552,33244528640,0
99,1713877618141,101236.28816223145,4700,1,0.30000000000000004,35557.33581542969,4700,1,0.30000000000000004,92016.16711425781,4700,1,0.30000000000000004,40473.866134643555,4700,1,0.30000000000000004,42113.29072570801,4700,1,0.30000000000000004,39187.604568481445,4700,1,0.30000000000000004,39780.980712890625,4700,1,0.30000000000000004,40525.55807495117,4700,1,0.30000000000000004,35600.93243408203,4700,1,0.30000000000000004,34178.6125793457,4700,1,0.30000000000000004,33665.16304016113,4700,1,0.30000000000000004,38288.88682556152,4700,1,0.30000000000000004,23633767.038772583,400,400,400,400,400,400,4691,400,400,400,4690,400,400,4690,400,400,400,400,4690,4690,400,4690,400,400,100,0,0,0,0,0,0,0,0,0,0,0,0,0,0,0,0,0,0,0,0,0,0,0,66480525312,2147479552,33368551424,0
99,1713877618241,101236.87991333008,4700,1,0.30000000000000004,35557.33738708496,4700,1,0.30000000000000004,92016.16928100586,4700,1,0.30000000000000004,40473.88439941406,4700,1,0.30000000000000004,42113.294021606445,4700,1,0.30000000000000004,39187.61506652832,4700,1,0.30000000000000004,39780.983947753906,4700,1,0.30000000000000004,40525.561920166016,4700,1,0.30000000000000004,35600.93576049805,4700,1,0.30000000000000004,34178.61422729492,4700,1,0.30000000000000004,33665.16465759277,4700,1,0.30000000000000004,38288.888442993164,4700,1,0.30000000000000004,23633770.971984863,400,400,400,400,400,400,4691,400,400,400,4690,400,400,4690,400,400,400,400,4690,4690,400,4690,400,400,100,0,0,0,0,0,0,0,0,0,0,0,0,0,0,0,0,0,0,0,0,0,0,0,66480525312,2147479552,31078744064,0
99,1713877618341,101237.47807312012,4700,1,0.30000000000000004,35557.338958740234,4700,1,0.30000000000000004,92016.17141723633,4700,1,0.30000000000000004,40473.902114868164,4700,1,0.30000000000000004,42113.29722595215,4700,1,0.30000000000000004,39187.6181640625,4700,1,0.30000000000000004,39780.987045288086,4700,1,0.30000000000000004,40525.5652923584,4700,1,0.30000000000000004,35600.93748474121,4700,1,0.30000000000000004,34178.615798950195,4700,1,0.30000000000000004,33665.166275024414,4700,1,0.30000000000000004,38288.891830444336,4700,1,0.30000000000000004,23633774.91934204,400,400,400,400,400,400,4691,400,400,400,4690,400,400,4690,400,400,400,400,4690,4690,400,4690,400,400,100,0,0,0,0,0,0,0,0,0,0,0,0,0,0,0,0,0,0,0,0,0,0,0,66480525312,2147479552,28716126208,0
99,1713877618442,101238.07019042969,4700,1,0.30000000000000004,35557.34053039551,4700,1,0.30000000000000004,92016.17317199707,4700,1,0.30000000000000004,40473.91404724121,4700,1,0.30000000000000004,42113.30043029785,4700,1,0.30000000000000004,39187.62145996094,4700,1,0.30000000000000004,39780.990310668945,4700,1,0.30000000000000004,40525.56898498535,4700,1,0.30000000000000004,35600.93940734863,4700,1,0.30000000000000004,34178.61737060547,4700,1,0.30000000000000004,33665.167892456055,4700,1,0.30000000000000004,38288.89350891113,4700,1,0.30000000000000004,23633778.899749756,400,400,400,400,400,400,4691,400,400,400,4690,400,400,4690,400,400,400,400,4690,4690,400,4690,400,400,100,0,0,0,0,0,0,0,0,0,0,0,0,0,0,0,0,0,0,0,0,0,0,0,66480525312,2147479552,26337374208,0
99,1713877618542,101238.66816711426,4700,1,0.30000000000000004,35557.34214782715,4700,1,0.30000000000000004,92016.17572021484,4700,1,0.30000000000000004,40473.9328918457,4700,1,0.30000000000000004,42113.30433654785,4700,1,0.30000000000000004,39187.624572753906,4700,1,0.30000000000000004,39780.99337768555,4700,1,0.30000000000000004,40525.57241821289,4700,1,0.30000000000000004,35600.94096374512,4700,1,0.30000000000000004,34178.61932373047,4700,1,0.30000000000000004,33665.16944885254,4700,1,0.30000000000000004,38288.89680480957,4700,1,0.30000000000000004,23633782.89614868,400,400,400,400,400,400,4691,400,400,400,4690,400,400,4690,400,400,400,400,4690,4690,400,4690,400,400,100,0,0,0,0,0,0,0,0,0,0,0,0,0,0,0,0,0,0,0,0,0,0,0,66480525312,2147479552,23953244160,0
99,1713877618642,101239.26614379883,4700,1,0.30000000000000004,35557.34370422363,4700,1,0.30000000000000004,92016.17753601074,4700,1,0.30000000000000004,40473.94841003418,4700,1,0.30000000000000004,42113.307540893555,4700,1,0.30000000000000004,39187.627670288086,4700,1,0.30000000000000004,39780.99647521973,4700,1,0.30000000000000004,40525.57614135742,4700,1,0.30000000000000004,35600.94413757324,4700,1,0.30000000000000004,34178.62089538574,4700,1,0.30000000000000004,33665.17102050781,4700,1,0.30000000000000004,38288.898361206055,4700,1,0.30000000000000004,23633786.933395386,400,400,400,400,400,400,4691,400,400,400,4690,400,400,4690,400,400,400,400,4690,4690,400,4690,400,400,100,0,0,0,0,0,0,0,0,0,0,0,0,0,0,0,0,0,0,0,0,0,0,0,66480525312,2147479552,21578215424,0
99,1713877618742,101239.83526611328,4700,1,0.30000000000000004,35557.34533691406,4700,1,0.30000000000000004,92016.17959594727,4700,1,0.30000000000000004,40473.96519470215,4700,1,0.30000000000000004,42113.31246948242,4700,1,0.30000000000000004,39187.63082885742,4700,1,0.30000000000000004,39780.99981689453,4700,1,0.30000000000000004,40525.581634521484,4700,1,0.30000000000000004,35600.945709228516,4700,1,0.30000000000000004,34178.622482299805,4700,1,0.30000000000000004,33665.17411804199,4700,1,0.30000000000000004,38288.89993286133,4700,1,0.30000000000000004,23633790.899627686,400,400,400,400,400,400,4691,400,400,400,4690,400,400,4690,400,400,400,400,4690,4690,400,4690,400,400,100,0,0,0,0,0,0,0,0,0,0,0,0,0,0,0,0,0,0,0,0,0,0,0,66480525312,2147479552,20569456640,0
99,1713877618842,101240.31364440918,4700,1,0.30000000000000004,35557.346908569336,4700,1,0.30000000000000004,92016.18139648438,4700,1,0.30000000000000004,40473.98210144043,4700,1,0.30000000000000004,42113.316482543945,4700,1,0.30000000000000004,39187.63606262207,4700,1,0.30000000000000004,39781.00291442871,4700,1,0.30000000000000004,40525.5850982666,4700,1,0.30000000000000004,35600.94857788086,4700,1,0.30000000000000004,34178.62405395508,4700,1,0.30000000000000004,33665.17573547363,4700,1,0.30000000000000004,38288.90333557129,4700,1,0.30000000000000004,23633794.751602173,400,400,400,400,400,400,4691,400,400,400,4690,400,400,4690,400,400,400,400,4690,4690,400,4690,400,400,100,4.761904716491699,0,0,0,0,0,0,0,0,0,0,0,0,0,0,0,0,0,0,0,0,0,0,66480525312,2147479552,20773830656,0
99,1713877618942,101240.79460144043,4700,1,0.30000000000000004,35557.35038757324,4700,1,0.30000000000000004,92016.18315124512,4700,1,0.30000000000000004,40474.00231933594,4700,1,0.30000000000000004,42113.320053100586,4700,1,0.30000000000000004,39187.64358520508,4700,1,0.30000000000000004,39781.007904052734,4700,1,0.30000000000000004,40525.5885925293,4700,1,0.30000000000000004,35600.95014953613,4700,1,0.30000000000000004,34178.62562561035,4700,1,0.30000000000000004,33665.177307128906,4700,1,0.30000000000000004,38288.90505981445,4700,1,0.30000000000000004,23633798.45854187,400,400,400,400,400,400,4691,400,400,400,4690,400,400,4690,400,400,400,400,4690,4690,400,4690,400,400,100,4.761904716491699,0,0,0,0,0,0,0,0,0,0,0,0,0,0,0,0,0,0,0,0,0,0,66480525312,2147479552,20979752960,0
99,1713877619042,101241.27590942383,4700,1,0.30000000000000004,35557.351959228516,4700,1,0.30000000000000004,92016.18545532227,4700,1,0.30000000000000004,40474.02165222168,4700,1,0.30000000000000004,42113.323638916016,4700,1,0.30000000000000004,39187.646743774414,4700,1,0.30000000000000004,39781.011001586914,4700,1,0.30000000000000004,40525.59228515625,4700,1,0.30000000000000004,35600.95309448242,4700,1,0.30000000000000004,34178.627670288086,4700,1,0.30000000000000004,33665.17892456055,4700,1,0.30000000000000004,38288.90676879883,4700,1,0.30000000000000004,23633802.16194153,400,400,400,400,400,400,4691,400,400,400,4690,400,400,4690,400,400,400,400,4690,4690,400,4690,400,400,100,0,0,0,0,0,0,0,0,0,0,0,0,0,0,0,0,0,0,0,0,0,0,0,66480525312,2147479552,21187223552,0
99,1713877619142,101241.75350952148,4700,1,0.30000000000000004,35557.35353088379,4700,1,0.30000000000000004,92016.18721008301,4700,1,0.30000000000000004,40474.035583496094,4700,1,0.30000000000000004,42113.32717895508,4700,1,0.30000000000000004,39187.649810791016,4700,1,0.30000000000000004,39781.014236450195,4700,1,0.30000000000000004,40525.59552001953,4700,1,0.30000000000000004,35600.954666137695,4700,1,0.30000000000000004,34178.629302978516,4700,1,0.30000000000000004,33665.182189941406,4700,1,0.30000000000000004,38288.9083404541,4700,1,0.30000000000000004,23633805.854934692,400,400,400,400,400,400,4691,400,400,400,4690,400,400,4690,400,400,400,400,4690,4690,400,4690,400,400,100,0,0,0,0,0,0,0,0,0,0,0,0,0,0,0,0,0,0,0,0,0,0,0,66480525312,2147479552,21396242432,0
99,1713877619242,101242.2367401123,4700,1,0.30000000000000004,35557.35510253906,4700,1,0.30000000000000004,92016.18940734863,4700,1,0.30000000000000004,40474.053619384766,4700,1,0.30000000000000004,42113.33076477051,4700,1,0.30000000000000004,39187.652908325195,4700,1,0.30000000000000004,39781.01747131348,4700,1,0.30000000000000004,40525.59910583496,4700,1,0.30000000000000004,35600.95756530762,4700,1,0.30000000000000004,34178.63096618652,4700,1,0.30000000000000004,33665.18389892578,4700,1,0.30000000000000004,38288.909912109375,4700,1,0.30000000000000004,23633809.554367065,400,400,400,400,400,400,4691,400,400,400,4690,400,400,4690,400,400,400,400,4690,4690,400,4690,400,400,100,4.761904716491699,0,0,0,0,0,0,0,0,0,0,0,0,0,0,0,0,0,0,0,0,0,0,66480525312,2147479552,21605261312,0
99,1713877619342,101242.72006225586,4700,1,0.30000000000000004,35557.35665893555,4700,1,0.30000000000000004,92016.19140625,4700,1,0.30000000000000004,40474.06932067871,4700,1,0.30000000000000004,42113.33460998535,4700,1,0.30000000000000004,39187.65609741211,4700,1,0.30000000000000004,39781.020584106445,4700,1,0.30000000000000004,40525.60243225098,4700,1,0.30000000000000004,35600.95913696289,4700,1,0.30000000000000004,34178.6325378418,4700,1,0.30000000000000004,33665.18550109863,4700,1,0.30000000000000004,38288.91146850586,4700,1,0.30000000000000004,23633813.191604614,400,400,400,400,400,400,4691,400,400,400,4690,400,400,4690,400,400,400,400,4690,4690,400,4690,400,400,100,4.761904716491699,0,0,0,0,0,0,0,0,0,0,0,0,0,0,0,0,0,0,0,0,0,0,66480525312,2147479552,21815312384,0
99,1713877619442,101243.20330810547,4700,1,0.30000000000000004,35557.35829162598,4700,1,0.30000000000000004,92016.19323730469,4700,1,0.30000000000000004,40474.08625793457,4700,1,0.30000000000000004,42113.33804321289,4700,1,0.30000000000000004,39187.659240722656,4700,1,0.30000000000000004,39781.023681640625,4700,1,0.30000000000000004,40525.60585021973,4700,1,0.30000000000000004,35600.96173095703,4700,1,0.30000000000000004,34178.63594055176,4700,1,0.30000000000000004,33665.187088012695,4700,1,0.30000000000000004,38288.91305541992,4700,1,0.30000000000000004,23633816.82991028,400,400,400,400,400,400,4691,400,400,400,4690,400,400,4690,400,400,400,400,4690,4690,400,4690,400,400,100,0,0,0,0,0,0,0,0,0,0,0,0,0,0,0,0,0,0,0,0,0,0,0,66480525312,2147479552,22024331264,0
99,1713877619542,101243.68751525879,4700,1,0.30000000000000004,35557.35990905762,4700,1,0.30000000000000004,92016.19560241699,4700,1,0.30000000000000004,40474.10282897949,4700,1,0.30000000000000004,42113.34150695801,4700,1,0.30000000000000004,39187.662338256836,4700,1,0.30000000000000004,39781.026779174805,4700,1,0.30000000000000004,40525.60922241211,4700,1,0.30000000000000004,35600.963302612305,4700,1,0.30000000000000004,34178.63780212402,4700,1,0.30000000000000004,33665.18865966797,4700,1,0.30000000000000004,38288.916427612305,4700,1,0.30000000000000004,23633820.46836853,400,400,400,400,400,400,4691,400,400,400,4690,400,400,4690,400,400,400,400,4690,4690,400,4690,400,400,100,0,0,0,0,0,0,0,0,0,0,0,0,0,0,0,0,0,0,0,0,0,0,0,66480525312,2147479552,22234898432,0
99,1713877619642,101244.17120361328,4700,1,0.30000000000000004,35557.36148071289,4700,1,0.30000000000000004,92016.19738769531,4700,1,0.30000000000000004,40474.12274169922,4700,1,0.30000000000000004,42113.3450012207,4700,1,0.30000000000000004,39187.67272949219,4700,1,0.30000000000000004,39781.029876708984,4700,1,0.30000000000000004,40525.61268615723,4700,1,0.30000000000000004,35600.9659576416,4700,1,0.30000000000000004,34178.6393737793,4700,1,0.30000000000000004,33665.1902923584,4700,1,0.30000000000000004,38288.91809082031,4700,1,0.30000000000000004,23633824.12284851,400,400,400,400,400,400,4691,400,400,400,4690,400,400,4690,400,400,400,400,4690,4690,400,4690,400,400,100,4.761904716491699,0,0,0,0,0,0,0,0,0,0,0,0,0,0,0,0,0,0,0,0,0,0,66480525312,2147479552,22444949504,0
99,1713877619742,101244.65505981445,4700,1,0.30000000000000004,35557.36456298828,4700,1,0.30000000000000004,92016.19970703125,4700,1,0.30000000000000004,40474.14237976074,4700,1,0.30000000000000004,42113.34852600098,4700,1,0.30000000000000004,39187.67623901367,4700,1,0.30000000000000004,39781.03318786621,4700,1,0.30000000000000004,40525.61589050293,4700,1,0.30000000000000004,35600.96757507324,4700,1,0.30000000000000004,34178.641036987305,4700,1,0.30000000000000004,33665.191970825195,4700,1,0.30000000000000004,38288.919662475586,4700,1,0.30000000000000004,23633827.796066284,400,400,400,400,400,400,4691,400,400,400,4690,400,400,4690,400,400,400,400,4690,4690,400,4690,400,400,100,4.761904716491699,0,0,0,0,0,0,0,0,0,0,0,0,0,0,0,0,0,0,0,0,0,0,66480525312,2147479552,22655516672,0
99,1713877619842,101245.13374328613,4700,1,0.30000000000000004,35557.366134643555,4700,1,0.30000000000000004,92016.20146179199,4700,1,0.30000000000000004,40474.15596008301,4700,1,0.30000000000000004,42113.35191345215,4700,1,0.30000000000000004,39187.67958068848,4700,1,0.30000000000000004,39781.03628540039,4700,1,0.30000000000000004,40525.61898803711,4700,1,0.30000000000000004,35600.96939086914,4700,1,0.30000000000000004,34178.64262390137,4700,1,0.30000000000000004,33665.193588256836,4700,1,0.30000000000000004,38288.92123413086,4700,1,0.30000000000000004,23633831.48175049,400,400,400,400,400,400,4691,400,400,400,4690,400,400,4690,400,400,400,400,4690,4690,400,4690,400,400,100,5,0,0,0,0,0,0,0,0,0,0,0,0,0,0,0,0,0,0,0,0,0,0,66480525312,2147479552,22866083840,0
99,1713877619942,101245.61813354492,4700,1,0.30000000000000004,35557.367752075195,4700,1,0.30000000000000004,92016.20327758789,4700,1,0.30000000000000004,40474.17417907715,4700,1,0.30000000000000004,42113.35549926758,4700,1,0.30000000000000004,39187.68338012695,4700,1,0.30000000000000004,39781.0442199707,4700,1,0.30000000000000004,40525.622131347656,4700,1,0.30000000000000004,35600.970947265625,4700,1,0.30000000000000004,34178.64418029785,4700,1,0.30000000000000004,33665.19514465332,4700,1,0.30000000000000004,38288.92280578613,4700,1,0.30000000000000004,23633835.135131836,400,400,400,400,400,400,4691,400,400,400,4690,400,400,4690,400,400,400,400,4690,4690,400,4690,400,400,100,5,0,0,0,0,0,0,0,0,0,0,0,0,0,0,0,0,0,0,0,0,0,0,66480525312,2147479552,23076651008,0
99,1713877620042,101246.10224914551,4700,1,0.30000000000000004,35557.371002197266,4700,1,0.30000000000000004,92016.20565795898,4700,1,0.30000000000000004,40474.189224243164,4700,1,0.30000000000000004,42113.35903930664,4700,1,0.30000000000000004,39187.68711853027,4700,1,0.30000000000000004,39781.04814147949,4700,1,0.30000000000000004,40525.625427246094,4700,1,0.30000000000000004,35600.97366333008,4700,1,0.30000000000000004,34178.64587402344,4700,1,0.30000000000000004,33665.196716308594,4700,1,0.30000000000000004,38288.92446899414,4700,1,0.30000000000000004,23633838.78074646,400,400,400,400,400,400,4691,400,400,400,4690,400,400,4690,400,400,400,400,4690,4690,400,4690,400,400,100,4.761904716491699,0,0,0,0,0,0,0,0,0,0,0,0,0,0,0,0,0,0,0,0,0,0,66480525312,2147479552,23286702080,0
99,1713877620142,101246.58738708496,4700,1,0.30000000000000004,35557.37257385254,4700,1,0.30000000000000004,92016.20748901367,4700,1,0.30000000000000004,40474.20622253418,4700,1,0.30000000000000004,42113.36245727539,4700,1,0.30000000000000004,39187.69039916992,4700,1,0.30000000000000004,39781.05123901367,4700,1,0.30000000000000004,40525.62852478027,4700,1,0.30000000000000004,35600.97523498535,4700,1,0.30000000000000004,34178.6474609375,4700,1,0.30000000000000004,33665.198303222656,4700,1,0.30000000000000004,38288.9260559082,4700,1,0.30000000000000004,23633842.302368164,400,400,400,400,400,400,4691,400,400,400,4690,400,400,4690,400,400,400,400,4690,4690,400,4690,400,400,100,4.761904716491699,0,0,0,0,0,0,0,0,0,0,0,0,0,0,0,0,0,0,0,0,0,0,66480525312,2147479552,23497269248,0
99,1713877620242,101247.07275390625,4700,1,0.30000000000000004,35557.37414550781,4700,1,0.30000000000000004,92016.21022033691,4700,1,0.30000000000000004,40474.22248840332,4700,1,0.30000000000000004,42113.36601257324,4700,1,0.30000000000000004,39187.6940612793,4700,1,0.30000000000000004,39781.05458068848,4700,1,0.30000000000000004,40525.63162231445,4700,1,0.30000000000000004,35600.977767944336,4700,1,0.30000000000000004,34178.64907836914,4700,1,0.30000000000000004,33665.20014953613,4700,1,0.30000000000000004,38288.92762756348,4700,1,0.30000000000000004,23633845.81541443,400,400,400,400,400,400,4691,400,400,400,4690,400,400,4690,400,400,400,400,4690,4690,400,4690,400,400,100,0,0,0,0,0,0,0,0,0,0,0,0,0,0,0,0,0,0,0,0,0,0,0,66480525312,2147479552,23707836416,0
99,1713877620342,101247.55679321289,4700,1,0.30000000000000004,35557.375717163086,4700,1,0.30000000000000004,92016.21231079102,4700,1,0.30000000000000004,40474.23849487305,4700,1,0.30000000000000004,42113.36967468262,4700,1,0.30000000000000004,39187.69737243652,4700,1,0.30000000000000004,39781.057678222656,4700,1,0.30000000000000004,40525.63471984863,4700,1,0.30000000000000004,35600.97933959961,4700,1,0.30000000000000004,34178.650650024414,4700,1,0.30000000000000004,33665.201721191406,4700,1,0.30000000000000004,38288.92919921875,4700,1,0.30000000000000004,23633849.421447754,400,400,400,400,400,400,4691,400,400,400,4690,400,400,4690,400,400,400,400,4690,4690,400,4690,400,400,100,0,0,0,0,0,0,0,0,0,0,0,0,0,0,0,0,0,0,0,0,0,0,0,66480525312,2147479552,23918919680,0
99,1713877620443,101248.04179382324,4700,1,0.30000000000000004,35557.37728881836,4700,1,0.30000000000000004,92016.21415710449,4700,1,0.30000000000000004,40474.25509643555,4700,1,0.30000000000000004,42113.37309265137,4700,1,0.30000000000000004,39187.70079040527,4700,1,0.30000000000000004,39781.060775756836,4700,1,0.30000000000000004,40525.63781738281,4700,1,0.30000000000000004,35600.98147583008,4700,1,0.30000000000000004,34178.65222167969,4700,1,0.30000000000000004,33665.20512390137,4700,1,0.30000000000000004,38288.93077087402,4700,1,0.30000000000000004,23633852.96005249,400,400,400,400,400,400,4691,400,400,400,4690,400,400,4690,400,400,400,400,4690,4690,400,4690,400,400,100,5,0,0,0,0,0,0,0,0,0,0,0,0,0,0,0,0,0,0,0,0,0,0,66480525312,2147479552,24129486848,0
99,1713877620543,101248.52192687988,4700,1,0.30000000000000004,35557.37890625,4700,1,0.30000000000000004,92016.21650695801,4700,1,0.30000000000000004,40474.268615722656,4700,1,0.30000000000000004,42113.37644958496,4700,1,0.30000000000000004,39187.70408630371,4700,1,0.30000000000000004,39781.06384277344,4700,1,0.30000000000000004,40525.64091491699,4700,1,0.30000000000000004,35600.98304748535,4700,1,0.30000000000000004,34178.65522766113,4700,1,0.30000000000000004,33665.20669555664,4700,1,0.30000000000000004,38288.93408203125,4700,1,0.30000000000000004,23633856.493545532,400,400,400,400,400,400,4691,400,400,400,4690,400,400,4690,400,400,400,400,4690,4690,400,4690,400,400,100,5,0,0,0,0,0,0,0,0,0,0,0,0,0,0,0,0,0,0,0,0,0,0,66480525312,2147479552,24339537920,0
99,1713877620643,101249.00608825684,4700,1,0.30000000000000004,35557.38047790527,4700,1,0.30000000000000004,92016.21835327148,4700,1,0.30000000000000004,40474.28398132324,4700,1,0.30000000000000004,42113.37986755371,4700,1,0.30000000000000004,39187.707458496094,4700,1,0.30000000000000004,39781.06694030762,4700,1,0.30000000000000004,40525.643981933594,4700,1,0.30000000000000004,35600.98516845703,4700,1,0.30000000000000004,34178.65678405762,4700,1,0.30000000000000004,33665.208267211914,4700,1,0.30000000000000004,38288.93565368652,4700,1,0.30000000000000004,23633860.08204651,400,400,400,400,400,400,4691,400,400,400,4690,400,400,4690,400,400,400,400,4690,4690,400,4690,400,400,100,4.761904716491699,0,0,0,0,0,0,0,0,0,0,0,0,0,0,0,0,0,0,0,0,0,0,66480525312,2147479552,24550105088,0
99,1713877620743,101249.49063110352,4700,1,0.30000000000000004,35557.38214111328,4700,1,0.30000000000000004,92016.22091674805,4700,1,0.30000000000000004,40474.29945373535,4700,1,0.30000000000000004,42113.38342285156,4700,1,0.30000000000000004,39187.71083068848,4700,1,0.30000000000000004,39781.07026672363,4700,1,0.30000000000000004,40525.64778137207,4700,1,0.30000000000000004,35600.986740112305,4700,1,0.30000000000000004,34178.65835571289,4700,1,0.30000000000000004,33665.21031188965,4700,1,0.30000000000000004,38288.93730163574,4700,1,0.30000000000000004,23633863.61114502,400,400,400,400,400,400,4691,400,400,400,4690,400,400,4690,400,400,400,400,4690,4690,400,4690,400,400,100,4.761904716491699,0,0,0,0,0,0,0,0,0,0,0,0,0,0,0,0,0,0,0,0,0,0,66480525312,2147479552,24760672256,0
99,1713877620843,101249.97554016113,4700,1,0.30000000000000004,35557.383712768555,4700,1,0.30000000000000004,92016.22276306152,4700,1,0.30000000000000004,40474.31376647949,4700,1,0.30000000000000004,42113.38734436035,4700,1,0.30000000000000004,39187.71430969238,4700,1,0.30000000000000004,39781.07336425781,4700,1,0.30000000000000004,40525.65087890625,4700,1,0.30000000000000004,35600.98872375488,4700,1,0.30000000000000004,34178.659927368164,4700,1,0.30000000000000004,33665.21189880371,4700,1,0.30000000000000004,38288.94071960449,4700,1,0.30000000000000004,23633867.20690918,400,400,400,400,400,400,4691,400,400,400,4690,400,400,4690,400,400,400,400,4690,4690,400,4690,400,400,100,4.761904716491699,0,0,0,0,0,0,0,0,0,0,0,0,0,0,0,0,0,0,0,0,0,0,66480525312,2147479552,24971239424,0
99,1713877620943,101250.46078491211,4700,1,0.30000000000000004,35557.38537597656,4700,1,0.30000000000000004,92016.22462463379,4700,1,0.30000000000000004,40474.32997131348,4700,1,0.30000000000000004,42113.39074707031,4700,1,0.30000000000000004,39187.71878051758,4700,1,0.30000000000000004,39781.07987976074,4700,1,0.30000000000000004,40525.654052734375,4700,1,0.30000000000000004,35600.99034118652,4700,1,0.30000000000000004,34178.66149902344,4700,1,0.30000000000000004,33665.215408325195,4700,1,0.30000000000000004,38288.94235229492,4700,1,0.30000000000000004,23633870.74394226,400,400,400,400,400,400,4691,400,400,400,4690,400,400,4690,400,400,400,400,4690,4690,400,4690,400,400,100,4.761904716491699,0,0,0,0,0,0,0,0,0,0,0,0,0,0,0,0,0,0,0,0,0,0,66480525312,2147479552,25181806592,0
99,1713877621043,101250.94520568848,4700,1,0.30000000000000004,35557.386947631836,4700,1,0.30000000000000004,92016.22688293457,4700,1,0.30000000000000004,40474.34924316406,4700,1,0.30000000000000004,42113.39414978027,4700,1,0.30000000000000004,39187.72232055664,4700,1,0.30000000000000004,39781.08297729492,4700,1,0.30000000000000004,40525.65724182129,4700,1,0.30000000000000004,35600.99214172363,4700,1,0.30000000000000004,34178.66307067871,4700,1,0.30000000000000004,33665.21697998047,4700,1,0.30000000000000004,38288.94395446777,4700,1,0.30000000000000004,23633874.325576782,400,400,400,400,400,400,4691,400,400,400,4690,400,400,4690,400,400,400,400,4690,4690,400,4690,400,400,100,5,0,0,0,0,0,0,0,0,0,0,0,0,0,0,0,0,0,0,0,0,0,0,66480525312,2147479552,25392373760,0
99,1713877621143,101251.42890930176,4700,1,0.30000000000000004,35557.38851928711,4700,1,0.30000000000000004,92016.22877502441,4700,1,0.30000000000000004,40474.368255615234,4700,1,0.30000000000000004,42113.39747619629,4700,1,0.30000000000000004,39187.72555541992,4700,1,0.30000000000000004,39781.0860748291,4700,1,0.30000000000000004,40525.66033935547,4700,1,0.30000000000000004,35600.993743896484,4700,1,0.30000000000000004,34178.664642333984,4700,1,0.30000000000000004,33665.21855163574,4700,1,0.30000000000000004,38288.94561767578,4700,1,0.30000000000000004,23633877.958084106,400,400,400,400,400,400,4691,400,400,400,4690,400,400,4690,400,400,400,400,4690,4690,400,4690,400,400,100,5,0,0,0,0,0,0,0,0,0,0,0,0,0,0,0,0,0,0,0,0,0,0,66480525312,2147479552,25602940928,0
99,1713877621243,101251.90835571289,4700,1,0.30000000000000004,35557.39024353027,4700,1,0.30000000000000004,92016.23239135742,4700,1,0.30000000000000004,40474.3816986084,4700,1,0.30000000000000004,42113.400787353516,4700,1,0.30000000000000004,39187.72898864746,4700,1,0.30000000000000004,39781.089294433594,4700,1,0.30000000000000004,40525.66354370117,4700,1,0.30000000000000004,35600.9962310791,4700,1,0.30000000000000004,34178.66630554199,4700,1,0.30000000000000004,33665.2215423584,4700,1,0.30000000000000004,38288.94728088379,4700,1,0.30000000000000004,23633881.554855347,400,400,400,400,400,400,4691,400,400,400,4690,400,400,4690,400,400,400,400,4690,4690,400,4690,400,400,100,4.761904716491699,0,0,0,0,0,0,0,0,0,0,0,0,0,0,0,0,0,0,0,0,0,0,66480525312,2147479552,25813508096,0
99,1713877621343,101252.39256286621,4700,1,0.30000000000000004,35557.39181518555,4700,1,0.30000000000000004,92016.2352142334,4700,1,0.30000000000000004,40474.39953613281,4700,1,0.30000000000000004,42113.40447998047,4700,1,0.30000000000000004,39187.73237609863,4700,1,0.30000000000000004,39781.092361450195,4700,1,0.30000000000000004,40525.66661071777,4700,1,0.30000000000000004,35600.997787475586,4700,1,0.30000000000000004,34178.66786193848,4700,1,0.30000000000000004,33665.22309875488,4700,1,0.30000000000000004,38288.94934082031,4700,1,0.30000000000000004,23633885.141281128,400,400,400,400,400,400,4691,400,400,400,4690,400,400,4690,400,400,400,400,4690,4690,400,4690,400,400,100,4.761904716491699,0,0,0,0,0,0,0,0,0,0,0,0,0,0,0,0,0,0,0,0,0,0,66480525312,2147479552,26023559168,0
99,1713877621443,101252.87661743164,4700,1,0.30000000000000004,35557.39337158203,4700,1,0.30000000000000004,92016.23704528809,4700,1,0.30000000000000004,40474.41616821289,4700,1,0.30000000000000004,42113.40786743164,4700,1,0.30000000000000004,39187.735778808594,4700,1,0.30000000000000004,39781.095458984375,4700,1,0.30000000000000004,40525.66972351074,4700,1,0.30000000000000004,35601.00131225586,4700,1,0.30000000000000004,34178.67126464844,4700,1,0.30000000000000004,33665.22660827637,4700,1,0.30000000000000004,38288.9508972168,4700,1,0.30000000000000004,23633888.75378418,400,400,400,400,400,400,4691,400,400,400,4690,400,400,4690,400,400,400,400,4690,4690,400,4690,400,400,100,0,0,0,0,0,0,0,0,0,0,0,0,0,0,0,0,0,0,0,0,0,0,0,66480525312,2147479552,26234126336,0
99,1713877621543,101253.36061096191,4700,1,0.30000000000000004,35557.39498901367,4700,1,0.30000000000000004,92016.24131774902,4700,1,0.30000000000000004,40474.432525634766,4700,1,0.30000000000000004,42113.41123962402,4700,1,0.30000000000000004,39187.739196777344,4700,1,0.30000000000000004,39781.098556518555,4700,1,0.30000000000000004,40525.67282104492,4700,1,0.30000000000000004,35601.0047454834,4700,1,0.30000000000000004,34178.67303466797,4700,1,0.30000000000000004,33665.22836303711,4700,1,0.30000000000000004,38288.9640045166,4700,1,0.30000000000000004,23633892.310440063,400,400,400,400,400,400,4691,400,400,400,4690,400,400,4690,400,400,400,400,4690,4690,400,4690,400,400,100,0,0,0,0,0,0,0,0,0,0,0,0,0,0,0,0,0,0,0,0,0,0,0,66480525312,2147479552,26444693504,0
99,1713877621643,101253.84457397461,4700,1,0.30000000000000004,35557.396560668945,4700,1,0.30000000000000004,92016.24320983887,4700,1,0.30000000000000004,40474.448181152344,4700,1,0.30000000000000004,42113.41456604004,4700,1,0.30000000000000004,39187.75062561035,4700,1,0.30000000000000004,39781.101654052734,4700,1,0.30000000000000004,40525.6759185791,4700,1,0.30000000000000004,35601.00671386719,4700,1,0.30000000000000004,34178.674728393555,4700,1,0.30000000000000004,33665.22993469238,4700,1,0.30000000000000004,38288.97085571289,4700,1,0.30000000000000004,23633895.918121338,400,400,400,400,400,400,4691,400,400,400,4690,400,400,4690,400,400,400,400,4690,4690,400,4690,400,400,100,5,0,0,0,0,0,0,0,0,0,0,0,0,0,0,0,0,0,0,0,0,0,0,66480525312,2147479552,26655260672,0
99,1713877621743,101254.32928466797,4700,1,0.29374999999999996,35557.39872741699,4700,1,0.30000000000000004,92016.24546813965,4700,1,0.30000000000000004,40474.46743774414,4700,1,0.30000000000000004,42113.417892456055,4700,1,0.30000000000000004,39187.75408935547,4700,1,0.30000000000000004,39781.104919433594,4700,1,0.30000000000000004,40525.67901611328,4700,1,0.30000000000000004,35601.00845336914,4700,1,0.30000000000000004,34178.676345825195,4700,1,0.30000000000000004,33665.23194885254,4700,1,0.30000000000000004,38288.97247314453,4700,1,0.30000000000000004,23633899.47544861,400,400,400,400,400,400,4691,400,400,400,4690,400,400,4690,400,400,400,400,4690,4690,400,4690,400,400,100,5,0,0,0,0,0,0,0,0,0,0,0,0,0,0,0,0,0,0,0,0,0,0,66480525312,2147479552,26865827840,0
99,1713877621843,101254.8140258789,4700,1,0.30000000000000004,35557.400299072266,4700,1,0.30000000000000004,92016.24736022949,4700,1,0.30000000000000004,40474.48611450195,4700,1,0.30000000000000004,42113.42126464844,4700,1,0.30000000000000004,39187.75749206543,4700,1,0.30000000000000004,39781.10801696777,4700,1,0.30000000000000004,40525.68211364746,4700,1,0.30000000000000004,35601.01028442383,4700,1,0.30000000000000004,34178.67791748047,4700,1,0.30000000000000004,33665.23352050781,4700,1,0.30000000000000004,38288.974044799805,4700,1,0.30000000000000004,23633903.044952393,400,400,400,400,400,400,4691,400,400,400,4690,400,400,4690,400,400,400,400,4690,4690,400,4690,400,400,100,4.761904716491699,0,0,0,0,0,0,0,0,0,0,0,0,0,0,0,0,0,0,0,0,0,0,66480525312,2147479552,27076395008,0
99,1713877621943,101255.29373168945,4700,1,0.30000000000000004,35557.403869628906,4700,1,0.30000000000000004,92016.24922180176,4700,1,0.30000000000000004,40474.499252319336,4700,1,0.30000000000000004,42113.424407958984,4700,1,0.30000000000000004,39187.76092529297,4700,1,0.30000000000000004,39781.11616516113,4700,1,0.30000000000000004,40525.6852722168,4700,1,0.30000000000000004,35601.0118560791,4700,1,0.30000000000000004,34178.67948913574,4700,1,0.30000000000000004,33665.236907958984,4700,1,0.30000000000000004,38288.97561645508,4700,1,0.30000000000000004,23633906.661102295,400,400,400,400,400,400,4691,400,400,400,4690,400,400,4690,400,400,400,400,4690,4690,400,4690,400,400,100,4.761904716491699,0,0,0,0,0,0,0,0,0,0,0,0,0,0,0,0,0,0,0,0,0,0,66480525312,2147479552,27287478272,0
99,1713877622043,101255.77850341797,4700,1,0.30000000000000004,35557.40684509277,4700,1,0.30000000000000004,92016.2516784668,4700,1,0.30000000000000004,40474.51303100586,4700,1,0.30000000000000004,42113.427673339844,4700,1,0.30000000000000004,39187.76547241211,4700,1,0.30000000000000004,39781.120666503906,4700,1,0.30000000000000004,40525.688537597656,4700,1,0.30000000000000004,35601.01509094238,4700,1,0.30000000000000004,34178.68110656738,4700,1,0.30000000000000004,33665.23858642578,4700,1,0.30000000000000004,38288.978271484375,4700,1,0.30000000000000004,23633910.26461792,400,400,400,400,400,400,4691,400,400,400,4690,400,400,4690,400,400,400,400,4690,4690,400,4690,400,400,100,0,0,0,0,0,0,0,0,0,0,0,0,0,0,0,0,0,0,0,0,0,0,0,66480525312,2147479552,27498045440,0
99,1713877622143,101256.26383972168,4700,1,0.3062499999999999,35557.410247802734,4700,1,0.3062499999999999,92016.25750732422,4700,1,0.3062499999999999,40474.53120422363,4700,1,0.3062499999999999,42113.43128967285,4700,1,0.3062499999999999,39187.76902770996,4700,1,0.3062499999999999,39781.12419128418,4700,1,0.3062499999999999,40525.69194030762,4700,1,0.3062499999999999,35601.01704406738,4700,1,0.3062499999999999,34178.6845703125,4700,1,0.3062499999999999,33665.24157714844,4700,1,0.3062499999999999,38288.981689453125,4700,1,0.3062499999999999,23633913.84515381,400,400,400,400,400,400,4691,400,400,400,4690,400,400,4690,400,400,400,400,4690,4690,400,4690,400,400,100,0,0,0,0,0,0,0,0,0,0,0,0,0,0,0,0,0,0,0,0,0,0,0,66480525312,2147479552,27708612608,0
99,1713877622243,101256.75093078613,4700,1,0.30000000000000004,35557.424713134766,4700,1,0.30000000000000004,92016.27638244629,4700,1,0.30000000000000004,40474.55909729004,4700,1,0.30000000000000004,42113.45120239258,4700,1,0.30000000000000004,39187.782485961914,4700,1,0.30000000000000004,39781.14292907715,4700,1,0.30000000000000004,40525.711990356445,4700,1,0.30000000000000004,35601.03498840332,4700,1,0.30000000000000004,34178.697326660156,4700,1,0.30000000000000004,33665.25337219238,4700,1,0.30000000000000004,38288.99305725098,4700,1,0.30000000000000004,23633917.54260254,400,400,400,400,400,400,4691,400,400,400,4690,400,400,4690,400,400,400,400,4690,4690,400,4690,400,400,100,0,0,0,0,0,0,0,0,0,0,0,0,0,0,0,0,0,0,0,0,0,0,0,66480525312,2147479552,27918147584,0
99,1713877622344,101257.23503112793,4700,1,0.30000000000000004,35557.42640686035,4700,1,0.30000000000000004,92016.27827453613,4700,1,0.30000000000000004,40474.56228637695,4700,1,0.30000000000000004,42113.454345703125,4700,1,0.30000000000000004,39187.78564453125,4700,1,0.30000000000000004,39781.14602661133,4700,1,0.30000000000000004,40525.715087890625,4700,1,0.30000000000000004,35601.04748535156,4700,1,0.30000000000000004,34178.69900512695,4700,1,0.30000000000000004,33665.254943847656,4700,1,0.30000000000000004,38288.99464416504,4700,1,0.30000000000000004,23633921.13935852,400,400,400,400,400,400,4691,400,400,400,4690,400,400,4690,400,400,400,400,4690,4690,400,4690,400,400,100,0,0,0,0,0,0,0,0,0,0,0,0,0,0,0,0,0,0,0,0,0,0,0,66480525312,2147479552,28129230848,0
99,1713877622444,101257.71910095215,4700,1,0.30000000000000004,35557.42822265625,4700,1,0.30000000000000004,92016.28012084961,4700,1,0.30000000000000004,40474.565521240234,4700,1,0.30000000000000004,42113.457443237305,4700,1,0.30000000000000004,39187.7887878418,4700,1,0.30000000000000004,39781.149185180664,4700,1,0.30000000000000004,40525.71821594238,4700,1,0.30000000000000004,35601.05926513672,4700,1,0.30000000000000004,34178.702377319336,4700,1,0.30000000000000004,33665.25834655762,4700,1,0.30000000000000004,38288.99626159668,4700,1,0.30000000000000004,23633924.77255249,400,400,400,400,400,400,4691,400,400,400,4690,400,400,4690,400,400,400,400,4690,4690,400,4690,400,400,100,0,0,0,0,0,0,0,0,0,0,0,0,0,0,0,0,0,0,0,0,0,0,0,66480525312,2147479552,28339798016,0
99,1713877622544,101258.20431518555,4700,1,0.30000000000000004,35557.430099487305,4700,1,0.30000000000000004,92016.28231811523,4700,1,0.30000000000000004,40474.56871032715,4700,1,0.30000000000000004,42113.462966918945,4700,1,0.30000000000000004,39187.79188537598,4700,1,0.30000000000000004,39781.152282714844,4700,1,0.30000000000000004,40525.72131347656,4700,1,0.30000000000000004,35601.074279785156,4700,1,0.30000000000000004,34178.70405578613,4700,1,0.30000000000000004,33665.25991821289,4700,1,0.30000000000000004,38288.99946594238,4700,1,0.30000000000000004,23633928.351242065,400,400,400,400,400,400,4691,400,400,400,4690,400,400,4690,400,400,400,400,4690,4690,400,4690,400,400,100,0,0,0,0,0,0,0,0,0,0,0,0,0,0,0,0,0,0,0,0,0,0,0,66480525312,2147479552,28550365184,0
99,1713877622644,101258.68411254883,4700,1,0.30000000000000004,35557.43193054199,4700,1,0.30000000000000004,92016.28427124023,4700,1,0.30000000000000004,40474.57196044922,4700,1,0.30000000000000004,42113.466064453125,4700,1,0.30000000000000004,39187.794982910156,4700,1,0.30000000000000004,39781.15538024902,4700,1,0.30000000000000004,40525.72441101074,4700,1,0.30000000000000004,35601.089126586914,4700,1,0.30000000000000004,34178.70570373535,4700,1,0.30000000000000004,33665.261489868164,4700,1,0.30000000000000004,38289.001037597656,4700,1,0.30000000000000004,23633931.934814453,400,400,400,400,400,400,4691,400,400,400,4690,400,400,4690,400,400,400,400,4690,4690,400,4690,400,400,100,0,0,0,0,0,0,0,0,0,0,0,0,0,0,0,0,0,0,0,0,0,0,0,66480525312,2147479552,28760932352,0
99,1713877622744,101259.16906738281,4700,1,0.30000000000000004,35557.43403625488,4700,1,0.30000000000000004,92016.28721618652,4700,1,0.30000000000000004,40474.5760345459,4700,1,0.30000000000000004,42113.47018432617,4700,1,0.30000000000000004,39187.798416137695,4700,1,0.30000000000000004,39781.15870666504,4700,1,0.30000000000000004,40525.72929382324,4700,1,0.30000000000000004,35601.09844970703,4700,1,0.30000000000000004,34178.707260131836,4700,1,0.30000000000000004,33665.26365661621,4700,1,0.30000000000000004,38289.00260925293,4700,1,0.30000000000000004,23633935.52368164,400,400,400,400,400,400,4691,400,400,400,4690,400,400,4690,400,400,400,400,4690,4690,400,4690,400,400,100,0,0,0,0,0,0,0,0,0,0,0,0,0,0,0,0,0,0,0,0,0,0,0,66480525312,2147479552,28971986944,0
99,1713877622844,101259.6537322998,4700,1,0.30000000000000004,35557.43701171875,4700,1,0.30000000000000004,92016.28936767578,4700,1,0.30000000000000004,40474.57931518555,4700,1,0.30000000000000004,42113.47360229492,4700,1,0.30000000000000004,39187.80255126953,4700,1,0.30000000000000004,39781.16191101074,4700,1,0.30000000000000004,40525.73239135742,4700,1,0.30000000000000004,35601.112533569336,4700,1,0.30000000000000004,34178.70883178711,4700,1,0.30000000000000004,33665.265213012695,4700,1,0.30000000000000004,38289.00473022461,4700,1,0.30000000000000004,23633939.108322144,400,400,400,400,400,400,4691,400,400,400,4690,400,400,4690,400,400,400,400,4690,4690,400,4690,400,400,100,0,0,0,0,0,0,0,0,0,0,0,0,0,0,0,0,0,0,0,0,0,0,0,66480525312,2147479552,29182554112,0
99,1713877622944,101260.13891601563,4700,1,0.30000000000000004,35557.438873291016,4700,1,0.30000000000000004,92016.29136657715,4700,1,0.30000000000000004,40474.58256530762,4700,1,0.30000000000000004,42113.476806640625,4700,1,0.30000000000000004,39187.80616760254,4700,1,0.30000000000000004,39781.170318603516,4700,1,0.30000000000000004,40525.73564147949,4700,1,0.30000000000000004,35601.125411987305,4700,1,0.30000000000000004,34178.71040344238,4700,1,0.30000000000000004,33665.26866149902,4700,1,0.30000000000000004,38289.00714111328,4700,1,0.30000000000000004,23633942.64312744,400,400,400,400,400,400,4691,400,400,400,4690,400,400,4690,400,400,400,400,4690,4690,400,4690,400,400,100,0,0,0,0,0,0,0,0,0,0,0,0,0,0,0,0,0,0,0,0,0,0,0,66480525312,2147479552,29393121280,0
99,1713877623044,101260.6237487793,4700,1,0.30000000000000004,35557.44079589844,4700,1,0.30000000000000004,92016.29386901855,4700,1,0.30000000000000004,40474.5858001709,4700,1,0.30000000000000004,42113.48001098633,4700,1,0.30000000000000004,39187.809326171875,4700,1,0.30000000000000004,39781.173416137695,4700,1,0.30000000000000004,40525.738830566406,4700,1,0.30000000000000004,35601.13764953613,4700,1,0.30000000000000004,34178.711975097656,4700,1,0.30000000000000004,33665.2702331543,4700,1,0.30000000000000004,38289.0087890625,4700,1,0.30000000000000004,23633946.20805359,400,400,400,400,400,400,4691,400,400,400,4690,400,400,4690,400,400,400,400,4690,4690,400,4690,400,400,100,0,0,0,0,0,0,0,0,0,0,0,0,0,0,0,0,0,0,0,0,0,0,0,66480525312,2147479552,29603688448,0
99,1713877623144,101261.10845947266,4700,1,0.30000000000000004,35557.442459106445,4700,1,0.30000000000000004,92016.29579162598,4700,1,0.30000000000000004,40474.58908081055,4700,1,0.30000000000000004,42113.48310852051,4700,1,0.30000000000000004,39187.81246948242,4700,1,0.30000000000000004,39781.176513671875,4700,1,0.30000000000000004,40525.741928100586,4700,1,0.30000000000000004,35601.14923095703,4700,1,0.30000000000000004,34178.71354675293,4700,1,0.30000000000000004,33665.27180480957,4700,1,0.30000000000000004,38289.01036071777,4700,1,0.30000000000000004,23633949.79598999,400,400,400,400,400,400,4691,400,400,400,4690,400,400,4690,400,400,400,400,4690,4690,400,4690,400,400,100,0,0,0,0,0,0,0,0,0,0,0,0,0,0,0,0,0,0,0,0,0,0,0,66480525312,2147479552,29814255616,0
99,1713877623244,101261.5932006836,4700,1,0.30000000000000004,35557.444396972656,4700,1,0.30000000000000004,92016.29808044434,4700,1,0.30000000000000004,40474.592376708984,4700,1,0.30000000000000004,42113.486267089844,4700,1,0.30000000000000004,39187.8155670166,4700,1,0.30000000000000004,39781.17973327637,4700,1,0.30000000000000004,40525.74510192871,4700,1,0.30000000000000004,35601.16435241699,4700,1,0.30000000000000004,34178.71522521973,4700,1,0.30000000000000004,33665.27395629883,4700,1,0.30000000000000004,38289.01193237305,4700,1,0.30000000000000004,23633953.33743286,400,400,400,400,400,400,4691,400,400,400,4690,400,400,4690,400,400,400,400,4690,4690,400,4690,400,400,100,0,0,0,0,0,0,0,0,0,0,0,0,0,0,0,0,0,0,0,0,0,0,0,66480525312,2147479552,30024822784,0
99,1713877623344,101262.0728302002,4700,1,0.30000000000000004,35557.44609069824,4700,1,0.30000000000000004,92016.30032348633,4700,1,0.30000000000000004,40474.595642089844,4700,1,0.30000000000000004,42113.490173339844,4700,1,0.30000000000000004,39187.81866455078,4700,1,0.30000000000000004,39781.18292236328,4700,1,0.30000000000000004,40525.74819946289,4700,1,0.30000000000000004,35601.17887878418,4700,1,0.30000000000000004,34178.716796875,4700,1,0.30000000000000004,33665.2755279541,4700,1,0.30000000000000004,38289.01350402832,4700,1,0.30000000000000004,23633956.93449402,400,400,400,400,400,400,4691,400,400,400,4690,400,400,4690,400,400,400,400,4690,4690,400,4690,400,400,100,0,0,0,0,0,0,0,0,0,0,0,0,0,0,0,0,0,0,0,0,0,0,0,66480525312,2147479552,30235389952,0
99,1713877623444,101262.55729675293,4700,1,0.30000000000000004,35557.44789123535,4700,1,0.30000000000000004,92016.30221557617,4700,1,0.30000000000000004,40474.598892211914,4700,1,0.30000000000000004,42113.4933013916,4700,1,0.30000000000000004,39187.821838378906,4700,1,0.30000000000000004,39781.186126708984,4700,1,0.30000000000000004,40525.75129699707,4700,1,0.30000000000000004,35601.193130493164,4700,1,0.30000000000000004,34178.72018432617,4700,1,0.30000000000000004,33665.27899169922,4700,1,0.30000000000000004,38289.01516723633,4700,1,0.30000000000000004,23633960.510681152,400,400,400,400,400,400,4691,400,400,400,4690,400,400,4690,400,400,400,400,4690,4690,400,4690,400,400,100,0,0,0,0,0,0,0,0,0,0,0,0,0,0,0,0,0,0,0,0,0,0,0,66480525312,2147479552,30445957120,0
99,1713877623544,101263.04141235352,4700,1,0.30000000000000004,35557.44966125488,4700,1,0.30000000000000004,92016.30461120605,4700,1,0.30000000000000004,40474.60215759277,4700,1,0.30000000000000004,42113.49639892578,4700,1,0.30000000000000004,39187.824935913086,4700,1,0.30000000000000004,39781.189224243164,4700,1,0.30000000000000004,40525.75436401367,4700,1,0.30000000000000004,35601.201171875,4700,1,0.30000000000000004,34178.721923828125,4700,1,0.30000000000000004,33665.2805480957,4700,1,0.30000000000000004,38289.018325805664,4700,1,0.30000000000000004,23633964.13270569,400,400,400,400,400,400,4691,400,400,400,4690,400,400,4690,400,400,400,400,4690,4690,400,4690,400,400,100,0,0,0,0,0,0,0,0,0,0,0,0,0,0,0,0,0,0,0,0,0,0,0,66480525312,2147479552,30656524288,0
99,1713877623644,101263.52668762207,4700,1,0.30000000000000004,35557.45150756836,4700,1,0.30000000000000004,92016.30654907227,4700,1,0.30000000000000004,40474.60534667969,4700,1,0.30000000000000004,42113.49955749512,4700,1,0.30000000000000004,39187.835998535156,4700,1,0.30000000000000004,39781.1923828125,4700,1,0.30000000000000004,40525.75746154785,4700,1,0.30000000000000004,35601.21415710449,4700,1,0.30000000000000004,34178.7236328125,4700,1,0.30000000000000004,33665.28211975098,4700,1,0.30000000000000004,38289.01998901367,4700,1,0.30000000000000004,23633967.64933777,400,400,400,400,400,400,4691,400,400,400,4690,400,400,4690,400,400,400,400,4690,4690,400,4690,400,400,100,0,0,0,0,0,0,0,0,0,0,0,0,0,0,0,0,0,0,0,0,0,0,0,66480525312,2147479552,30867607552,0
99,1713877623744,101264.0114440918,4700,1,0.30000000000000004,35557.453536987305,4700,1,0.30000000000000004,92016.30895996094,4700,1,0.30000000000000004,40474.608642578125,4700,1,0.30000000000000004,42113.5026550293,4700,1,0.30000000000000004,39187.839431762695,4700,1,0.30000000000000004,39781.19566345215,4700,1,0.30000000000000004,40525.7606048584,4700,1,0.30000000000000004,35601.22651672363,4700,1,0.30000000000000004,34178.72520446777,4700,1,0.30000000000000004,33665.2841796875,4700,1,0.30000000000000004,38289.021575927734,4700,1,0.30000000000000004,23633971.206466675,400,400,400,400,400,400,4691,400,400,400,4690,400,400,4690,400,400,400,400,4690,4690,400,4690,400,400,100,0,0,0,0,0,0,0,0,0,0,0,0,0,0,0,0,0,0,0,0,0,0,0,66480525312,2147479552,31077916672,0
99,1713877623844,101264.49580383301,4700,1,0.30000000000000004,35557.45538330078,4700,1,0.30000000000000004,92016.31089782715,4700,1,0.30000000000000004,40474.611877441406,4700,1,0.30000000000000004,42113.50575256348,4700,1,0.30000000000000004,39187.842529296875,4700,1,0.30000000000000004,39781.19876098633,4700,1,0.30000000000000004,40525.76370239258,4700,1,0.30000000000000004,35601.23849487305,4700,1,0.30000000000000004,34178.726821899414,4700,1,0.30000000000000004,33665.28575134277,4700,1,0.30000000000000004,38289.02325439453,4700,1,0.30000000000000004,23633974.820617676,400,400,400,400,400,400,4691,400,400,400,4690,400,400,4690,400,400,400,400,4690,4690,400,4690,400,400,100,0,0,0,0,0,0,0,0,0,0,0,0,0,0,0,0,0,0,0,0,0,0,0,66480525312,2147479552,31288999936,0
99,1713877623944,101264.98013305664,4700,1,0.30000000000000004,35557.4573059082,4700,1,0.30000000000000004,92016.31280517578,4700,1,0.30000000000000004,40474.615142822266,4700,1,0.30000000000000004,42113.5089263916,4700,1,0.30000000000000004,39187.85029602051,4700,1,0.30000000000000004,39781.20652770996,4700,1,0.30000000000000004,40525.766860961914,4700,1,0.30000000000000004,35601.25378417969,4700,1,0.30000000000000004,34178.72848510742,4700,1,0.30000000000000004,33665.28926086426,4700,1,0.30000000000000004,38289.02494812012,4700,1,0.30000000000000004,23633978.387191772,400,400,400,400,400,400,4691,400,400,400,4690,400,400,4690,400,400,400,400,4690,4690,400,4690,400,400,100,0,0,0,0,0,0,0,0,0,0,0,0,0,0,0,0,0,0,0,0,0,0,0,66480525312,2147479552,31499567104,0
99,1713877624044,101265.45985412598,4700,1,0.30000000000000004,35557.4592590332,4700,1,0.30000000000000004,92016.31532287598,4700,1,0.30000000000000004,40474.61837768555,4700,1,0.30000000000000004,42113.51208496094,4700,1,0.30000000000000004,39187.853454589844,4700,1,0.30000000000000004,39781.20962524414,4700,1,0.30000000000000004,40525.77003479004,4700,1,0.30000000000000004,35601.26823425293,4700,1,0.30000000000000004,34178.73010253906,4700,1,0.30000000000000004,33665.29083251953,4700,1,0.30000000000000004,38289.026596069336,4700,1,0.30000000000000004,23633981.968429565,400,400,400,400,400,400,4691,400,400,400,4690,400,400,4690,400,400,400,400,4690,4690,400,4690,400,400,100,0,0,0,0,0,0,0,0,0,0,0,0,0,0,0,0,0,0,0,0,0,0,0,66480525312,2147479552,31710134272,0
99,1713877624144,101265.94424438477,4700,1,0.30000000000000004,35557.46092224121,4700,1,0.30000000000000004,92016.31721496582,4700,1,0.30000000000000004,40474.62161254883,4700,1,0.30000000000000004,42113.51515197754,4700,1,0.30000000000000004,39187.856521606445,4700,1,0.30000000000000004,39781.21269226074,4700,1,0.30000000000000004,40525.77313232422,4700,1,0.30000000000000004,35601.28210449219,4700,1,0.30000000000000004,34178.731674194336,4700,1,0.30000000000000004,33665.292404174805,4700,1,0.30000000000000004,38289.02816772461,4700,1,0.30000000000000004,23633985.554779053,400,400,400,400,400,400,4691,400,400,400,4690,400,400,4690,400,400,400,400,4690,4690,400,4690,400,400,100,0,0,0,0,0,0,0,0,0,0,0,0,0,0,0,0,0,0,0,0,0,0,0,66480525312,2147479552,31920701440,0
99,1713877624245,101266.42958068848,4700,1,0.30000000000000004,35557.46278381348,4700,1,0.30000000000000004,92016.31951904297,4700,1,0.30000000000000004,40474.6248626709,4700,1,0.30000000000000004,42113.518310546875,4700,1,0.30000000000000004,39187.859619140625,4700,1,0.30000000000000004,39781.215911865234,4700,1,0.30000000000000004,40525.77626037598,4700,1,0.30000000000000004,35601.29040527344,4700,1,0.30000000000000004,34178.73338317871,4700,1,0.30000000000000004,33665.29446411133,4700,1,0.30000000000000004,38289.02973937988,4700,1,0.30000000000000004,23633989.08430481,400,400,400,400,400,400,4691,400,400,400,4690,400,400,4690,400,400,400,400,4690,4690,400,4690,400,400,100,0,0,0,0,0,0,0,0,0,0,0,0,0,0,0,0,0,0,0,0,0,0,0,66480525312,2147479552,32131268608,0
99,1713877624345,101266.91494750977,4700,1,0.30000000000000004,35557.46446228027,4700,1,0.30000000000000004,92016.32174682617,4700,1,0.30000000000000004,40474.62812805176,4700,1,0.30000000000000004,42113.52165222168,4700,1,0.30000000000000004,39187.86279296875,4700,1,0.30000000000000004,39781.219009399414,4700,1,0.30000000000000004,40525.779373168945,4700,1,0.30000000000000004,35601.30326843262,4700,1,0.30000000000000004,34178.73501586914,4700,1,0.30000000000000004,33665.2960357666,4700,1,0.30000000000000004,38289.032302856445,4700,1,0.30000000000000004,23633992.60293579,400,400,400,400,400,400,4691,400,400,400,4690,400,400,4690,400,400,400,400,4690,4690,400,4690,400,400,100,0,0,0,0,0,0,0,0,0,0,0,0,0,0,0,0,0,0,0,0,0,0,0,66480525312,2147479552,32342351872,0
99,1713877624445,101267.39964294434,4700,1,0.30000000000000004,35557.46632385254,4700,1,0.30000000000000004,92016.32371520996,4700,1,0.30000000000000004,40474.63133239746,4700,1,0.30000000000000004,42113.52474975586,4700,1,0.30000000000000004,39187.8659362793,4700,1,0.30000000000000004,39781.222106933594,4700,1,0.30000000000000004,40525.782470703125,4700,1,0.30000000000000004,35601.3155670166,4700,1,0.30000000000000004,34178.73663330078,4700,1,0.30000000000000004,33665.298828125,4700,1,0.30000000000000004,38289.03387451172,4700,1,0.30000000000000004,23633996.169799805,400,400,400,400,400,400,4691,400,400,400,4690,400,400,4690,400,400,400,400,4690,4690,400,4690,400,400,100,0,0,0,0,0,0,0,0,0,0,0,0,0,0,0,0,0,0,0,0,0,0,0,66480525312,2147479552,32552919040,0
99,1713877624545,101267.88438415527,4700,1,0.30000000000000004,35557.46815490723,4700,1,0.30000000000000004,92016.32614135742,4700,1,0.30000000000000004,40474.634521484375,4700,1,0.30000000000000004,42113.53024291992,4700,1,0.30000000000000004,39187.86903381348,4700,1,0.30000000000000004,39781.22520446777,4700,1,0.30000000000000004,40525.785568237305,4700,1,0.30000000000000004,35601.32704162598,4700,1,0.30000000000000004,34178.739501953125,4700,1,0.30000000000000004,33665.300720214844,4700,1,0.30000000000000004,38289.037048339844,4700,1,0.30000000000000004,23633999.75907898,400,400,400,400,400,400,4691,400,400,400,4690,400,400,4690,400,400,400,400,4690,4690,400,4690,400,400,100,0,0,0,0,0,0,0,0,0,0,0,0,0,0,0,0,0,0,0,0,0,0,0,66480525312,2147479552,32763486208,0
99,1713877624645,101268.36898803711,4700,1,0.30000000000000004,35557.469985961914,4700,1,0.30000000000000004,92016.32806396484,4700,1,0.30000000000000004,40474.63771057129,4700,1,0.30000000000000004,42113.5333404541,4700,1,0.30000000000000004,39187.872131347656,4700,1,0.30000000000000004,39781.22830200195,4700,1,0.30000000000000004,40525.788665771484,4700,1,0.30000000000000004,35601.3420715332,4700,1,0.30000000000000004,34178.74116516113,4700,1,0.30000000000000004,33665.30229187012,4700,1,0.30000000000000004,38289.03861999512,4700,1,0.30000000000000004,23634003.328048706,400,400,400,400,400,400,4691,400,400,400,4690,400,400,4690,400,400,400,400,4690,4690,400,4690,400,400,100,0,0,0,0,0,0,0,0,0,0,0,0,0,0,0,0,0,0,0,0,0,0,0,66480525312,2147479552,32974053376,0
99,1713877624745,101268.84878540039,4700,1,0.30000000000000004,35557.47206115723,4700,1,0.30000000000000004,92016.33024597168,4700,1,0.30000000000000004,40474.64210510254,4700,1,0.30000000000000004,42113.53643798828,4700,1,0.30000000000000004,39187.875228881836,4700,1,0.30000000000000004,39781.23159790039,4700,1,0.30000000000000004,40525.79260253906,4700,1,0.30000000000000004,35601.35682678223,4700,1,0.30000000000000004,34178.742736816406,4700,1,0.30000000000000004,33665.30400085449,4700,1,0.30000000000000004,38289.04019165039,4700,1,0.30000000000000004,23634006.901397705,400,400,400,400,400,400,4691,400,400,400,4690,400,400,4690,400,400,400,400,4690,4690,400,4690,400,400,100,0,0,0,0,0,0,0,0,0,0,0,0,0,0,0,0,0,0,0,0,0,0,0,66480525312,2147479552,33184620544,0
99,1713877624845,101269.33361816406,4700,1,0.30000000000000004,35557.473892211914,4700,1,0.30000000000000004,92016.33213806152,4700,1,0.30000000000000004,40474.64521789551,4700,1,0.30000000000000004,42113.53950500488,4700,1,0.30000000000000004,39187.878326416016,4700,1,0.30000000000000004,39781.23469543457,4700,1,0.30000000000000004,40525.79570007324,4700,1,0.30000000000000004,35601.371017456055,4700,1,0.30000000000000004,34178.74430847168,4700,1,0.30000000000000004,33665.305572509766,4700,1,0.30000000000000004,38289.04359436035,4700,1,0.30000000000000004,23634010.448745728,400,400,400,400,400,400,4691,400,400,400,4690,400,400,4690,400,400,400,400,4690,4690,400,4690,400,400,100,0,0,0,0,0,0,0,0,0,0,0,0,0,0,0,0,0,0,0,0,0,0,0,66480525312,2147479552,33395703808,0
99,1713877624945,101269.89645385742,4700,1,0.30000000000000004,35557.47607421875,4700,1,0.30000000000000004,92016.33406066895,4700,1,0.30000000000000004,40474.648498535156,4700,1,0.30000000000000004,42113.5439453125,4700,1,0.30000000000000004,39187.882263183594,4700,1,0.30000000000000004,39781.2431640625,4700,1,0.30000000000000004,40525.798919677734,4700,1,0.30000000000000004,35601.379318237305,4700,1,0.30000000000000004,34178.74592590332,4700,1,0.30000000000000004,33665.308181762695,4700,1,0.30000000000000004,38289.04539489746,4700,1,0.30000000000000004,23634014.203552246,400,400,400,400,400,400,4691,400,400,400,4690,400,400,4690,400,400,400,400,4690,4690,400,4690,400,400,100,0,0,0,0,0,0,0,0,0,0,0,0,0,0,0,0,0,0,0,0,0,0,0,66480525312,2147479552,31740719104,0
99,1713877625045,101270.49375915527,4700,1,0.30000000000000004,35557.47817993164,4700,1,0.30000000000000004,92016.33668518066,4700,1,0.30000000000000004,40474.65173339844,4700,1,0.30000000000000004,42113.547119140625,4700,1,0.30000000000000004,39187.88543701172,4700,1,0.30000000000000004,39781.24629211426,4700,1,0.30000000000000004,40525.802154541016,4700,1,0.30000000000000004,35601.392318725586,4700,1,0.30000000000000004,34178.747497558594,4700,1,0.30000000000000004,33665.309799194336,4700,1,0.30000000000000004,38289.04702758789,4700,1,0.30000000000000004,23634018.063323975,400,400,400,400,400,400,4691,400,400,400,4690,400,400,4690,400,400,400,400,4690,4690,400,4690,400,400,100,0,0,0,0,0,0,0,0,0,0,0,0,0,0,0,0,0,0,0,0,0,0,0,66480525312,2147479552,29372723200,0
99,1713877625145,101271.09098815918,4700,1,0.30000000000000004,35557.48011779785,4700,1,0.30000000000000004,92016.33851623535,4700,1,0.30000000000000004,40474.654876708984,4700,1,0.30000000000000004,42113.550216674805,4700,1,0.30000000000000004,39187.8885345459,4700,1,0.30000000000000004,39781.24938964844,4700,1,0.30000000000000004,40525.805252075195,4700,1,0.30000000000000004,35601.404693603516,4700,1,0.30000000000000004,34178.749084472656,4700,1,0.30000000000000004,33665.3113861084,4700,1,0.30000000000000004,38289.04864501953,4700,1,0.30000000000000004,23634021.910003662,400,400,400,400,400,400,4691,400,400,400,4690,400,400,4690,400,400,400,400,4690,4690,400,4690,400,400,100,0,0,0,0,0,0,0,0,0,0,0,0,0,0,0,0,0,0,0,0,0,0,0,66480525312,2147479552,27015069696,0
99,1713877625245,101271.68864440918,4700,1,0.30000000000000004,35557.48210144043,4700,1,0.30000000000000004,92016.34075927734,4700,1,0.30000000000000004,40474.65805053711,4700,1,0.30000000000000004,42113.55337524414,4700,1,0.30000000000000004,39187.89163208008,4700,1,0.30000000000000004,39781.25425720215,4700,1,0.30000000000000004,40525.80844116211,4700,1,0.30000000000000004,35601.416748046875,4700,1,0.30000000000000004,34178.75077819824,4700,1,0.30000000000000004,33665.31344604492,4700,1,0.30000000000000004,38289.050216674805,4700,1,0.30000000000000004,23634025.78793335,400,400,400,400,400,400,4691,400,400,400,4690,400,400,4690,400,400,400,400,4690,4690,400,4690,400,400,100,0,0,0,0,0,0,0,0,0,0,0,0,0,0,0,0,0,0,0,0,0,0,0,66480525312,2147479552,24630939648,0
99,1713877625345,101272.28607177734,4700,1,0.30000000000000004,35557.484130859375,4700,1,0.30000000000000004,92016.34251403809,4700,1,0.30000000000000004,40474.6612701416,4700,1,0.30000000000000004,42113.558517456055,4700,1,0.30000000000000004,39187.8948059082,4700,1,0.30000000000000004,39781.25735473633,4700,1,0.30000000000000004,40525.81153869629,4700,1,0.30000000000000004,35601.428314208984,4700,1,0.30000000000000004,34178.752349853516,4700,1,0.30000000000000004,33665.315017700195,4700,1,0.30000000000000004,38289.05178833008,4700,1,0.30000000000000004,23634029.71231079,400,400,400,400,400,400,4691,400,400,400,4690,400,400,4690,400,400,400,400,4690,4690,400,4690,400,400,100,0,0,0,0,0,0,0,0,0,0,0,0,0,0,0,0,0,0,0,0,0,0,0,66480525312,2147479552,22262530048,0
99,1713877625445,101272.88706970215,4700,1,0.30000000000000004,35557.486083984375,4700,1,0.30000000000000004,92016.34457397461,4700,1,0.30000000000000004,40474.66441345215,4700,1,0.30000000000000004,42113.561614990234,4700,1,0.30000000000000004,39187.89794921875,4700,1,0.30000000000000004,39781.26045227051,4700,1,0.30000000000000004,40525.81463623047,4700,1,0.30000000000000004,35601.44276428223,4700,1,0.30000000000000004,34178.755767822266,4700,1,0.30000000000000004,33665.31658935547,4700,1,0.30000000000000004,38289.05335998535,4700,1,0.30000000000000004,23634033.67286682,400,400,400,400,400,400,4691,400,400,400,4690,400,400,4690,400,400,400,400,4690,4690,400,4690,400,400,100,0,0,0,0,0,0,0,0,0,0,0,0,0,0,0,0,0,0,0,0,0,0,0,66480525312,2147479552,20512387072,0
99,1713877625545,101273.36111450195,4700,1,0.30000000000000004,35557.487854003906,4700,1,0.30000000000000004,92016.34655761719,4700,1,0.30000000000000004,40474.66752624512,4700,1,0.30000000000000004,42113.564682006836,4700,1,0.30000000000000004,39187.90104675293,4700,1,0.30000000000000004,39781.26354980469,4700,1,0.30000000000000004,40525.81773376465,4700,1,0.30000000000000004,35601.456481933594,4700,1,0.30000000000000004,34178.75750732422,4700,1,0.30000000000000004,33665.31997680664,4700,1,0.30000000000000004,38289.05647277832,4700,1,0.30000000000000004,23634037.385269165,400,400,400,400,400,400,4691,400,400,400,4690,400,400,4690,400,400,400,400,4690,4690,400,4690,400,400,100,0,0,0,0,0,0,0,0,0,0,0,0,0,0,0,0,0,0,0,0,0,0,0,66480525312,2147479552,20715212800,0
99,1713877625645,101273.84146118164,4700,1,0.30000000000000004,35557.489669799805,4700,1,0.30000000000000004,92016.34843444824,4700,1,0.30000000000000004,40474.670669555664,4700,1,0.30000000000000004,42113.567779541016,4700,1,0.30000000000000004,39187.90463256836,4700,1,0.30000000000000004,39781.26661682129,4700,1,0.30000000000000004,40525.820892333984,4700,1,0.30000000000000004,35601.470153808594,4700,1,0.30000000000000004,34178.75917053223,4700,1,0.30000000000000004,33665.321548461914,4700,1,0.30000000000000004,38289.05813598633,4700,1,0.30000000000000004,23634040.991867065,400,400,400,400,400,400,4691,400,400,400,4690,400,400,4690,400,400,400,400,4690,4690,400,4690,400,400,100,0,0,0,0,0,0,0,0,0,0,0,0,0,0,0,0,0,0,0,0,0,0,0,66480525312,2147479552,20920619008,0
99,1713877625745,101274.32342529297,4700,1,0.30000000000000004,35557.49171447754,4700,1,0.30000000000000004,92016.35054016113,4700,1,0.30000000000000004,40474.673919677734,4700,1,0.30000000000000004,42113.570892333984,4700,1,0.30000000000000004,39187.90773010254,4700,1,0.30000000000000004,39781.26988220215,4700,1,0.30000000000000004,40525.823959350586,4700,1,0.30000000000000004,35601.47766113281,4700,1,0.30000000000000004,34178.76077270508,4700,1,0.30000000000000004,33665.32368469238,4700,1,0.30000000000000004,38289.05969238281,4700,1,0.30000000000000004,23634044.553497314,400,400,400,400,400,400,4691,400,400,400,4690,400,400,4690,400,400,400,400,4690,4690,400,4690,400,400,100,0,0,0,0,0,0,0,0,0,0,0,0,0,0,0,0,0,0,0,0,0,0,0,66480525312,2147479552,21127573504,0
99,1713877625845,101274.8074798584,4700,1,0.30000000000000004,35557.49353027344,4700,1,0.30000000000000004,92016.35234069824,4700,1,0.30000000000000004,40474.67706298828,4700,1,0.30000000000000004,42113.573989868164,4700,1,0.30000000000000004,39187.91082763672,4700,1,0.30000000000000004,39781.27297973633,4700,1,0.30000000000000004,40525.827056884766,4700,1,0.30000000000000004,35601.490142822266,4700,1,0.30000000000000004,34178.76235961914,4700,1,0.30000000000000004,33665.325271606445,4700,1,0.30000000000000004,38289.061264038086,4700,1,0.30000000000000004,23634048.031448364,400,400,400,400,400,400,4691,400,400,400,4690,400,400,4690,400,400,400,400,4690,4690,400,4690,400,400,100,0,0,0,0,0,0,0,0,0,0,0,0,0,0,0,0,0,0,0,0,0,0,0,66480525312,2147479552,21336592384,0
99,1713877625946,101275.29013061523,4700,1,0.30000000000000004,35557.49543762207,4700,1,0.30000000000000004,92016.3542175293,4700,1,0.30000000000000004,40474.68029785156,4700,1,0.30000000000000004,42113.57716369629,4700,1,0.30000000000000004,39187.91416931152,4700,1,0.30000000000000004,39781.2784576416,4700,1,0.30000000000000004,40525.83024597168,4700,1,0.30000000000000004,35601.50148010254,4700,1,0.30000000000000004,34178.763931274414,4700,1,0.30000000000000004,33665.32684326172,4700,1,0.30000000000000004,38289.06283569336,4700,1,0.30000000000000004,23634051.628601074,400,400,400,400,400,400,4691,400,400,400,4690,400,400,4690,400,400,400,400,4690,4690,400,4690,400,400,100,0,0,0,0,0,0,0,0,0,0,0,0,0,0,0,0,0,0,0,0,0,0,0,66480525312,2147479552,21545095168,0
99,1713877626046,101275.77447509766,4700,1,0.30000000000000004,35557.49835205078,4700,1,0.30000000000000004,92016.35649108887,4700,1,0.30000000000000004,40474.68357849121,4700,1,0.30000000000000004,42113.58042907715,4700,1,0.30000000000000004,39187.91743469238,4700,1,0.30000000000000004,39781.28422546387,4700,1,0.30000000000000004,40525.833557128906,4700,1,0.30000000000000004,35601.516342163086,4700,1,0.30000000000000004,34178.76565551758,4700,1,0.30000000000000004,33665.33036804199,4700,1,0.30000000000000004,38289.06547546387,4700,1,0.30000000000000004,23634055.183044434,400,400,400,400,400,400,4691,400,400,400,4690,400,400,4690,400,400,400,400,4690,4690,400,4690,400,400,100,0,0,0,0,0,0,0,0,0,0,0,0,0,0,0,0,0,0,0,0,0,0,0,66480525312,2147479552,21754630144,0
99,1713877626146,101276.25904846191,4700,1,0.30000000000000004,35557.50010681152,4700,1,0.30000000000000004,92016.35830688477,4700,1,0.30000000000000004,40474.686782836914,4700,1,0.30000000000000004,42113.58352661133,4700,1,0.30000000000000004,39187.92053222656,4700,1,0.30000000000000004,39781.28732299805,4700,1,0.30000000000000004,40525.836654663086,4700,1,0.30000000000000004,35601.532806396484,4700,1,0.30000000000000004,34178.76722717285,4700,1,0.30000000000000004,33665.331939697266,4700,1,0.30000000000000004,38289.06719970703,4700,1,0.30000000000000004,23634058.723220825,400,400,400,400,400,400,4691,400,400,400,4690,400,400,4690,400,400,400,400,4690,4690,400,4690,400,400,100,0,0,0,0,0,0,0,0,0,0,0,0,0,0,0,0,0,0,0,0,0,0,0,66480525312,2147479552,21964165120,0
99,1713877626246,101276.73886108398,4700,1,0.30000000000000004,35557.501953125,4700,1,0.30000000000000004,92016.36036682129,4700,1,0.30000000000000004,40474.690017700195,4700,1,0.30000000000000004,42113.586685180664,4700,1,0.30000000000000004,39187.926010131836,4700,1,0.30000000000000004,39781.29147338867,4700,1,0.30000000000000004,40525.839752197266,4700,1,0.30000000000000004,35601.54872131348,4700,1,0.30000000000000004,34178.76893615723,4700,1,0.30000000000000004,33665.33399963379,4700,1,0.30000000000000004,38289.068771362305,4700,1,0.30000000000000004,23634062.281692505,400,400,400,400,400,400,4691,400,400,400,4690,400,400,4690,400,400,400,400,4690,4690,400,4690,400,400,100,0,0,0,0,0,0,0,0,0,0,0,0,0,0,0,0,0,0,0,0,0,0,0,66480525312,2147479552,22173700096,0
99,1713877626346,101277.22434997559,4700,1,0.30000000000000004,35557.50373840332,4700,1,0.30000000000000004,92016.36213684082,4700,1,0.30000000000000004,40474.693298339844,4700,1,0.30000000000000004,42113.591247558594,4700,1,0.30000000000000004,39187.929138183594,4700,1,0.30000000000000004,39781.29454040527,4700,1,0.30000000000000004,40525.84281921387,4700,1,0.30000000000000004,35601.563888549805,4700,1,0.30000000000000004,34178.7705078125,4700,1,0.30000000000000004,33665.33557128906,4700,1,0.30000000000000004,38289.07034301758,4700,1,0.30000000000000004,23634065.818359375,400,400,400,400,400,400,4691,400,400,400,4690,400,400,4690,400,400,400,400,4690,4690,400,4690,400,400,100,0,0,0,0,0,0,0,0,0,0,0,0,0,0,0,0,0,0,0,0,0,0,0,66480525312,2147479552,22384267264,0
99,1713877626446,101277.70932006836,4700,1,0.30000000000000004,35557.5057220459,4700,1,0.30000000000000004,92016.36389160156,4700,1,0.30000000000000004,40474.69648742676,4700,1,0.30000000000000004,42113.59436035156,4700,1,0.30000000000000004,39187.93229675293,4700,1,0.30000000000000004,39781.29763793945,4700,1,0.30000000000000004,40525.84591674805,4700,1,0.30000000000000004,35601.57392883301,4700,1,0.30000000000000004,34178.772064208984,4700,1,0.30000000000000004,33665.33712768555,4700,1,0.30000000000000004,38289.07191467285,4700,1,0.30000000000000004,23634069.36276245,400,400,400,400,400,400,4691,400,400,400,4690,400,400,4690,400,400,400,400,4690,4690,400,4690,400,400,100,0,0,0,0,0,0,0,0,0,0,0,0,0,0,0,0,0,0,0,0,0,0,0,66480525312,2147479552,22594834432,0
99,1713877626546,101278.19486999512,4700,1,0.30000000000000004,35557.50750732422,4700,1,0.30000000000000004,92016.36599731445,4700,1,0.30000000000000004,40474.69967651367,4700,1,0.30000000000000004,42113.599838256836,4700,1,0.30000000000000004,39187.93539428711,4700,1,0.30000000000000004,39781.30075073242,4700,1,0.30000000000000004,40525.84901428223,4700,1,0.30000000000000004,35601.58758544922,4700,1,0.30000000000000004,34178.77404785156,4700,1,0.30000000000000004,33665.3405456543,4700,1,0.30000000000000004,38289.0750579834,4700,1,0.30000000000000004,23634072.882247925,400,400,400,400,400,400,4691,400,400,400,4690,400,400,4690,400,400,400,400,4690,4690,400,4690,400,400,100,0,0,0,0,0,0,0,0,0,0,0,0,0,0,0,0,0,0,0,0,0,0,0,66480525312,2147479552,22805401600,0
99,1713877626646,101278.68019104004,4700,1,0.30000000000000004,35557.5094909668,4700,1,0.30000000000000004,92016.36819458008,4700,1,0.30000000000000004,40474.702865600586,4700,1,0.30000000000000004,42113.602935791016,4700,1,0.30000000000000004,39187.93849182129,4700,1,0.30000000000000004,39781.3038482666,4700,1,0.30000000000000004,40525.852111816406,4700,1,0.30000000000000004,35601.601135253906,4700,1,0.30000000000000004,34178.7756652832,4700,1,0.30000000000000004,33665.34211730957,4700,1,0.30000000000000004,38289.07669067383,4700,1,0.30000000000000004,23634076.411834717,400,400,400,400,400,400,4691,400,400,400,4690,400,400,4690,400,400,400,400,4690,4690,400,4690,400,400,100,0,0,0,0,0,0,0,0,0,0,0,0,0,0,0,0,0,0,0,5,0,0,0,66480525312,2147479552,23015968768,0
99,1713877626746,101279.16535949707,4700,1,0.30000000000000004,35557.511459350586,4700,1,0.30000000000000004,92016.3703918457,4700,1,0.30000000000000004,40474.70703125,4700,1,0.30000000000000004,42113.60838317871,4700,1,0.30000000000000004,39187.94369506836,4700,1,0.30000000000000004,39781.30711364746,4700,1,0.30000000000000004,40525.85722351074,4700,1,0.30000000000000004,35601.61437988281,4700,1,0.30000000000000004,34178.777282714844,4700,1,0.30000000000000004,33665.344177246094,4700,1,0.30000000000000004,38289.0782623291,4700,1,0.30000000000000004,23634079.989944458,400,400,400,400,400,400,4691,400,400,400,4690,400,400,4690,400,400,400,400,4690,4690,400,4690,400,400,100,0,0,0,0,0,0,0,0,0,0,0,0,0,0,0,0,0,0,0,5,0,0,0,66480525312,2147479552,23226277888,0
99,1713877626846,101279.65087890625,4700,1,0.30000000000000004,35557.51303100586,4700,1,0.30000000000000004,92016.3724822998,4700,1,0.30000000000000004,40474.7102355957,4700,1,0.30000000000000004,42113.61193847656,4700,1,0.30000000000000004,39187.947021484375,4700,1,0.30000000000000004,39781.310287475586,4700,1,0.30000000000000004,40525.86032104492,4700,1,0.30000000000000004,35601.630798339844,4700,1,0.30000000000000004,34178.77885437012,4700,1,0.30000000000000004,33665.34574890137,4700,1,0.30000000000000004,38289.08174133301,4700,1,0.30000000000000004,23634083.50845337,400,400,400,400,400,400,4691,400,400,400,4690,400,400,4690,400,400,400,400,4690,4690,400,4690,400,400,100,0,0,0,0,0,0,0,0,0,0,0,4.761904716491699,0,0,0,0,0,0,0,4.761904716491699,0,0,0,66480525312,2147479552,23436845056,0
99,1713877626946,101280.13108825684,4700,1,0.30000000000000004,35557.51466369629,4700,1,0.30000000000000004,92016.37474060059,4700,1,0.30000000000000004,40474.71348571777,4700,1,0.30000000000000004,42113.61749267578,4700,1,0.30000000000000004,39187.95071411133,4700,1,0.30000000000000004,39781.31637573242,4700,1,0.30000000000000004,40525.86349487305,4700,1,0.30000000000000004,35601.64665222168,4700,1,0.30000000000000004,34178.78042602539,4700,1,0.30000000000000004,33665.34732055664,4700,1,0.30000000000000004,38289.08348083496,4700,1,0.30000000000000004,23634087.066726685,400,400,400,400,400,400,4691,400,400,400,4690,400,400,4690,400,400,400,400,4690,4690,400,4690,400,400,100,0,0,0,0,0,0,0,0,0,0,0,4.761904716491699,0,0,0,0,0,0,0,4.761904716491699,0,0,0,66480525312,2147479552,23647928320,0
99,1713877627046,101280.61599731445,4700,1,0.30000000000000004,35557.51623535156,4700,1,0.30000000000000004,92016.37734985352,4700,1,0.30000000000000004,40474.71675109863,4700,1,0.30000000000000004,42113.6209564209,4700,1,0.30000000000000004,39187.95390319824,4700,1,0.30000000000000004,39781.31951904297,4700,1,0.30000000000000004,40525.86672973633,4700,1,0.30000000000000004,35601.662338256836,4700,1,0.30000000000000004,34178.7820892334,4700,1,0.30000000000000004,33665.35073852539,4700,1,0.30000000000000004,38289.085189819336,4700,1,0.30000000000000004,23634090.664520264,400,400,400,400,400,400,4691,400,400,400,4690,400,400,4690,400,400,400,400,4690,4690,400,4690,400,400,100,0,0,0,0,0,0,0,0,0,0,0,0,0,0,0,0,0,0,0,4.761904716491699,0,0,0,66480525312,2147479552,23858495488,0
99,1713877627146,101281.10110473633,4700,1,0.30000000000000004,35557.517807006836,4700,1,0.30000000000000004,92016.37928771973,4700,1,0.30000000000000004,40474.719985961914,4700,1,0.30000000000000004,42113.62405395508,4700,1,0.30000000000000004,39187.956970214844,4700,1,0.30000000000000004,39781.32258605957,4700,1,0.30000000000000004,40525.86979675293,4700,1,0.30000000000000004,35601.67185974121,4700,1,0.30000000000000004,34178.78364562988,4700,1,0.30000000000000004,33665.352294921875,4700,1,0.30000000000000004,38289.08676147461,4700,1,0.30000000000000004,23634094.212524414,400,400,400,400,400,400,4691,400,400,400,4690,400,400,4690,400,400,400,400,4690,4690,400,4690,400,400,100,0,0,0,0,0,0,0,0,0,0,0,0,0,0,0,0,0,0,0,4.761904716491699,0,0,0,66480525312,2147479552,24068546560,0
99,1713877627246,101281.5862121582,4700,1,0.30000000000000004,35557.51936340332,4700,1,0.30000000000000004,92016.38165283203,4700,1,0.30000000000000004,40474.72325134277,4700,1,0.30000000000000004,42113.627212524414,4700,1,0.30000000000000004,39187.96006774902,4700,1,0.30000000000000004,39781.32585144043,4700,1,0.30000000000000004,40525.872985839844,4700,1,0.30000000000000004,35601.68606567383,4700,1,0.30000000000000004,34178.78530883789,4700,1,0.30000000000000004,33665.35427856445,4700,1,0.30000000000000004,38289.08840942383,4700,1,0.30000000000000004,23634097.766799927,400,400,400,400,400,400,4691,400,400,400,4690,400,400,4690,400,400,400,400,4690,4690,400,4690,400,400,100,0,0,0,0,0,0,0,0,0,0,0,0,0,0,0,0,0,0,0,5,0,0,0,66480525312,2147479552,24279629824,0
99,1713877627346,101282.07135009766,4700,1,0.30000000000000004,35557.53594970703,4700,1,0.30000000000000004,92016.39863586426,4700,1,0.30000000000000004,40474.75036621094,4700,1,0.30000000000000004,42113.64923095703,4700,1,0.30000000000000004,39187.979431152344,4700,1,0.30000000000000004,39781.34753417969,4700,1,0.30000000000000004,40525.897872924805,4700,1,0.30000000000000004,35601.716857910156,4700,1,0.30000000000000004,34178.80024719238,4700,1,0.30000000000000004,33665.36926269531,4700,1,0.30000000000000004,38289.1044921875,4700,1,0.30000000000000004,23634101.53857422,400,400,400,400,400,400,4691,400,400,400,4690,400,400,4690,400,400,400,400,4690,4690,400,4690,400,400,100,0,0,0,0,0,0,0,0,0,0,0,0,0,0,0,0,0,0,0,5,0,0,0,66480525312,2147479552,24489680896,0
99,1713877627446,101282.55632019043,4700,1,0.30000000000000004,35557.537521362305,4700,1,0.30000000000000004,92016.40086364746,4700,1,0.30000000000000004,40474.753646850586,4700,1,0.30000000000000004,42113.65237426758,4700,1,0.30000000000000004,39187.98260498047,4700,1,0.30000000000000004,39781.35063171387,4700,1,0.30000000000000004,40525.900970458984,4700,1,0.30000000000000004,35601.72822570801,4700,1,0.30000000000000004,34178.80186462402,4700,1,0.30000000000000004,33665.370834350586,4700,1,0.30000000000000004,38289.10610961914,4700,1,0.30000000000000004,23634105.107177734,400,400,400,400,400,400,4691,400,400,400,4690,400,400,4690,400,400,400,400,4690,4690,400,4690,400,400,100,0,0,0,0,0,0,0,0,0,0,0,0,0,0,0,0,0,0,0,0,0,0,0,66480525312,2147479552,24699731968,0
99,1713877627546,101283.04176330566,4700,1,0.30000000000000004,35557.539138793945,4700,1,0.30000000000000004,92016.40353393555,4700,1,0.30000000000000004,40474.75688171387,4700,1,0.30000000000000004,42113.65547180176,4700,1,0.30000000000000004,39187.98570251465,4700,1,0.30000000000000004,39781.35372924805,4700,1,0.30000000000000004,40525.904067993164,4700,1,0.30000000000000004,35601.74496459961,4700,1,0.30000000000000004,34178.80368041992,4700,1,0.30000000000000004,33665.374267578125,4700,1,0.30000000000000004,38289.10787963867,4700,1,0.30000000000000004,23634108.7003479,400,400,400,400,400,400,4691,400,400,400,4690,400,400,4690,400,400,400,400,4690,4690,400,4690,400,400,100,0,0,0,0,0,0,0,0,0,0,0,0,0,0,0,0,0,0,0,0,0,0,0,66480525312,2147479552,24910815232,0
99,1713877627646,101283.52629089355,4700,1,0.30000000000000004,35557.540756225586,4700,1,0.30000000000000004,92016.40553283691,4700,1,0.30000000000000004,40474.76011657715,4700,1,0.30000000000000004,42113.65856933594,4700,1,0.30000000000000004,39187.99708557129,4700,1,0.30000000000000004,39781.35682678223,4700,1,0.30000000000000004,40525.90721130371,4700,1,0.30000000000000004,35601.76078796387,4700,1,0.30000000000000004,34178.80529785156,4700,1,0.30000000000000004,33665.3758392334,4700,1,0.30000000000000004,38289.10958862305,4700,1,0.30000000000000004,23634112.270065308,400,400,400,400,400,400,4691,400,400,400,4690,400,400,4690,400,400,400,400,4690,4690,400,4690,400,400,100,0,0,0,0,0,0,0,0,0,0,0,0,0,0,0,0,0,0,0,9.090909004211426,0,0,0,66480525312,2147479552,25120866304,0
99,1713877627747,101284.00537109375,4700,1,0.30000000000000004,35557.543685913086,4700,1,0.30000000000000004,92016.4076538086,4700,1,0.30000000000000004,40474.76338195801,4700,1,0.30000000000000004,42113.66163635254,4700,1,0.30000000000000004,39188.000228881836,4700,1,0.30000000000000004,39781.362548828125,4700,1,0.30000000000000004,40525.91035461426,4700,1,0.30000000000000004,35601.77615356445,4700,1,0.30000000000000004,34178.80693054199,4700,1,0.30000000000000004,33665.378982543945,4700,1,0.30000000000000004,38289.1111907959,4700,1,0.30000000000000004,23634115.862472534,400,400,400,400,400,400,4691,400,400,400,4690,400,400,4690,400,400,400,400,4690,4690,400,4690,400,400,100,0,0,0,0,0,0,0,0,0,0,0,0,0,0,0,0,0,0,0,9.090909004211426,0,0,0,66480525312,2147479552,25332838400,0
99,1713877627847,101284.49044799805,4700,1,0.30000000000000004,35557.54525756836,4700,1,0.30000000000000004,92016.40968322754,4700,1,0.30000000000000004,40474.76661682129,4700,1,0.30000000000000004,42113.66473388672,4700,1,0.30000000000000004,39188.00329589844,4700,1,0.30000000000000004,39781.36561584473,4700,1,0.30000000000000004,40525.91342163086,4700,1,0.30000000000000004,35601.791091918945,4700,1,0.30000000000000004,34178.808502197266,4700,1,0.30000000000000004,33665.38055419922,4700,1,0.30000000000000004,38289.11280822754,4700,1,0.30000000000000004,23634119.4475708,400,400,400,400,400,400,4691,400,400,400,4690,400,400,4690,400,400,400,400,4690,4690,400,4690,400,400,100,0,0,0,0,0,0,0,0,0,0,0,0,0,0,0,0,0,0,0,0,0,0,0,66480525312,2147479552,25543405568,0
99,1713877627947,101284.97448730469,4700,1,0.30000000000000004,35557.54685974121,4700,1,0.30000000000000004,92016.41178894043,4700,1,0.30000000000000004,40474.769958496094,4700,1,0.30000000000000004,42113.66911315918,4700,1,0.30000000000000004,39188.00883483887,4700,1,0.30000000000000004,39781.3759765625,4700,1,0.30000000000000004,40525.916595458984,4700,1,0.30000000000000004,35601.79977416992,4700,1,0.30000000000000004,34178.81005859375,4700,1,0.30000000000000004,33665.3821105957,4700,1,0.30000000000000004,38289.114486694336,4700,1,0.30000000000000004,23634123.03718567,400,400,400,400,400,400,4691,400,400,400,4690,400,400,4690,400,400,400,400,4690,4690,400,4690,400,400,100,0,0,0,0,0,0,0,0,0,0,0,0,0,0,0,0,0,0,0,0,0,0,0,66480525312,2147479552,25753456640,0
99,1713877628047,101285.45910644531,4700,1,0.30000000000000004,35557.548431396484,4700,1,0.30000000000000004,92016.41450500488,4700,1,0.30000000000000004,40474.773193359375,4700,1,0.30000000000000004,42113.672271728516,4700,1,0.30000000000000004,39188.01203918457,4700,1,0.30000000000000004,39781.37907409668,4700,1,0.30000000000000004,40525.9197845459,4700,1,0.30000000000000004,35601.81301879883,4700,1,0.30000000000000004,34178.81164550781,4700,1,0.30000000000000004,33665.385665893555,4700,1,0.30000000000000004,38289.116134643555,4700,1,0.30000000000000004,23634126.639068604,400,400,400,400,400,400,4691,400,400,400,4690,400,400,4690,400,400,400,400,4690,4690,400,4690,400,400,100,0,0,0,0,0,0,0,0,0,0,0,0,0,0,0,0,0,0,0,4.761904716491699,0,0,0,66480525312,2147479552,25964539904,0
99,1713877628147,101285.94450378418,4700,1,0.30000000000000004,35557.55000305176,4700,1,0.30000000000000004,92016.41645812988,4700,1,0.30000000000000004,40474.77651977539,4700,1,0.30000000000000004,42113.675369262695,4700,1,0.30000000000000004,39188.01513671875,4700,1,0.30000000000000004,39781.38217163086,4700,1,0.30000000000000004,40525.92288208008,4700,1,0.30000000000000004,35601.82580566406,4700,1,0.30000000000000004,34178.813217163086,4700,1,0.30000000000000004,33665.38723754883,4700,1,0.30000000000000004,38289.11770629883,4700,1,0.30000000000000004,23634130.188720703,400,400,400,400,400,400,4691,400,400,400,4690,400,400,4690,400,400,400,400,4690,4690,400,4690,400,400,100,0,0,0,0,0,0,0,0,0,0,0,0,0,0,0,0,0,0,0,4.761904716491699,0,0,0,66480525312,2147479552,26175107072,0
99,1713877628247,101286.42990112305,4700,1,0.30000000000000004,35557.55157470703,4700,1,0.30000000000000004,92016.41871643066,4700,1,0.30000000000000004,40474.77978515625,4700,1,0.30000000000000004,42113.67852783203,4700,1,0.30000000000000004,39188.018325805664,4700,1,0.30000000000000004,39781.387268066406,4700,1,0.30000000000000004,40525.926025390625,4700,1,0.30000000000000004,35601.83818054199,4700,1,0.30000000000000004,34178.81489562988,4700,1,0.30000000000000004,33665.38929748535,4700,1,0.30000000000000004,38289.11932373047,4700,1,0.30000000000000004,23634133.716262817,400,400,400,400,400,400,4691,400,400,400,4690,400,400,4690,400,400,400,400,4690,4690,400,4690,400,400,100,0,0,0,0,0,0,0,0,0,0,0,0,0,0,0,0,0,0,0,4.761904716491699,0,0,0,66480525312,2147479552,26385674240,0
99,1713877628347,101286.91497802734,4700,1,0.30000000000000004,35557.553146362305,4700,1,0.30000000000000004,92016.42079162598,4700,1,0.30000000000000004,40474.783203125,4700,1,0.30000000000000004,42113.681716918945,4700,1,0.30000000000000004,39188.021423339844,4700,1,0.30000000000000004,39781.390365600586,4700,1,0.30000000000000004,40525.929122924805,4700,1,0.30000000000000004,35601.854232788086,4700,1,0.30000000000000004,34178.816467285156,4700,1,0.30000000000000004,33665.390869140625,4700,1,0.30000000000000004,38289.12089538574,4700,1,0.30000000000000004,23634137.269577026,400,400,400,400,400,400,4691,400,400,400,4690,400,400,4690,400,400,400,400,4690,4690,400,4690,400,400,100,0,0,0,0,0,0,0,0,0,0,0,0,0,0,0,0,0,0,0,4.761904716491699,0,0,0,66480525312,2147479552,26596241408,0
99,1713877628447,101287.39498901367,4700,1,0.30000000000000004,35557.55471801758,4700,1,0.30000000000000004,92016.42272949219,4700,1,0.30000000000000004,40474.78645324707,4700,1,0.30000000000000004,42113.68487548828,4700,1,0.30000000000000004,39188.02462768555,4700,1,0.30000000000000004,39781.39366149902,4700,1,0.30000000000000004,40525.934646606445,4700,1,0.30000000000000004,35601.869216918945,4700,1,0.30000000000000004,34178.81803894043,4700,1,0.30000000000000004,33665.3924407959,4700,1,0.30000000000000004,38289.12258911133,4700,1,0.30000000000000004,23634140.852416992,400,400,400,400,400,400,4691,400,400,400,4690,400,400,4690,400,400,400,400,4690,4690,400,4690,400,400,100,0,0,0,0,0,0,0,0,0,0,0,0,0,0,0,0,0,0,0,4.761904716491699,0,0,0,66480525312,2147479552,26806808576,0
99,1713877628547,101287.87963867188,4700,1,0.30000000000000004,35557.55628967285,4700,1,0.30000000000000004,92016.42501831055,4700,1,0.30000000000000004,40474.789611816406,4700,1,0.30000000000000004,42113.69038391113,4700,1,0.30000000000000004,39188.02769470215,4700,1,0.30000000000000004,39781.396728515625,4700,1,0.30000000000000004,40525.93771362305,4700,1,0.30000000000000004,35601.883728027344,4700,1,0.30000000000000004,34178.82096862793,4700,1,0.30000000000000004,33665.395904541016,4700,1,0.30000000000000004,38289.12564086914,4700,1,0.30000000000000004,23634144.453582764,400,400,400,400,400,400,4691,400,400,400,4690,400,400,4690,400,400,400,400,4690,4690,400,4690,400,400,100,0,0,0,0,0,0,0,0,0,0,0,0,0,0,0,0,0,0,0,4.761904716491699,0,0,0,66480525312,2147479552,27017375744,0
99,1713877628647,101288.36444091797,4700,1,0.30000000000000004,35557.55790710449,4700,1,0.30000000000000004,92016.42704772949,4700,1,0.30000000000000004,40474.79280090332,4700,1,0.30000000000000004,42113.69357299805,4700,1,0.30000000000000004,39188.03080749512,4700,1,0.30000000000000004,39781.399826049805,4700,1,0.30000000000000004,40525.94081115723,4700,1,0.30000000000000004,35601.89279174805,4700,1,0.30000000000000004,34178.82257080078,4700,1,0.30000000000000004,33665.3974609375,4700,1,0.30000000000000004,38289.127212524414,4700,1,0.30000000000000004,23634148.05342102,400,400,400,400,400,400,4691,400,400,400,4690,400,400,4690,400,400,400,400,4690,4690,400,4690,400,400,100,0,0,0,0,0,0,0,0,0,0,0,0,0,0,0,0,0,0,0,5,0,0,0,66480525312,2147479552,27228459008,0
99,1713877628747,101288.84977722168,4700,1,0.30000000000000004,35557.55961608887,4700,1,0.30000000000000004,92016.42919921875,4700,1,0.30000000000000004,40474.79649353027,4700,1,0.30000000000000004,42113.69667053223,4700,1,0.30000000000000004,39188.03398132324,4700,1,0.30000000000000004,39781.40347290039,4700,1,0.30000000000000004,40525.94483947754,4700,1,0.30000000000000004,35601.90628051758,4700,1,0.30000000000000004,34178.82418823242,4700,1,0.30000000000000004,33665.39952087402,4700,1,0.30000000000000004,38289.1287689209,4700,1,0.30000000000000004,23634151.58633423,400,400,400,400,400,400,4691,400,400,400,4690,400,400,4690,400,400,400,400,4690,4690,400,4690,400,400,100,0,0,0,0,0,0,0,0,0,0,0,0,0,0,0,0,0,0,0,5,0,0,0,66480525312,2147479552,27439026176,0
99,1713877628847,101289.33438110352,4700,1,0.30000000000000004,35557.56118774414,4700,1,0.30000000000000004,92016.43118286133,4700,1,0.30000000000000004,40474.79968261719,4700,1,0.30000000000000004,42113.699768066406,4700,1,0.30000000000000004,39188.03707885742,4700,1,0.30000000000000004,39781.406661987305,4700,1,0.30000000000000004,40525.94793701172,4700,1,0.30000000000000004,35601.9190826416,4700,1,0.30000000000000004,34178.825759887695,4700,1,0.30000000000000004,33665.4010925293,4700,1,0.30000000000000004,38289.13034057617,4700,1,0.30000000000000004,23634155.190979004,400,400,400,400,400,400,4691,400,400,400,4690,400,400,4690,400,400,400,400,4690,4690,400,4690,400,400,100,0,0,0,0,0,0,0,0,0,0,0,0,0,0,0,0,0,0,0,0,0,0,0,66480525312,2147479552,27649077248,0
99,1713877628947,101289.81913757324,4700,1,0.30000000000000004,35557.56285095215,4700,1,0.30000000000000004,92016.43325805664,4700,1,0.30000000000000004,40474.80291748047,4700,1,0.30000000000000004,42113.70408630371,4700,1,0.30000000000000004,39188.04220581055,4700,1,0.30000000000000004,39781.41423034668,4700,1,0.30000000000000004,40525.95115661621,4700,1,0.30000000000000004,35601.931228637695,4700,1,0.30000000000000004,34178.827377319336,4700,1,0.30000000000000004,33665.40266418457,4700,1,0.30000000000000004,38289.133880615234,4700,1,0.30000000000000004,23634158.791931152,400,400,400,400,400,400,4691,400,400,400,4690,400,400,4690,400,400,400,400,4690,4690,400,4690,400,400,100,0,0,0,0,0,0,0,0,0,0,0,0,0,0,0,0,0,0,0,0,0,0,0,66480525312,2147479552,27859644416,0
99,1713877629047,101290.30421447754,4700,1,0.30000000000000004,35557.56442260742,4700,1,0.30000000000000004,92016.43572998047,4700,1,0.30000000000000004,40474.806243896484,4700,1,0.30000000000000004,42113.70724487305,4700,1,0.30000000000000004,39188.04536437988,4700,1,0.30000000000000004,39781.41732788086,4700,1,0.30000000000000004,40525.954330444336,4700,1,0.30000000000000004,35601.947494506836,4700,1,0.30000000000000004,34178.82899475098,4700,1,0.30000000000000004,33665.404235839844,4700,1,0.30000000000000004,38289.135482788086,4700,1,0.30000000000000004,23634162.328125,400,400,400,400,400,400,4691,400,400,400,4690,400,400,4690,400,400,400,400,4690,4690,400,4690,400,400,100,0,0,0,0,0,0,0,0,0,0,0,0,0,0,0,0,0,0,0,4.761904716491699,0,0,0,66480525312,2147479552,28070211584,0
99,1713877629147,101290.7844543457,4700,1,0.30000000000000004,35557.565994262695,4700,1,0.30000000000000004,92016.43760681152,4700,1,0.30000000000000004,40474.809478759766,4700,1,0.30000000000000004,42113.710388183594,4700,1,0.30000000000000004,39188.04846191406,4700,1,0.30000000000000004,39781.42274475098,4700,1,0.30000000000000004,40525.957427978516,4700,1,0.30000000000000004,35601.962493896484,4700,1,0.30000000000000004,34178.83056640625,4700,1,0.30000000000000004,33665.40785217285,4700,1,0.30000000000000004,38289.13710021973,4700,1,0.30000000000000004,23634165.960235596,400,400,400,400,400,400,4691,400,400,400,4690,400,400,4690,400,400,400,400,4690,4690,400,4690,400,400,100,0,0,0,0,0,0,0,0,0,0,0,0,0,0,0,0,0,0,0,4.761904716491699,0,0,0,66480525312,2147479552,28281294848,0
99,1713877629247,101291.2696685791,4700,1,0.30000000000000004,35557.56756591797,4700,1,0.30000000000000004,92016.43992614746,4700,1,0.30000000000000004,40474.8127746582,4700,1,0.30000000000000004,42113.71354675293,4700,1,0.30000000000000004,39188.051528930664,4700,1,0.30000000000000004,39781.42597961426,4700,1,0.30000000000000004,40525.9630279541,4700,1,0.30000000000000004,35601.97724914551,4700,1,0.30000000000000004,34178.83224487305,4700,1,0.30000000000000004,33665.409423828125,4700,1,0.30000000000000004,38289.138671875,4700,1,0.30000000000000004,23634169.53479004,400,400,400,400,400,400,4691,400,400,400,4690,400,400,4690,400,400,400,400,4690,4690,400,4690,400,400,100,0,0,0,0,0,0,0,0,0,0,0,0,0,0,0,0,0,0,0,0,0,0,0,66480525312,2147479552,28491862016,0
99,1713877629347,101291.75520324707,4700,1,0.30000000000000004,35557.56913757324,4700,1,0.30000000000000004,92016.44200134277,4700,1,0.30000000000000004,40474.81602478027,4700,1,0.30000000000000004,42113.718811035156,4700,1,0.30000000000000004,39188.05470275879,4700,1,0.30000000000000004,39781.42904663086,4700,1,0.30000000000000004,40525.9660949707,4700,1,0.30000000000000004,35601.98612976074,4700,1,0.30000000000000004,34178.83380126953,4700,1,0.30000000000000004,33665.41098022461,4700,1,0.30000000000000004,38289.14024353027,4700,1,0.30000000000000004,23634173.0836792,400,400,400,400,400,400,4691,400,400,400,4690,400,400,4690,400,400,400,400,4690,4690,400,4690,400,400,100,0,0,0,0,0,0,0,0,0,0,0,0,0,0,0,0,0,0,0,0,0,0,0,66480525312,2147479552,28702945280,0
99,1713877629447,101292.2396697998,4700,1,0.30000000000000004,35557.57069396973,4700,1,0.30000000000000004,92016.44395446777,4700,1,0.30000000000000004,40474.81930541992,4700,1,0.30000000000000004,42113.721908569336,4700,1,0.30000000000000004,39188.057846069336,4700,1,0.30000000000000004,39781.43214416504,4700,1,0.30000000000000004,40525.96920776367,4700,1,0.30000000000000004,35601.999435424805,4700,1,0.30000000000000004,34178.83724975586,4700,1,0.30000000000000004,33665.41255187988,4700,1,0.30000000000000004,38289.14179992676,4700,1,0.30000000000000004,23634176.64970398,400,400,400,400,400,400,4691,400,400,400,4690,400,400,4690,400,400,400,400,4690,4690,400,4690,400,400,100,0,0,0,0,0,0,0,0,0,0,0,0,0,0,0,0,0,0,0,0,0,0,0,66480525312,2147479552,28913512448,0
99,1713877629548,101292.72453308105,4700,1,0.30000000000000004,35557.572265625,4700,1,0.30000000000000004,92016.44616699219,4700,1,0.30000000000000004,40474.822494506836,4700,1,0.30000000000000004,42113.725006103516,4700,1,0.30000000000000004,39188.060943603516,4700,1,0.30000000000000004,39781.43524169922,4700,1,0.30000000000000004,40525.97230529785,4700,1,0.30000000000000004,35602.01216125488,4700,1,0.30000000000000004,34178.839096069336,4700,1,0.30000000000000004,33665.414138793945,4700,1,0.30000000000000004,38289.14497375488,4700,1,0.30000000000000004,23634180.21659851,400,400,400,400,400,400,4691,400,400,400,4690,400,400,4690,400,400,400,400,4690,4690,400,4690,400,400,100,0,0,0,0,0,0,0,0,0,0,0,0,0,0,0,0,0,0,0,0,0,0,0,66480525312,2147479552,29124079616,0
99,1713877629648,101293.20867919922,4700,1,0.30000000000000004,35557.57388305664,4700,1,0.30000000000000004,92016.44821166992,4700,1,0.30000000000000004,40474.82563781738,4700,1,0.30000000000000004,42113.728103637695,4700,1,0.30000000000000004,39188.07182312012,4700,1,0.30000000000000004,39781.4383392334,4700,1,0.30000000000000004,40525.9754486084,4700,1,0.30000000000000004,35602.024475097656,4700,1,0.30000000000000004,34178.84071350098,4700,1,0.30000000000000004,33665.415771484375,4700,1,0.30000000000000004,38289.14663696289,4700,1,0.30000000000000004,23634183.820404053,400,400,400,400,400,400,4691,400,400,400,4690,400,400,4690,400,400,400,400,4690,4690,400,4690,400,400,100,0,0,0,0,0,0,0,0,0,0,0,0,0,0,0,0,0,0,0,0,0,0,0,66480525312,2147479552,29334646784,0
99,1713877629748,101293.69346618652,4700,1,0.30000000000000004,35557.576171875,4700,1,0.30000000000000004,92016.4507446289,4700,1,0.30000000000000004,40474.8288269043,4700,1,0.30000000000000004,42113.73124694824,4700,1,0.30000000000000004,39188.0749206543,4700,1,0.30000000000000004,39781.44161987305,4700,1,0.30000000000000004,40525.97854614258,4700,1,0.30000000000000004,35602.040283203125,4700,1,0.30000000000000004,34178.84228515625,4700,1,0.30000000000000004,33665.417388916016,4700,1,0.30000000000000004,38289.148208618164,4700,1,0.30000000000000004,23634187.366088867,400,400,400,400,400,400,4691,400,400,400,4690,400,400,4690,400,400,400,400,4690,4690,400,4690,400,400,100,0,0,0,0,0,0,0,0,0,0,0,0,0,0,0,0,0,0,0,0,0,0,0,66480525312,2147479552,29545213952,0
99,1713877629848,101294.17770385742,4700,1,0.30000000000000004,35557.57774353027,4700,1,0.30000000000000004,92016.4527130127,4700,1,0.30000000000000004,40474.83201599121,4700,1,0.30000000000000004,42113.73434448242,4700,1,0.30000000000000004,39188.07801818848,4700,1,0.30000000000000004,39781.444763183594,4700,1,0.30000000000000004,40525.98164367676,4700,1,0.30000000000000004,35602.055572509766,4700,1,0.30000000000000004,34178.84390258789,4700,1,0.30000000000000004,33665.41906738281,4700,1,0.30000000000000004,38289.14978027344,4700,1,0.30000000000000004,23634190.976730347,400,400,400,400,400,400,4691,400,400,400,4690,400,400,4690,400,400,400,400,4690,4690,400,4690,400,400,100,0,0,0,0,0,0,0,0,0,0,0,0,0,0,0,0,0,0,0,0,0,0,0,66480525312,2147479552,29756297216,0
99,1713877629948,101294.65739440918,4700,1,0.30000000000000004,35557.57957458496,4700,1,0.30000000000000004,92016.45472717285,4700,1,0.30000000000000004,40474.8352355957,4700,1,0.30000000000000004,42113.73748779297,4700,1,0.30000000000000004,39188.083587646484,4700,1,0.30000000000000004,39781.452087402344,4700,1,0.30000000000000004,40525.984802246094,4700,1,0.30000000000000004,35602.070236206055,4700,1,0.30000000000000004,34178.84553527832,4700,1,0.30000000000000004,33665.420639038086,4700,1,0.30000000000000004,38289.15135192871,4700,1,0.30000000000000004,23634194.55757141,400,400,400,400,400,400,4691,400,400,400,4690,400,400,4690,400,400,400,400,4690,4690,400,4690,400,400,100,0,0,0,0,0,0,0,0,0,0,0,0,0,0,0,0,0,0,0,0,0,0,0,66480525312,2147479552,29966864384,0
99,1713877630048,101295.14263916016,4700,1,0.30000000000000004,35557.58268737793,4700,1,0.30000000000000004,92016.45715332031,4700,1,0.30000000000000004,40474.83851623535,4700,1,0.30000000000000004,42113.74073791504,4700,1,0.30000000000000004,39188.088150024414,4700,1,0.30000000000000004,39781.456604003906,4700,1,0.30000000000000004,40525.98806762695,4700,1,0.30000000000000004,35602.079528808594,4700,1,0.30000000000000004,34178.84721374512,4700,1,0.30000000000000004,33665.42329406738,4700,1,0.30000000000000004,38289.15412902832,4700,1,0.30000000000000004,23634198.114364624,400,400,400,400,400,400,4691,400,400,400,4690,400,400,4690,400,400,400,400,4690,4690,400,4690,400,400,100,0,0,0,0,0,0,0,0,0,0,0,0,0,0,0,0,0,0,0,0,0,0,0,66480525312,2147479552,30177431552,0
99,1713877630148,101295.6279296875,4700,1,0.30000000000000004,35557.58770751953,4700,1,0.30000000000000004,92016.45916748047,4700,1,0.30000000000000004,40474.84176635742,4700,1,0.30000000000000004,42113.74385070801,4700,1,0.30000000000000004,39188.09126281738,4700,1,0.30000000000000004,39781.459701538086,4700,1,0.30000000000000004,40525.99116516113,4700,1,0.30000000000000004,35602.091079711914,4700,1,0.30000000000000004,34178.8487701416,4700,1,0.30000000000000004,33665.424896240234,4700,1,0.30000000000000004,38289.15577697754,4700,1,0.30000000000000004,23634201.61769104,400,400,400,400,400,400,4691,400,400,400,4690,400,400,4690,400,400,400,400,4690,4690,400,4690,400,400,100,0,0,0,0,0,0,0,0,0,0,0,0,0,0,0,0,0,0,0,0,0,0,0,66480525312,2147479552,30387998720,0
99,1713877630248,101296.11210632324,4700,1,0.30000000000000004,35557.589294433594,4700,1,0.30000000000000004,92016.4614868164,4700,1,0.30000000000000004,40474.84504699707,4700,1,0.30000000000000004,42113.74705505371,4700,1,0.30000000000000004,39188.09436035156,4700,1,0.30000000000000004,39781.46340942383,4700,1,0.30000000000000004,40525.99426269531,4700,1,0.30000000000000004,35602.103927612305,4700,1,0.30000000000000004,34178.85043334961,4700,1,0.30000000000000004,33665.4264831543,4700,1,0.30000000000000004,38289.157455444336,4700,1,0.30000000000000004,23634205.223526,400,400,400,400,400,400,4691,400,400,400,4690,400,400,4690,400,400,400,400,4690,4690,400,4690,400,400,100,0,0,0,0,0,0,0,0,0,0,0,0,0,0,0,0,0,0,0,0,0,0,0,66480525312,2147479552,30599081984,0
99,1713877630348,101296.59764099121,4700,1,0.30000000000000004,35557.59086608887,4700,1,0.30000000000000004,92016.46366882324,4700,1,0.30000000000000004,40474.84826660156,4700,1,0.30000000000000004,42113.751708984375,4700,1,0.30000000000000004,39188.0975189209,4700,1,0.30000000000000004,39781.466552734375,4700,1,0.30000000000000004,40525.99736022949,4700,1,0.30000000000000004,35602.11618041992,4700,1,0.30000000000000004,34178.85200500488,4700,1,0.30000000000000004,33665.42805480957,4700,1,0.30000000000000004,38289.15913391113,4700,1,0.30000000000000004,23634208.793029785,400,400,400,400,400,400,4691,400,400,400,4690,400,400,4690,400,400,400,400,4690,4690,400,4690,400,400,100,0,0,0,0,0,0,0,0,0,0,0,0,0,0,0,0,0,0,0,0,0,0,0,66480525312,2147479552,30809649152,0
99,1713877630448,101297.08239746094,4700,1,0.30000000000000004,35557.59243774414,4700,1,0.30000000000000004,92016.46565246582,4700,1,0.30000000000000004,40474.85154724121,4700,1,0.30000000000000004,42113.754806518555,4700,1,0.30000000000000004,39188.100662231445,4700,1,0.30000000000000004,39781.469650268555,4700,1,0.30000000000000004,40526.00045776367,4700,1,0.30000000000000004,35602.12796020508,4700,1,0.30000000000000004,34178.853576660156,4700,1,0.30000000000000004,33665.4296875,4700,1,0.30000000000000004,38289.160705566406,4700,1,0.30000000000000004,23634212.39918518,400,400,400,400,400,400,4691,400,400,400,4690,400,400,4690,400,400,400,400,4690,4690,400,4690,400,400,100,0,0,0,0,0,0,0,0,0,0,0,0,0,0,0,0,0,0,0,0,0,0,0,66480525312,2147479552,31020216320,0
99,1713877630548,101297.56787109375,4700,1,0.30000000000000004,35557.594009399414,4700,1,0.30000000000000004,92016.46774291992,4700,1,0.30000000000000004,40474.854736328125,4700,1,0.30000000000000004,42113.76036071777,4700,1,0.30000000000000004,39188.103759765625,4700,1,0.30000000000000004,39781.472747802734,4700,1,0.30000000000000004,40526.00355529785,4700,1,0.30000000000000004,35602.14306640625,4700,1,0.30000000000000004,34178.85562133789,4700,1,0.30000000000000004,33665.43125915527,4700,1,0.30000000000000004,38289.163818359375,4700,1,0.30000000000000004,23634215.977752686,400,400,400,400,400,400,4691,400,400,400,4690,400,400,4690,400,400,400,400,4690,4690,400,4690,400,400,100,0,0,0,0,0,0,0,0,0,0,0,0,0,0,0,0,0,0,0,0,0,0,0,66480525312,2147479552,31230783488,0
99,1713877630648,101298.04763793945,4700,1,0.30000000000000004,35557.595626831055,4700,1,0.30000000000000004,92016.46984863281,4700,1,0.30000000000000004,40474.85801696777,4700,1,0.30000000000000004,42113.76345825195,4700,1,0.30000000000000004,39188.106857299805,4700,1,0.30000000000000004,39781.475845336914,4700,1,0.30000000000000004,40526.00665283203,4700,1,0.30000000000000004,35602.157806396484,4700,1,0.30000000000000004,34178.85723876953,4700,1,0.30000000000000004,33665.434799194336,4700,1,0.30000000000000004,38289.16539001465,4700,1,0.30000000000000004,23634219.58708191,400,400,400,400,400,400,4691,400,400,400,4690,400,400,4690,400,400,400,400,4690,4690,400,4690,400,400,100,0,0,0,0,0,0,0,0,0,0,0,0,0,0,0,0,0,0,0,0,0,0,0,66480525312,2147479552,31441350656,0
99,1713877630748,101298.53295898438,4700,1,0.30000000000000004,35557.59744262695,4700,1,0.30000000000000004,92016.47265625,4700,1,0.30000000000000004,40474.8621673584,4700,1,0.30000000000000004,42113.76696777344,4700,1,0.30000000000000004,39188.11245727539,4700,1,0.30000000000000004,39781.47927856445,4700,1,0.30000000000000004,40526.011978149414,4700,1,0.30000000000000004,35602.167236328125,4700,1,0.30000000000000004,34178.887268066406,4700,1,0.30000000000000004,33665.43647766113,4700,1,0.30000000000000004,38289.167068481445,4700,1,0.30000000000000004,23634223.19366455,400,400,400,400,400,400,4691,400,400,400,4690,400,400,4690,400,400,400,400,4690,4690,400,4690,400,400,100,0,0,0,0,0,0,0,0,0,0,0,0,0,0,0,0,0,0,0,0,0,0,0,66480525312,2147479552,31651917824,0
99,1713877630848,101299.01876831055,4700,1,0.30000000000000004,35557.59901428223,4700,1,0.30000000000000004,92016.47483825684,4700,1,0.30000000000000004,40474.86535644531,4700,1,0.30000000000000004,42113.77098083496,4700,1,0.30000000000000004,39188.11575317383,4700,1,0.30000000000000004,39781.482421875,4700,1,0.30000000000000004,40526.015075683594,4700,1,0.30000000000000004,35602.18084716797,4700,1,0.30000000000000004,34178.88887023926,4700,1,0.30000000000000004,33665.43803405762,4700,1,0.30000000000000004,38289.17045593262,4700,1,0.30000000000000004,23634226.729415894,400,400,400,400,400,400,4691,400,400,400,4690,400,400,4690,400,400,400,400,4690,4690,400,4690,400,400,100,0,0,0,0,0,0,0,0,0,0,5,0,0,0,0,0,0,0,0,0,0,0,0,66480525312,2147479552,31862484992,0
99,1713877630948,101299.50387573242,4700,1,0.30000000000000004,35557.602462768555,4700,1,0.30000000000000004,92016.47662353516,4700,1,0.30000000000000004,40474.868591308594,4700,1,0.30000000000000004,42113.77519226074,4700,1,0.30000000000000004,39188.122482299805,4700,1,0.30000000000000004,39781.49151611328,4700,1,0.30000000000000004,40526.01824951172,4700,1,0.30000000000000004,35602.19371032715,4700,1,0.30000000000000004,34178.89045715332,4700,1,0.30000000000000004,33665.43960571289,4700,1,0.30000000000000004,38289.172134399414,4700,1,0.30000000000000004,23634230.27886963,400,400,400,400,400,400,4691,400,400,400,4690,400,400,4690,400,400,400,400,4690,4690,400,4690,400,400,100,0,0,0,0,0,0,0,0,0,0,5,0,0,0,0,0,0,0,0,0,0,0,0,66480525312,2147479552,32073052160,0
99,1713877631048,101299.98918151855,4700,1,0.30000000000000004,35557.60404968262,4700,1,0.30000000000000004,92016.47927856445,4700,1,0.30000000000000004,40474.8719329834,4700,1,0.30000000000000004,42113.77836608887,4700,1,0.30000000000000004,39188.12567138672,4700,1,0.30000000000000004,39781.49461364746,4700,1,0.30000000000000004,40526.021423339844,4700,1,0.30000000000000004,35602.20585632324,4700,1,0.30000000000000004,34178.892028808594,4700,1,0.30000000000000004,33665.441177368164,4700,1,0.30000000000000004,38289.17378234863,4700,1,0.30000000000000004,23634233.859069824,400,400,400,400,400,400,4691,400,400,400,4690,400,400,4690,400,400,400,400,4690,4690,400,4690,400,400,100,0,0,0,0,0,0,0,0,0,0,0,0,0,0,0,0,0,0,0,0,0,0,0,66480525312,2147479552,32283619328,0
99,1713877631148,101300.47395324707,4700,1,0.30000000000000004,35557.60562133789,4700,1,0.30000000000000004,92016.4810333252,4700,1,0.30000000000000004,40474.87518310547,4700,1,0.30000000000000004,42113.78146362305,4700,1,0.30000000000000004,39188.128829956055,4700,1,0.30000000000000004,39781.49771118164,4700,1,0.30000000000000004,40526.02452087402,4700,1,0.30000000000000004,35602.21739196777,4700,1,0.30000000000000004,34178.89366149902,4700,1,0.30000000000000004,33665.442810058594,4700,1,0.30000000000000004,38289.175354003906,4700,1,0.30000000000000004,23634237.425949097,400,400,400,400,400,400,4691,400,400,400,4690,400,400,4690,400,400,400,400,4690,4690,400,4690,400,400,100,0,0,0,0,0,0,0,0,0,0,0,0,0,0,0,0,0,0,0,0,0,0,0,66480525312,2147479552,32494702592,0
99,1713877631249,101300.95750427246,4700,1,0.29374999999999996,35557.607192993164,4700,1,0.30000000000000004,92016.48321533203,4700,1,0.30000000000000004,40474.87846374512,4700,1,0.30000000000000004,42113.78466796875,4700,1,0.30000000000000004,39188.131927490234,4700,1,0.30000000000000004,39781.500885009766,4700,1,0.30000000000000004,40526.02770996094,4700,1,0.30000000000000004,35602.23258972168,4700,1,0.30000000000000004,34178.89533996582,4700,1,0.30000000000000004,33665.44438171387,4700,1,0.30000000000000004,38289.17692565918,4700,1,0.30000000000000004,23634240.992523193,400,400,400,400,400,400,4691,400,400,400,4690,400,400,4690,400,400,400,400,4690,4690,400,4690,400,400,100,0,0,0,0,0,0,0,0,0,0,0,0,0,0,0,0,0,0,0,0,0,0,0,66480525312,2147479552,32704237568,0
99,1713877631349,101301.43182373047,4700,1,0.30000000000000004,35557.60876464844,4700,1,0.30000000000000004,92016.48519897461,4700,1,0.30000000000000004,40474.881576538086,4700,1,0.30000000000000004,42113.78877258301,4700,1,0.30000000000000004,39188.13510131836,4700,1,0.30000000000000004,39781.50411987305,4700,1,0.30000000000000004,40526.03080749512,4700,1,0.30000000000000004,35602.247467041016,4700,1,0.30000000000000004,34178.896911621094,4700,1,0.30000000000000004,33665.44595336914,4700,1,0.30000000000000004,38289.17849731445,4700,1,0.30000000000000004,23634244.60383606,400,400,400,400,400,400,4691,400,400,400,4690,400,400,4690,400,400,400,400,4690,4690,400,4690,400,400,100,0,0,0,0,0,0,0,0,0,0,0,0,0,0,0,0,0,0,0,0,0,0,0,66480525312,2147479552,32911708160,0
99,1713877631449,101301.91061401367,4700,1,0.30000000000000004,35557.61039733887,4700,1,0.30000000000000004,92016.48704528809,4700,1,0.30000000000000004,40474.884826660156,4700,1,0.30000000000000004,42113.79183959961,4700,1,0.30000000000000004,39188.13821411133,4700,1,0.30000000000000004,39781.50721740723,4700,1,0.30000000000000004,40526.0339050293,4700,1,0.30000000000000004,35602.26138305664,4700,1,0.30000000000000004,34178.90037536621,4700,1,0.30000000000000004,33665.447525024414,4700,1,0.30000000000000004,38289.18006896973,4700,1,0.30000000000000004,23634248.25982666,400,400,400,400,400,400,4691,400,400,400,4690,400,400,4690,400,400,400,400,4690,4690,400,4690,400,400,100,0,0,0,0,0,0,0,0,0,0,0,0,0,0,0,0,0,0,0,0,0,0,0,66480525312,2147479552,33119178752,0
99,1713877631549,101302.39024353027,4700,1,0.30000000000000004,35557.61196899414,4700,1,0.30000000000000004,92016.48942565918,4700,1,0.30000000000000004,40474.88803100586,4700,1,0.30000000000000004,42113.79493713379,4700,1,0.30000000000000004,39188.14131164551,4700,1,0.30000000000000004,39781.51028442383,4700,1,0.30000000000000004,40526.0369720459,4700,1,0.30000000000000004,35602.26969909668,4700,1,0.30000000000000004,34178.902114868164,4700,1,0.30000000000000004,33665.449127197266,4700,1,0.30000000000000004,38289.183181762695,4700,1,0.30000000000000004,23634251.835250854,400,400,400,400,400,400,4691,400,400,400,4690,400,400,4690,400,400,400,400,4690,4690,400,4690,400,400,100,0,0,0,0,0,0,0,0,0,0,0,0,0,0,0,0,0,0,0,0,0,0,0,66480525312,2147479552,33326649344,0
99,1713877631649,101302.90893554688,4700,1,0.30000000000000004,35557.61357116699,4700,1,0.30000000000000004,92016.49131774902,4700,1,0.30000000000000004,40474.89129638672,4700,1,0.30000000000000004,42113.79803466797,4700,1,0.30000000000000004,39188.148513793945,4700,1,0.30000000000000004,39781.51348876953,4700,1,0.30000000000000004,40526.04014587402,4700,1,0.30000000000000004,35602.28276062012,4700,1,0.30000000000000004,34178.90380859375,4700,1,0.30000000000000004,33665.45266723633,4700,1,0.30000000000000004,38289.184967041016,4700,1,0.30000000000000004,23634255.504348755,400,400,400,400,400,400,4691,400,400,400,4690,400,400,4690,400,400,400,400,4690,4690,400,4690,400,400,100,0,0,0,0,0,0,0,0,0,0,0,0,0,0,0,0,0,0,0,0,0,0,0,66480525312,2147479552,32540286976,0
99,1713877631749,101303.50630187988,4700,1,0.30000000000000004,35557.616287231445,4700,1,0.30000000000000004,92016.49349975586,4700,1,0.30000000000000004,40474.89448547363,4700,1,0.30000000000000004,42113.80113220215,4700,1,0.30000000000000004,39188.151611328125,4700,1,0.30000000000000004,39781.51663208008,4700,1,0.30000000000000004,40526.0432434082,4700,1,0.30000000000000004,35602.29508972168,4700,1,0.30000000000000004,34178.9054107666,4700,1,0.30000000000000004,33665.45425415039,4700,1,0.30000000000000004,38289.18655395508,4700,1,0.30000000000000004,23634259.39213562,400,400,400,400,400,400,4691,400,400,400,4690,400,400,4690,400,400,400,400,4690,4690,400,4690,400,400,100,0,0,0,0,0,0,0,0,0,0,0,0,0,0,0,0,0,0,0,0,0,0,0,66480525312,2147479552,30193291264,0
99,1713877631849,101304.10336303711,4700,1,0.30000000000000004,35557.61785888672,4700,1,0.30000000000000004,92016.49528503418,4700,1,0.30000000000000004,40474.89775085449,4700,1,0.30000000000000004,42113.804275512695,4700,1,0.30000000000000004,39188.157150268555,4700,1,0.30000000000000004,39781.51982116699,4700,1,0.30000000000000004,40526.04634094238,4700,1,0.30000000000000004,35602.30647277832,4700,1,0.30000000000000004,34178.90702819824,4700,1,0.30000000000000004,33665.455825805664,4700,1,0.30000000000000004,38289.18812561035,4700,1,0.30000000000000004,23634263.275299072,400,400,400,400,400,400,4691,400,400,400,4690,400,400,4690,400,400,400,400,4690,4690,400,4690,400,400,100,0,0,0,0,0,0,0,0,0,0,0,0,0,0,0,0,0,0,0,0,0,0,0,66480525312,2147479552,27819503616,0
99,1713877631949,101304.70018005371,4700,1,0.30000000000000004,35557.61949157715,4700,1,0.30000000000000004,92016.49717712402,4700,1,0.30000000000000004,40474.900939941406,4700,1,0.30000000000000004,42113.80744934082,4700,1,0.30000000000000004,39188.16423034668,4700,1,0.30000000000000004,39781.5291595459,4700,1,0.30000000000000004,40526.04951477051,4700,1,0.30000000000000004,35602.32164001465,4700,1,0.30000000000000004,34178.908599853516,4700,1,0.30000000000000004,33665.45739746094,4700,1,0.30000000000000004,38289.189697265625,4700,1,0.30000000000000004,23634267.156326294,400,400,400,400,400,400,4691,400,400,400,4690,400,400,4690,400,400,400,400,4690,4690,400,4690,400,400,100,0,0,0,0,0,0,0,0,0,0,0,0,0,0,0,0,0,0,0,0,0,0,0,66480525312,2147479552,25456885760,0
99,1713877632049,101305.29693603516,4700,1,0.30000000000000004,35557.62106323242,4700,1,0.30000000000000004,92016.49954223633,4700,1,0.30000000000000004,40474.90414428711,4700,1,0.30000000000000004,42113.810623168945,4700,1,0.30000000000000004,39188.167404174805,4700,1,0.30000000000000004,39781.53225708008,4700,1,0.30000000000000004,40526.05270385742,4700,1,0.30000000000000004,35602.33638000488,4700,1,0.30000000000000004,34178.91049194336,4700,1,0.30000000000000004,33665.45896911621,4700,1,0.30000000000000004,38289.19139099121,4700,1,0.30000000000000004,23634271.022720337,400,400,400,400,400,400,4691,400,400,400,4690,400,400,4690,400,400,400,400,4690,4690,400,4690,400,400,100,0,0,0,0,0,0,0,0,0,0,0,0,0,0,0,0,0,0,0,0,0,0,0,66480525312,2147479552,23083098112,0
99,1713877632149,101305.88819885254,4700,1,0.30000000000000004,35557.622634887695,4700,1,0.30000000000000004,92016.50135803223,4700,1,0.30000000000000004,40474.90733337402,4700,1,0.30000000000000004,42113.81369018555,4700,1,0.30000000000000004,39188.170471191406,4700,1,0.30000000000000004,39781.53535461426,4700,1,0.30000000000000004,40526.0558013916,4700,1,0.30000000000000004,35602.35055541992,4700,1,0.30000000000000004,34178.91206359863,4700,1,0.30000000000000004,33665.46061706543,4700,1,0.30000000000000004,38289.192962646484,4700,1,0.30000000000000004,23634274.892211914,400,400,400,400,400,400,4691,400,400,400,4690,400,400,4690,400,400,400,400,4690,4690,400,4690,400,400,100,0,0,0,0,0,0,0,0,0,0,0,0,0,0,0,0,0,0,0,0,0,0,0,66480525312,2147479552,20703105024,0
99,1713877632249,101306.41236877441,4700,1,0.30000000000000004,35557.62420654297,4700,1,0.30000000000000004,92016.5036315918,4700,1,0.30000000000000004,40474.91052246094,4700,1,0.30000000000000004,42113.81684875488,4700,1,0.30000000000000004,39188.173568725586,4700,1,0.30000000000000004,39781.53842163086,4700,1,0.30000000000000004,40526.0588684082,4700,1,0.30000000000000004,35602.36463928223,4700,1,0.30000000000000004,34178.91384887695,4700,1,0.30000000000000004,33665.4621887207,4700,1,0.30000000000000004,38289.19453430176,4700,1,0.30000000000000004,23634278.673461914,400,400,400,400,400,400,4691,400,400,400,4690,400,400,4690,400,400,400,400,4690,4690,400,4690,400,400,100,0,0,0,0,0,0,0,0,0,0,0,0,0,0,0,0,0,0,0,0,0,0,0,66480525312,2147479552,20645384192,0
99,1713877632349,101306.88610839844,4700,1,0.30000000000000004,35557.62576293945,4700,1,0.30000000000000004,92016.50578308105,4700,1,0.30000000000000004,40474.913833618164,4700,1,0.30000000000000004,42113.82048034668,4700,1,0.30000000000000004,39188.1767578125,4700,1,0.30000000000000004,39781.541748046875,4700,1,0.30000000000000004,40526.06196594238,4700,1,0.30000000000000004,35602.372497558594,4700,1,0.30000000000000004,34178.91557312012,4700,1,0.30000000000000004,33665.46374511719,4700,1,0.30000000000000004,38289.19609069824,4700,1,0.30000000000000004,23634282.25074768,400,400,400,400,400,400,4691,400,400,400,4690,400,400,4690,400,400,400,400,4690,4690,400,4690,400,400,100,0,0,0,0,0,0,0,0,0,0,0,0,0,0,0,0,0,0,0,0,0,0,0,66480525312,2147479552,20846661632,0
99,1713877632449,101307.36491394043,4700,1,0.30000000000000004,35557.64158630371,4700,1,0.30000000000000004,92016.52268981934,4700,1,0.30000000000000004,40474.93667602539,4700,1,0.30000000000000004,42113.8376159668,4700,1,0.30000000000000004,39188.19271850586,4700,1,0.30000000000000004,39781.561950683594,4700,1,0.30000000000000004,40526.08023071289,4700,1,0.30000000000000004,35602.39848327637,4700,1,0.30000000000000004,34178.9319152832,4700,1,0.30000000000000004,33665.47813415527,4700,1,0.30000000000000004,38289.20851135254,4700,1,0.30000000000000004,23634285.900894165,400,400,400,400,400,400,4691,400,400,400,4690,400,400,4690,400,400,400,400,4690,4690,400,4690,400,400,100,0,0,0,0,0,0,0,0,0,0,0,0,0,0,0,0,0,0,0,0,0,0,0,66480525312,2147479552,21050003456,0
99,1713877632549,101307.841796875,4700,1,0.30000000000000004,35557.64318847656,4700,1,0.30000000000000004,92016.52487182617,4700,1,0.30000000000000004,40474.939865112305,4700,1,0.30000000000000004,42113.84077453613,4700,1,0.30000000000000004,39188.19581604004,4700,1,0.30000000000000004,39781.56504821777,4700,1,0.30000000000000004,40526.08337402344,4700,1,0.30000000000000004,35602.41003417969,4700,1,0.30000000000000004,34178.933654785156,4700,1,0.30000000000000004,33665.47970581055,4700,1,0.30000000000000004,38289.21012878418,4700,1,0.30000000000000004,23634289.49057007,400,400,400,400,400,400,4691,400,400,400,4690,400,400,4690,400,400,400,400,4690,4690,400,4690,400,400,100,0,0,0,0,0,0,0,0,0,0,0,0,0,0,0,0,0,0,0,0,0,0,0,66480525312,2147479552,21254377472,0
99,1713877632649,101308.3197631836,4700,1,0.30000000000000004,35557.64505004883,4700,1,0.30000000000000004,92016.52711486816,4700,1,0.30000000000000004,40474.943115234375,4700,1,0.30000000000000004,42113.84387207031,4700,1,0.30000000000000004,39188.20655822754,4700,1,0.30000000000000004,39781.56814575195,4700,1,0.30000000000000004,40526.08653259277,4700,1,0.30000000000000004,35602.42372131348,4700,1,0.30000000000000004,34178.93536376953,4700,1,0.30000000000000004,33665.48327636719,4700,1,0.30000000000000004,38289.211837768555,4700,1,0.30000000000000004,23634293.026184082,400,400,400,400,400,400,4691,400,400,400,4690,400,400,4690,400,400,400,400,4690,4690,400,4690,400,400,100,0,0,0,0,0,0,0,0,0,0,0,0,0,0,0,0,0,0,0,0,0,0,0,66480525312,2147479552,21459783680,0
99,1713877632749,101308.79809570313,4700,1,0.30000000000000004,35557.64694213867,4700,1,0.30000000000000004,92016.52946472168,4700,1,0.30000000000000004,40474.94679260254,4700,1,0.30000000000000004,42113.84701538086,4700,1,0.30000000000000004,39188.20965576172,4700,1,0.30000000000000004,39781.57345581055,4700,1,0.30000000000000004,40526.089904785156,4700,1,0.30000000000000004,35602.43878173828,4700,1,0.30000000000000004,34178.936935424805,4700,1,0.30000000000000004,33665.48484802246,4700,1,0.30000000000000004,38289.21350097656,4700,1,0.30000000000000004,23634296.577316284,400,400,400,400,400,400,4691,400,400,400,4690,400,400,4690,400,400,400,400,4690,4690,400,4690,400,400,100,0,0,0,0,0,0,0,0,0,0,0,0,0,0,0,0,0,0,0,0,0,0,0,66480525312,2147479552,21664931840,0
99,1713877632849,101309.27188110352,4700,1,0.30000000000000004,35557.648666381836,4700,1,0.30000000000000004,92016.53164672852,4700,1,0.30000000000000004,40474.95007324219,4700,1,0.30000000000000004,42113.850158691406,4700,1,0.30000000000000004,39188.215087890625,4700,1,0.30000000000000004,39781.576736450195,4700,1,0.30000000000000004,40526.0930480957,4700,1,0.30000000000000004,35602.45323181152,4700,1,0.30000000000000004,34178.938568115234,4700,1,0.30000000000000004,33665.486419677734,4700,1,0.30000000000000004,38289.21514892578,4700,1,0.30000000000000004,23634300.121887207,400,400,400,400,400,400,4691,400,400,400,4690,400,400,4690,400,400,400,400,4690,4690,400,4690,400,400,100,0,0,0,0,0,0,0,0,0,0,0,0,0,0,0,0,0,0,0,0,0,0,0,66480525312,2147479552,21870854144,0
99,1713877632950,101309.75105285645,4700,1,0.30000000000000004,35557.650329589844,4700,1,0.30000000000000004,92016.53387451172,4700,1,0.30000000000000004,40474.953384399414,4700,1,0.30000000000000004,42113.854263305664,4700,1,0.30000000000000004,39188.21907043457,4700,1,0.30000000000000004,39781.581771850586,4700,1,0.30000000000000004,40526.09623718262,4700,1,0.30000000000000004,35602.4665222168,4700,1,0.30000000000000004,34178.94013977051,4700,1,0.30000000000000004,33665.48799133301,4700,1,0.30000000000000004,38289.21887207031,4700,1,0.30000000000000004,23634303.629989624,400,400,400,400,400,400,4691,400,400,400,4690,400,400,4690,400,400,400,400,4690,4690,400,4690,400,400,100,0,0,0,0,0,0,0,0,0,0,0,0,0,0,0,0,0,0,0,0,0,0,0,66480525312,2147479552,22076260352,0
99,1713877633050,101310.23112487793,4700,1,0.30000000000000004,35557.65190124512,4700,1,0.30000000000000004,92016.53649902344,4700,1,0.30000000000000004,40474.95674133301,4700,1,0.30000000000000004,42113.85743713379,4700,1,0.30000000000000004,39188.22233581543,4700,1,0.30000000000000004,39781.584869384766,4700,1,0.30000000000000004,40526.0994720459,4700,1,0.30000000000000004,35602.47441101074,4700,1,0.30000000000000004,34178.94169616699,4700,1,0.30000000000000004,33665.48954772949,4700,1,0.30000000000000004,38289.220474243164,4700,1,0.30000000000000004,23634307.145126343,400,400,400,400,400,400,4691,400,400,400,4690,400,400,4690,400,400,400,400,4690,4690,400,4690,400,400,100,0,0,0,0,0,0,0,0,0,0,0,0,0,0,0,0,0,0,0,0,0,0,0,66480525312,2147479552,22282698752,0
99,1713877633150,101310.71058654785,4700,1,0.30000000000000004,35557.6534576416,4700,1,0.30000000000000004,92016.53843688965,4700,1,0.30000000000000004,40474.960021972656,4700,1,0.30000000000000004,42113.86053466797,4700,1,0.30000000000000004,39188.22547912598,4700,1,0.30000000000000004,39781.587966918945,4700,1,0.30000000000000004,40526.10258483887,4700,1,0.30000000000000004,35602.48832702637,4700,1,0.30000000000000004,34178.943267822266,4700,1,0.30000000000000004,33665.49119567871,4700,1,0.30000000000000004,38289.22212219238,4700,1,0.30000000000000004,23634310.646484375,400,400,400,400,400,400,4691,400,400,400,4690,400,400,4690,400,400,400,400,4690,4690,400,4690,400,400,100,0,0,0,0,0,0,0,0,0,0,0,0,0,0,0,0,0,0,0,0,0,0,0,66480525312,2147479552,22489653248,0
99,1713877633250,101311.19050598145,4700,1,0.30000000000000004,35557.655044555664,4700,1,0.30000000000000004,92016.541015625,4700,1,0.30000000000000004,40474.96322631836,4700,1,0.30000000000000004,42113.863693237305,4700,1,0.30000000000000004,39188.228576660156,4700,1,0.30000000000000004,39781.591064453125,4700,1,0.30000000000000004,40526.108154296875,4700,1,0.30000000000000004,35602.50190734863,4700,1,0.30000000000000004,34178.94494628906,4700,1,0.30000000000000004,33665.492767333984,4700,1,0.30000000000000004,38289.223693847656,4700,1,0.30000000000000004,23634314.19580078,400,400,400,400,400,400,4691,400,400,400,4690,400,400,4690,400,400,400,400,4690,4690,400,4690,400,400,100,0,0,0,0,0,0,0,0,0,0,0,0,0,0,0,0,0,0,0,4.761904716491699,0,0,0,66480525312,2147479552,22696091648,0
99,1713877633350,101311.67013549805,4700,1,0.30000000000000004,35557.65661621094,4700,1,0.30000000000000004,92016.5442199707,4700,1,0.30000000000000004,40474.9665222168,4700,1,0.30000000000000004,42113.869201660156,4700,1,0.30000000000000004,39188.231674194336,4700,1,0.30000000000000004,39781.59428405762,4700,1,0.30000000000000004,40526.111251831055,4700,1,0.30000000000000004,35602.5153503418,4700,1,0.30000000000000004,34178.946517944336,4700,1,0.30000000000000004,33665.49433898926,4700,1,0.30000000000000004,38289.226013183594,4700,1,0.30000000000000004,23634317.754333496,400,400,400,400,400,400,4691,400,400,400,4690,400,400,4690,400,400,400,400,4690,4690,400,4690,400,400,100,0,0,0,0,0,0,0,0,0,0,0,0,0,0,0,0,0,0,0,4.761904716491699,0,0,0,66480525312,2147479552,22903046144,0
99,1713877633450,101312.1508178711,4700,1,0.30000000000000004,35557.65818786621,4700,1,0.30000000000000004,92016.54635620117,4700,1,0.30000000000000004,40474.9697265625,4700,1,0.30000000000000004,42113.87240600586,4700,1,0.30000000000000004,39188.23487854004,4700,1,0.30000000000000004,39781.5975189209,4700,1,0.30000000000000004,40526.114349365234,4700,1,0.30000000000000004,35602.53163146973,4700,1,0.30000000000000004,34178.94990539551,4700,1,0.30000000000000004,33665.49591064453,4700,1,0.30000000000000004,38289.22782897949,4700,1,0.30000000000000004,23634321.27015686,400,400,400,400,400,400,4691,400,400,400,4690,400,400,4690,400,400,400,400,4690,4690,400,4690,400,400,100,0,0,0,0,0,0,0,0,0,0,0,0,0,0,0,0,0,0,0,0,0,0,0,66480525312,2147479552,23110000640,0
99,1713877633550,101312.62673950195,4700,1,0.30000000000000004,35557.659759521484,4700,1,0.30000000000000004,92016.54890441895,4700,1,0.30000000000000004,40474.97296142578,4700,1,0.30000000000000004,42113.87550354004,4700,1,0.30000000000000004,39188.23797607422,4700,1,0.30000000000000004,39781.60061645508,4700,1,0.30000000000000004,40526.117446899414,4700,1,0.30000000000000004,35602.54747009277,4700,1,0.30000000000000004,34178.95166015625,4700,1,0.30000000000000004,33665.497482299805,4700,1,0.30000000000000004,38289.23083496094,4700,1,0.30000000000000004,23634324.77191162,400,400,400,400,400,400,4691,400,400,400,4690,400,400,4690,400,400,400,400,4690,4690,400,4690,400,400,100,0,0,0,0,0,0,0,0,0,0,0,0,0,0,0,0,0,0,0,0,0,0,0,66480525312,2147479552,23317471232,0
99,1713877633650,101313.10690307617,4700,1,0.30000000000000004,35557.661376953125,4700,1,0.30000000000000004,92016.55108642578,4700,1,0.30000000000000004,40474.97611999512,4700,1,0.30000000000000004,42113.89538574219,4700,1,0.30000000000000004,39188.24122619629,4700,1,0.30000000000000004,39781.603775024414,4700,1,0.30000000000000004,40526.120544433594,4700,1,0.30000000000000004,35602.56300354004,4700,1,0.30000000000000004,34178.95327758789,4700,1,0.30000000000000004,33665.49905395508,4700,1,0.30000000000000004,38289.232498168945,4700,1,0.30000000000000004,23634328.36819458,400,400,400,400,400,400,4691,400,400,400,4690,400,400,4690,400,400,400,400,4690,4690,400,4690,400,400,100,0,0,0,0,0,0,0,0,0,0,0,0,0,0,0,0,0,0,0,0,0,0,0,66480525312,2147479552,23524425728,0
99,1713877633750,101313.58697509766,4700,1,0.30000000000000004,35557.66358947754,4700,1,0.30000000000000004,92016.55378723145,4700,1,0.30000000000000004,40474.98030090332,4700,1,0.30000000000000004,42113.898666381836,4700,1,0.30000000000000004,39188.24433898926,4700,1,0.30000000000000004,39781.60688781738,4700,1,0.30000000000000004,40526.12365722656,4700,1,0.30000000000000004,35602.57452392578,4700,1,0.30000000000000004,34178.954833984375,4700,1,0.30000000000000004,33665.5007019043,4700,1,0.30000000000000004,38289.23406982422,4700,1,0.30000000000000004,23634331.94920349,400,400,400,400,400,400,4691,400,400,400,4690,400,400,4690,400,400,400,400,4690,4690,400,4690,400,400,100,0,0,0,0,0,0,0,0,0,0,0,0,0,0,0,0,0,0,0,0,0,0,0,66480525312,2147479552,23731122176,0
99,1713877633850,101314.06703186035,4700,1,0.30000000000000004,35557.66514587402,4700,1,0.30000000000000004,92016.55583190918,4700,1,0.30000000000000004,40474.98359680176,4700,1,0.30000000000000004,42113.90180969238,4700,1,0.30000000000000004,39188.24743652344,4700,1,0.30000000000000004,39781.610107421875,4700,1,0.30000000000000004,40526.12677001953,4700,1,0.30000000000000004,35602.58889770508,4700,1,0.30000000000000004,34178.95640563965,4700,1,0.30000000000000004,33665.50227355957,4700,1,0.30000000000000004,38289.2356262207,4700,1,0.30000000000000004,23634335.531188965,400,400,400,400,400,400,4691,400,400,400,4690,400,400,4690,400,400,400,400,4690,4690,400,4690,400,400,100,0,0,0,0,0,0,0,0,0,0,0,0,0,0,0,0,0,0,0,0,0,0,0,66480525312,2147479552,23938592768,0
99,1713877633950,101314.54794311523,4700,1,0.30000000000000004,35557.66688537598,4700,1,0.30000000000000004,92016.55781555176,4700,1,0.30000000000000004,40474.98692321777,4700,1,0.30000000000000004,42113.90580749512,4700,1,0.30000000000000004,39188.255310058594,4700,1,0.30000000000000004,39781.62016296387,4700,1,0.30000000000000004,40526.129943847656,4700,1,0.30000000000000004,35602.602615356445,4700,1,0.30000000000000004,34178.95803833008,4700,1,0.30000000000000004,33665.503845214844,4700,1,0.30000000000000004,38289.23719787598,4700,1,0.30000000000000004,23634339.04701233,400,400,400,400,400,400,4691,400,400,400,4690,400,400,4690,400,400,400,400,4690,4690,400,4690,400,400,100,0,0,0,0,0,0,0,0,0,0,0,0,0,0,0,0,0,0,0,0,0,0,0,66480525312,2147479552,24146063360,0
99,1713877634050,101315.02807617188,4700,1,0.30000000000000004,35557.66955566406,4700,1,0.30000000000000004,92016.56047058105,4700,1,0.30000000000000004,40474.99021911621,4700,1,0.30000000000000004,42113.90905761719,4700,1,0.30000000000000004,39188.258560180664,4700,1,0.30000000000000004,39781.624740600586,4700,1,0.30000000000000004,40526.13327026367,4700,1,0.30000000000000004,35602.61599731445,4700,1,0.30000000000000004,34178.95976257324,4700,1,0.30000000000000004,33665.50651550293,4700,1,0.30000000000000004,38289.23989868164,4700,1,0.30000000000000004,23634342.634399414,400,400,400,400,400,400,4691,400,400,400,4690,400,400,4690,400,400,400,400,4690,4690,400,4690,400,400,100,0,0,0,0,0,0,0,0,0,0,0,0,0,0,0,0,0,0,0,4.761904716491699,0,0,0,66480525312,2147479552,24353017856,0
99,1713877634150,101315.50807189941,4700,1,0.30000000000000004,35557.671127319336,4700,1,0.30000000000000004,92016.56242370605,4700,1,0.30000000000000004,40474.99351501465,4700,1,0.30000000000000004,42113.91215515137,4700,1,0.30000000000000004,39188.261657714844,4700,1,0.30000000000000004,39781.627838134766,4700,1,0.30000000000000004,40526.13636779785,4700,1,0.30000000000000004,35602.632720947266,4700,1,0.30000000000000004,34178.961334228516,4700,1,0.30000000000000004,33665.5080871582,4700,1,0.30000000000000004,38289.24165344238,4700,1,0.30000000000000004,23634346.208389282,400,400,400,400,400,400,4691,400,400,400,4690,400,400,4690,400,400,400,400,4690,4690,400,4690,400,400,100,0,0,0,0,0,0,0,0,0,0,0,0,0,0,0,0,0,0,0,4.761904716491699,0,0,0,66480525312,2147479552,24560488448,0
99,1713877634250,101315.98742675781,4700,1,0.30000000000000004,35557.67269897461,4700,1,0.30000000000000004,92016.56497192383,4700,1,0.30000000000000004,40474.996810913086,4700,1,0.30000000000000004,42113.9153137207,4700,1,0.30000000000000004,39188.26475524902,4700,1,0.30000000000000004,39781.630935668945,4700,1,0.30000000000000004,40526.13952636719,4700,1,0.30000000000000004,35602.64906311035,4700,1,0.30000000000000004,34178.962982177734,4700,1,0.30000000000000004,33665.51167297363,4700,1,0.30000000000000004,38289.243225097656,4700,1,0.30000000000000004,23634349.81828308,400,400,400,400,400,400,4691,400,400,400,4690,400,400,4690,400,400,400,400,4690,4690,400,4690,400,400,100,0,0,0,0,0,0,0,0,0,0,0,0,0,0,0,0,0,0,0,5,0,0,0,66480525312,2147479552,24767959040,0
99,1713877634350,101316.4631652832,4700,1,0.30000000000000004,35557.67427062988,4700,1,0.30000000000000004,92016.56716918945,4700,1,0.30000000000000004,40475.000091552734,4700,1,0.30000000000000004,42113.92012023926,4700,1,0.30000000000000004,39188.26791381836,4700,1,0.30000000000000004,39781.634536743164,4700,1,0.30000000000000004,40526.14262390137,4700,1,0.30000000000000004,35602.664779663086,4700,1,0.30000000000000004,34178.964599609375,4700,1,0.30000000000000004,33665.513244628906,4700,1,0.30000000000000004,38289.24479675293,4700,1,0.30000000000000004,23634353.394088745,400,400,400,400,400,400,4691,400,400,400,4690,400,400,4690,400,400,400,400,4690,4690,400,4690,400,400,100,0,0,0,0,0,0,0,0,0,0,0,0,0,0,0,0,0,0,0,5,0,0,0,66480525312,2147479552,24975429632,0
99,1713877634450,101316.94273376465,4700,1,0.30000000000000004,35557.675842285156,4700,1,0.30000000000000004,92016.56929016113,4700,1,0.30000000000000004,40475.00328063965,4700,1,0.30000000000000004,42113.92321777344,4700,1,0.30000000000000004,39188.27102661133,4700,1,0.30000000000000004,39781.63768005371,4700,1,0.30000000000000004,40526.14572143555,4700,1,0.30000000000000004,35602.67987060547,4700,1,0.30000000000000004,34178.96617126465,4700,1,0.30000000000000004,33665.51481628418,4700,1,0.30000000000000004,38289.2463684082,4700,1,0.30000000000000004,23634356.991241455,400,400,400,400,400,400,4691,400,400,400,4690,400,400,4690,400,400,400,400,4690,4690,400,4690,400,400,100,0,0,0,0,0,0,0,0,0,0,0,0,0,0,0,0,0,0,0,9.090909004211426,0,0,0,66480525312,2147479552,25182384128,0
99,1713877634550,101317.4234008789,4700,1,0.30000000000000004,35557.67739868164,4700,1,0.30000000000000004,92016.5717163086,4700,1,0.30000000000000004,40475.00646972656,4700,1,0.30000000000000004,42113.92642211914,4700,1,0.30000000000000004,39188.27412414551,4700,1,0.30000000000000004,39781.64077758789,4700,1,0.30000000000000004,40526.14881896973,4700,1,0.30000000000000004,35602.68894958496,4700,1,0.30000000000000004,34178.96815490723,4700,1,0.30000000000000004,33665.516372680664,4700,1,0.30000000000000004,38289.249282836914,4700,1,0.30000000000000004,23634360.511566162,400,400,400,400,400,400,4691,400,400,400,4690,400,400,4690,400,400,400,400,4690,4690,400,4690,400,400,100,0,0,0,0,0,0,0,0,0,0,0,0,0,0,0,0,0,0,0,9.090909004211426,0,0,0,66480525312,2147479552,25389854720,0
99,1713877634651,101317.90315246582,4700,1,0.30000000000000004,35557.67904663086,4700,1,0.30000000000000004,92016.57374572754,4700,1,0.30000000000000004,40475.009704589844,4700,1,0.30000000000000004,42113.92951965332,4700,1,0.30000000000000004,39188.27738952637,4700,1,0.30000000000000004,39781.64387512207,4700,1,0.30000000000000004,40526.151916503906,4700,1,0.30000000000000004,35602.70259094238,4700,1,0.30000000000000004,34178.96983337402,4700,1,0.30000000000000004,33665.517974853516,4700,1,0.30000000000000004,38289.250900268555,4700,1,0.30000000000000004,23634364.039398193,400,400,400,400,400,400,4691,400,400,400,4690,400,400,4690,400,400,400,400,4690,4690,400,4690,400,400,100,0,0,0,0,0,0,0,0,0,0,0,0,0,0,0,0,0,0,0,4.761904716491699,0,0,0,66480525312,2147479552,25597325312,0
99,1713877634751,101318.38333129883,4700,1,0.30000000000000004,35557.68069458008,4700,1,0.30000000000000004,92016.57643127441,4700,1,0.30000000000000004,40475.014419555664,4700,1,0.30000000000000004,42113.935287475586,4700,1,0.30000000000000004,39188.2805480957,4700,1,0.30000000000000004,39781.647048950195,4700,1,0.30000000000000004,40526.15725708008,4700,1,0.30000000000000004,35602.715881347656,4700,1,0.30000000000000004,34178.9714050293,4700,1,0.30000000000000004,33665.5196685791,4700,1,0.30000000000000004,38289.25247192383,4700,1,0.30000000000000004,23634367.637252808,400,400,400,400,400,400,4691,400,400,400,4690,400,400,4690,400,400,400,400,4690,4690,400,4690,400,400,100,0,0,0,0,0,0,0,0,0,0,0,0,0,0,0,0,0,0,0,4.761904716491699,0,0,0,66480525312,2147479552,25804279808,0
99,1713877634851,101318.86299133301,4700,1,0.30000000000000004,35557.68226623535,4700,1,0.30000000000000004,92016.57856750488,4700,1,0.30000000000000004,40475.01773071289,4700,1,0.30000000000000004,42113.93862915039,4700,1,0.30000000000000004,39188.28364562988,4700,1,0.30000000000000004,39781.65026855469,4700,1,0.30000000000000004,40526.16035461426,4700,1,0.30000000000000004,35602.7283782959,4700,1,0.30000000000000004,34178.97297668457,4700,1,0.30000000000000004,33665.521240234375,4700,1,0.30000000000000004,38289.25607299805,4700,1,0.30000000000000004,23634371.28276062,400,400,400,400,400,400,4691,400,400,400,4690,400,400,4690,400,400,400,400,4690,4690,400,4690,400,400,100,0,0,0,0,0,0,0,0,0,0,0,0,0,0,0,0,0,0,0,0,0,0,0,66480525312,2147479552,26011750400,0
99,1713877634951,101319.34329223633,4700,1,0.30000000000000004,35557.68389892578,4700,1,0.30000000000000004,92016.58059692383,4700,1,0.30000000000000004,40475.021072387695,4700,1,0.30000000000000004,42113.942611694336,4700,1,0.30000000000000004,39188.29023742676,4700,1,0.30000000000000004,39781.65629577637,4700,1,0.30000000000000004,40526.16358947754,4700,1,0.30000000000000004,35602.7442779541,4700,1,0.30000000000000004,34178.974609375,4700,1,0.30000000000000004,33665.52281188965,4700,1,0.30000000000000004,38289.257736206055,4700,1,0.30000000000000004,23634374.839752197,400,400,400,400,400,400,4691,400,400,400,4690,400,400,4690,400,400,400,400,4690,4690,400,4690,400,400,100,0,0,0,0,0,0,0,0,0,0,0,0,0,0,0,0,0,0,0,0,0,0,0,66480525312,2147479552,26219220992,0
99,1713877635051,101319.81831359863,4700,1,0.30000000000000004,35557.685470581055,4700,1,0.30000000000000004,92016.58308410645,4700,1,0.30000000000000004,40475.02445983887,4700,1,0.30000000000000004,42113.94577026367,4700,1,0.30000000000000004,39188.293395996094,4700,1,0.30000000000000004,39781.65939331055,4700,1,0.30000000000000004,40526.16670227051,4700,1,0.30000000000000004,35602.76013183594,4700,1,0.30000000000000004,34178.97618103027,4700,1,0.30000000000000004,33665.52438354492,4700,1,0.30000000000000004,38289.259338378906,4700,1,0.30000000000000004,23634378.428329468,400,400,400,400,400,400,4691,400,400,400,4690,400,400,4690,400,400,400,400,4690,4690,400,4690,400,400,100,0,0,0,0,0,0,0,0,0,0,0,0,0,0,0,0,0,0,0,4.761904716491699,0,0,0,66480525312,2147479552,26426691584,0
99,1713877635151,101320.29829406738,4700,1,0.30000000000000004,35557.68704223633,4700,1,0.30000000000000004,92016.58493041992,4700,1,0.30000000000000004,40475.02767944336,4700,1,0.30000000000000004,42113.94883728027,4700,1,0.30000000000000004,39188.296463012695,4700,1,0.30000000000000004,39781.66246032715,4700,1,0.30000000000000004,40526.16976928711,4700,1,0.30000000000000004,35602.77488708496,4700,1,0.30000000000000004,34178.97775268555,4700,1,0.30000000000000004,33665.525955200195,4700,1,0.30000000000000004,38289.260986328125,4700,1,0.30000000000000004,23634382.015441895,400,400,400,400,400,400,4691,400,400,400,4690,400,400,4690,400,400,400,400,4690,4690,400,4690,400,400,100,0,0,0,0,0,0,0,0,0,0,0,0,0,0,0,0,0,0,0,4.761904716491699,0,0,0,66480525312,2147479552,26634162176,0
99,1713877635251,101320.77819824219,4700,1,0.30000000000000004,35557.6886138916,4700,1,0.30000000000000004,92016.58749389648,4700,1,0.30000000000000004,40475.03086853027,4700,1,0.30000000000000004,42113.9520111084,4700,1,0.30000000000000004,39188.299560546875,4700,1,0.30000000000000004,39781.66555786133,4700,1,0.30000000000000004,40526.17286682129,4700,1,0.30000000000000004,35602.7840423584,4700,1,0.30000000000000004,34178.979415893555,4700,1,0.30000000000000004,33665.527587890625,4700,1,0.30000000000000004,38289.2625579834,4700,1,0.30000000000000004,23634385.62548828,400,400,400,400,400,400,4691,400,400,400,4690,400,400,4690,400,400,400,400,4690,4690,400,4690,400,400,100,0,0,0,0,0,0,0,0,0,0,0,0,0,0,0,0,0,0,0,4.761904716491699,0,0,0,66480525312,2147479552,26841632768,0
99,1713877635351,101321.25816345215,4700,1,0.30000000000000004,35557.690170288086,4700,1,0.30000000000000004,92016.58930969238,4700,1,0.30000000000000004,40475.03419494629,4700,1,0.30000000000000004,42113.956314086914,4700,1,0.30000000000000004,39188.302734375,4700,1,0.30000000000000004,39781.668869018555,4700,1,0.30000000000000004,40526.17607116699,4700,1,0.30000000000000004,35602.79740905762,4700,1,0.30000000000000004,34178.98098754883,4700,1,0.30000000000000004,33665.5291595459,4700,1,0.30000000000000004,38289.26411437988,4700,1,0.30000000000000004,23634389.160751343,400,400,400,400,400,400,4691,400,400,400,4690,400,400,4690,400,400,400,400,4690,4690,400,4690,400,400,100,0,0,0,0,0,0,0,0,0,0,0,0,0,0,0,0,0,0,0,4.761904716491699,0,0,0,66480525312,2147479552,27048587264,0
99,1713877635451,101321.73806762695,4700,1,0.30000000000000004,35557.69175720215,4700,1,0.30000000000000004,92016.59132385254,4700,1,0.30000000000000004,40475.0373840332,4700,1,0.30000000000000004,42113.959411621094,4700,1,0.30000000000000004,39188.30587768555,4700,1,0.30000000000000004,39781.671966552734,4700,1,0.30000000000000004,40526.17916870117,4700,1,0.30000000000000004,35602.810302734375,4700,1,0.30000000000000004,34178.98440551758,4700,1,0.30000000000000004,33665.53073120117,4700,1,0.30000000000000004,38289.265686035156,4700,1,0.30000000000000004,23634392.71661377,400,400,400,400,400,400,4691,400,400,400,4690,400,400,4690,400,400,400,400,4690,4690,400,4690,400,400,100,0,0,0,0,0,0,0,0,0,0,0,0,0,0,0,0,0,0,0,5,0,0,0,66480525312,2147479552,27256057856,0
99,1713877635551,101322.21765136719,4700,1,0.30000000000000004,35557.69332885742,4700,1,0.30000000000000004,92016.59370422363,4700,1,0.30000000000000004,40475.04072570801,4700,1,0.30000000000000004,42113.96250915527,4700,1,0.30000000000000004,39188.30897521973,4700,1,0.30000000000000004,39781.675064086914,4700,1,0.30000000000000004,40526.18226623535,4700,1,0.30000000000000004,35602.82279968262,4700,1,0.30000000000000004,34178.98614501953,4700,1,0.30000000000000004,33665.532302856445,4700,1,0.30000000000000004,38289.268630981445,4700,1,0.30000000000000004,23634396.332092285,400,400,400,400,400,400,4691,400,400,400,4690,400,400,4690,400,400,400,400,4690,4690,400,4690,400,400,100,0,0,0,0,0,0,0,0,0,0,0,0,0,0,0,0,0,0,0,5,0,0,0,66480525312,2147479552,27463528448,0
99,1713877635651,101322.69657897949,4700,1,0.30000000000000004,35557.69494628906,4700,1,0.30000000000000004,92016.59579467773,4700,1,0.30000000000000004,40475.0439453125,4700,1,0.30000000000000004,42113.96560668945,4700,1,0.30000000000000004,39188.31953430176,4700,1,0.30000000000000004,39781.678161621094,4700,1,0.30000000000000004,40526.18536376953,4700,1,0.30000000000000004,35602.83883666992,4700,1,0.30000000000000004,34178.98777770996,4700,1,0.30000000000000004,33665.53387451172,4700,1,0.30000000000000004,38289.27038574219,4700,1,0.30000000000000004,23634399.99569702,400,400,400,400,400,400,4691,400,400,400,4690,400,400,4690,400,400,400,400,4690,4690,400,4690,400,400,100,0,0,0,0,0,0,0,0,0,0,0,0,0,0,0,0,0,0,0,4.761904716491699,0,0,0,66480525312,2147479552,27670999040,0
99,1713877635751,101323.17155456543,4700,1,0.30000000000000004,35557.69758605957,4700,1,0.30000000000000004,92016.59831237793,4700,1,0.30000000000000004,40475.04719543457,4700,1,0.30000000000000004,42113.971099853516,4700,1,0.30000000000000004,39188.32958984375,4700,1,0.30000000000000004,39781.68130493164,4700,1,0.30000000000000004,40526.18846130371,4700,1,0.30000000000000004,35602.85418701172,4700,1,0.30000000000000004,34178.989349365234,4700,1,0.30000000000000004,33665.53552246094,4700,1,0.30000000000000004,38289.272048950195,4700,1,0.30000000000000004,23634403.56185913,400,400,400,400,400,400,4691,400,400,400,4690,400,400,4690,400,400,400,400,4690,4690,400,4690,400,400,100,0,0,0,0,0,0,0,0,0,0,0,0,0,0,0,0,0,0,0,4.761904716491699,0,0,0,66480525312,2147479552,27878211584,0
99,1713877635851,101323.65130615234,4700,1,0.30000000000000004,35557.699157714844,4700,1,0.30000000000000004,92016.60028076172,4700,1,0.30000000000000004,40475.050537109375,4700,1,0.30000000000000004,42113.974212646484,4700,1,0.30000000000000004,39188.33265686035,4700,1,0.30000000000000004,39781.68452453613,4700,1,0.30000000000000004,40526.19155883789,4700,1,0.30000000000000004,35602.86868286133,4700,1,0.30000000000000004,34178.99092102051,4700,1,0.30000000000000004,33665.53709411621,4700,1,0.30000000000000004,38289.27362060547,4700,1,0.30000000000000004,23634407.172912598,400,400,400,400,400,400,4691,400,400,400,4690,400,400,4690,400,400,400,400,4690,4690,400,4690,400,400,100,0,0,0,0,0,0,0,0,0,0,0,0,0,0,0,0,0,0,0,0,0,0,0,66480525312,2147479552,28085682176,0
99,1713877635951,101324.13122558594,4700,1,0.30000000000000004,35557.700775146484,4700,1,0.30000000000000004,92016.6022644043,4700,1,0.30000000000000004,40475.053939819336,4700,1,0.30000000000000004,42113.978088378906,4700,1,0.30000000000000004,39188.33837890625,4700,1,0.30000000000000004,39781.68815612793,4700,1,0.30000000000000004,40526.19467163086,4700,1,0.30000000000000004,35602.877670288086,4700,1,0.30000000000000004,34178.99255371094,4700,1,0.30000000000000004,33665.53868103027,4700,1,0.30000000000000004,38289.27519226074,4700,1,0.30000000000000004,23634410.711288452,400,400,400,400,400,400,4691,400,400,400,4690,400,400,4690,400,400,400,400,4690,4690,400,4690,400,400,100,0,0,0,0,0,0,0,0,0,0,0,0,0,0,0,0,0,0,0,0,0,0,0,66480525312,2147479552,28293152768,0
99,1713877636051,101324.61141967773,4700,1,0.30000000000000004,35557.70233154297,4700,1,0.30000000000000004,92016.60485839844,4700,1,0.30000000000000004,40475.05728149414,4700,1,0.30000000000000004,42113.98126220703,4700,1,0.30000000000000004,39188.34159851074,4700,1,0.30000000000000004,39781.69128417969,4700,1,0.30000000000000004,40526.19778442383,4700,1,0.30000000000000004,35602.89149475098,4700,1,0.30000000000000004,34178.99412536621,4700,1,0.30000000000000004,33665.54025268555,4700,1,0.30000000000000004,38289.276779174805,4700,1,0.30000000000000004,23634414.269683838,400,400,400,400,400,400,4691,400,400,400,4690,400,400,4690,400,400,400,400,4690,4690,400,4690,400,400,100,0,0,0,0,0,0,0,0,0,0,0,0,0,0,4.761904716491699,0,0,0,0,5,0,0,0,66480525312,2147479552,28500623360,0
99,1713877636151,101325.09153747559,4700,1,0.30000000000000004,35557.70391845703,4700,1,0.30000000000000004,92016.60670471191,4700,1,0.30000000000000004,40475.06044006348,4700,1,0.30000000000000004,42113.98440551758,4700,1,0.30000000000000004,39188.34469604492,4700,1,0.30000000000000004,39781.69438171387,4700,1,0.30000000000000004,40526.20088195801,4700,1,0.30000000000000004,35602.9041595459,4700,1,0.30000000000000004,34178.995697021484,4700,1,0.30000000000000004,33665.54182434082,4700,1,0.30000000000000004,38289.2784576416,4700,1,0.30000000000000004,23634417.837097168,400,400,400,400,400,400,4691,400,400,400,4690,400,400,4690,400,400,400,400,4690,4690,400,4690,400,400,100,0,0,0,0,0,0,0,0,0,0,0,0,0,0,4.761904716491699,0,0,0,0,5,0,0,0,66480525312,2147479552,28708093952,0
99,1713877636251,101325.57113647461,4700,1,0.30000000000000004,35557.705490112305,4700,1,0.30000000000000004,92016.60934448242,4700,1,0.30000000000000004,40475.06358337402,4700,1,0.30000000000000004,42113.987564086914,4700,1,0.30000000000000004,39188.350509643555,4700,1,0.30000000000000004,39781.69747924805,4700,1,0.30000000000000004,40526.20397949219,4700,1,0.30000000000000004,35602.92056274414,4700,1,0.30000000000000004,34178.99737548828,4700,1,0.30000000000000004,33665.54347229004,4700,1,0.30000000000000004,38289.280029296875,4700,1,0.30000000000000004,23634421.434631348,400,400,400,400,400,400,4691,400,400,400,4690,400,400,4690,400,400,400,400,4690,4690,400,4690,400,400,100,0,0,0,0,0,0,0,0,0,0,0,0,0,0,0,0,0,0,0,0,0,0,0,66480525312,2147479552,28915564544,0
99,1713877636351,101326.05076599121,4700,1,0.29374999999999996,35557.70706176758,4700,1,0.30000000000000004,92016.61143493652,4700,1,0.30000000000000004,40475.06687927246,4700,1,0.29374999999999996,42113.991302490234,4700,1,0.30000000000000004,39188.35368347168,4700,1,0.30000000000000004,39781.700744628906,4700,1,0.30000000000000004,40526.20707702637,4700,1,0.30000000000000004,35602.936126708984,4700,1,0.30000000000000004,34178.99899291992,4700,1,0.30000000000000004,33665.54504394531,4700,1,0.30000000000000004,38289.282638549805,4700,1,0.30000000000000004,23634425.01878357,400,400,400,400,400,400,4691,400,400,400,4690,400,400,4690,400,400,400,400,4690,4690,400,4690,400,400,100,0,0,0,0,0,0,0,0,0,0,0,0,0,0,0,0,0,0,0,0,0,0,0,66480525312,2147479552,29123035136,0
99,1713877636451,101326.53100585938,4700,1,0.30000000000000004,35557.70863342285,4700,1,0.30000000000000004,92016.61343383789,4700,1,0.30000000000000004,40475.070083618164,4700,1,0.30000000000000004,42113.994400024414,4700,1,0.30000000000000004,39188.35682678223,4700,1,0.30000000000000004,39781.703842163086,4700,1,0.30000000000000004,40526.21017456055,4700,1,0.30000000000000004,35602.95121765137,4700,1,0.30000000000000004,34179.000564575195,4700,1,0.30000000000000004,33665.54667663574,4700,1,0.30000000000000004,38289.28428649902,4700,1,0.30000000000000004,23634428.58251953,400,400,400,400,400,400,4691,400,400,400,4690,400,400,4690,400,400,400,400,4690,4690,400,4690,400,400,100,0,0,0,0,0,0,0,0,0,0,0,0,0,0,0,0,0,0,0,0,0,0,0,66480525312,2147479552,29329989632,0
99,1713877636552,101327.00675964355,4700,1,0.30000000000000004,35557.710205078125,4700,1,0.30000000000000004,92016.61595153809,4700,1,0.30000000000000004,40475.073333740234,4700,1,0.30000000000000004,42113.999908447266,4700,1,0.30000000000000004,39188.35989379883,4700,1,0.30000000000000004,39781.70690917969,4700,1,0.30000000000000004,40526.213287353516,4700,1,0.30000000000000004,35602.9660949707,4700,1,0.30000000000000004,34179.003509521484,4700,1,0.30000000000000004,33665.548248291016,4700,1,0.30000000000000004,38289.28727722168,4700,1,0.30000000000000004,23634432.134002686,400,400,400,400,400,400,4691,400,400,400,4690,400,400,4690,400,400,400,400,4690,4690,400,4690,400,400,100,0,0,0,0,0,0,0,0,0,0,0,0,0,0,0,0,0,0,0,0,0,0,0,66480525312,2147479552,29537976320,0
99,1713877636652,101327.48681640625,4700,1,0.30000000000000004,35557.71188354492,4700,1,0.30000000000000004,92016.61810302734,4700,1,0.30000000000000004,40475.076568603516,4700,1,0.30000000000000004,42114.00303649902,4700,1,0.30000000000000004,39188.36299133301,4700,1,0.30000000000000004,39781.71000671387,4700,1,0.30000000000000004,40526.21635437012,4700,1,0.30000000000000004,35602.97512817383,4700,1,0.30000000000000004,34179.005111694336,4700,1,0.30000000000000004,33665.54981994629,4700,1,0.30000000000000004,38289.2889251709,4700,1,0.30000000000000004,23634435.770736694,400,400,400,400,400,400,4691,400,400,400,4690,400,400,4690,400,400,400,400,4690,4690,400,4690,400,400,100,0,0,0,0,0,0,0,0,0,0,0,0,0,0,0,0,0,0,0,0,0,0,0,66480525312,2147479552,29745446912,0
99,1713877636752,101327.96675109863,4700,1,0.30000000000000004,35557.71348571777,4700,1,0.30000000000000004,92016.62034606934,4700,1,0.30000000000000004,40475.08059692383,4700,1,0.30000000000000004,42114.0061340332,4700,1,0.30000000000000004,39188.36608886719,4700,1,0.30000000000000004,39781.71310424805,4700,1,0.30000000000000004,40526.22067260742,4700,1,0.30000000000000004,35602.988372802734,4700,1,0.30000000000000004,34179.00668334961,4700,1,0.30000000000000004,33665.55145263672,4700,1,0.30000000000000004,38289.29231262207,4700,1,0.30000000000000004,23634439.31187439,400,400,400,400,400,400,4691,400,400,400,4690,400,400,4690,400,400,400,400,4690,4690,400,4690,400,400,100,0,0,0,0,0,0,0,0,0,0,0,0,0,0,0,0,0,0,0,0,0,0,0,66480525312,2147479552,29953175552,0
99,1713877636852,101328.44686889648,4700,1,0.30000000000000004,35557.71505737305,4700,1,0.30000000000000004,92016.6224822998,4700,1,0.30000000000000004,40475.08399963379,4700,1,0.30000000000000004,42114.00927734375,4700,1,0.30000000000000004,39188.36918640137,4700,1,0.30000000000000004,39781.71641540527,4700,1,0.30000000000000004,40526.22384643555,4700,1,0.30000000000000004,35603.001373291016,4700,1,0.30000000000000004,34179.00825500488,4700,1,0.30000000000000004,33665.55302429199,4700,1,0.30000000000000004,38289.293884277344,4700,1,0.30000000000000004,23634442.874084473,400,400,400,400,400,400,4691,400,400,400,4690,400,400,4690,400,400,400,400,4690,4690,400,4690,400,400,100,0,0,0,0,0,0,0,0,0,0,0,0,0,0,0,0,0,0,0,0,0,0,0,66480525312,2147479552,30160646144,0
99,1713877636952,101328.92617797852,4700,1,0.30000000000000004,35557.71676635742,4700,1,0.30000000000000004,92016.6244506836,4700,1,0.30000000000000004,40475.08729553223,4700,1,0.30000000000000004,42114.01315307617,4700,1,0.30000000000000004,39188.37521362305,4700,1,0.30000000000000004,39781.72007751465,4700,1,0.30000000000000004,40526.226989746094,4700,1,0.30000000000000004,35603.013412475586,4700,1,0.30000000000000004,34179.0099029541,4700,1,0.30000000000000004,33665.554595947266,4700,1,0.30000000000000004,38289.29736328125,4700,1,0.30000000000000004,23634446.48348999,400,400,400,400,400,400,4691,400,400,400,4690,400,400,4690,400,400,400,400,4690,4690,400,4690,400,400,100,0,0,0,0,0,0,0,0,0,0,0,0,0,0,0,0,0,0,0,0,0,0,0,66480525312,2147479552,30367600640,0
99,1713877637052,101329.40580749512,4700,1,0.30000000000000004,35557.718338012695,4700,1,0.30000000000000004,92016.62698364258,4700,1,0.30000000000000004,40475.090591430664,4700,1,0.30000000000000004,42114.01631164551,4700,1,0.30000000000000004,39188.37841796875,4700,1,0.30000000000000004,39781.72317504883,4700,1,0.30000000000000004,40526.23008728027,4700,1,0.30000000000000004,35603.029373168945,4700,1,0.30000000000000004,34179.011474609375,4700,1,0.30000000000000004,33665.55616760254,4700,1,0.30000000000000004,38289.299377441406,4700,1,0.30000000000000004,23634450.09234619,400,400,400,400,400,400,4691,400,400,400,4690,400,400,4690,400,400,400,400,4690,4690,400,4690,400,400,100,0,0,0,0,0,0,0,0,0,0,0,0,0,0,0,0,0,0,0,0,0,0,0,66480525312,2147479552,30575071232,0
99,1713877637152,101329.88021850586,4700,1,0.30000000000000004,35557.71990966797,4700,1,0.30000000000000004,92016.62882995605,4700,1,0.30000000000000004,40475.09379577637,4700,1,0.30000000000000004,42114.01940917969,4700,1,0.30000000000000004,39188.38151550293,4700,1,0.30000000000000004,39781.72627258301,4700,1,0.30000000000000004,40526.23318481445,4700,1,0.30000000000000004,35603.04438781738,4700,1,0.30000000000000004,34179.01304626465,4700,1,0.30000000000000004,33665.55773925781,4700,1,0.30000000000000004,38289.30094909668,4700,1,0.30000000000000004,23634453.711914063,400,400,400,400,400,400,4691,400,400,400,4690,400,400,4690,400,400,400,400,4690,4690,400,4690,400,400,100,0,0,0,0,0,0,0,0,0,0,0,0,0,0,0,0,0,0,0,0,0,0,0,66480525312,2147479552,30782541824,0
99,1713877637252,101330.36045837402,4700,1,0.30000000000000004,35557.72148132324,4700,1,0.30000000000000004,92016.63114929199,4700,1,0.30000000000000004,40475.0969543457,4700,1,0.30000000000000004,42114.02491760254,4700,1,0.30000000000000004,39188.38461303711,4700,1,0.30000000000000004,39781.729415893555,4700,1,0.30000000000000004,40526.236389160156,4700,1,0.30000000000000004,35603.05880737305,4700,1,0.30000000000000004,34179.01483154297,4700,1,0.30000000000000004,33665.55938720703,4700,1,0.30000000000000004,38289.304458618164,4700,1,0.30000000000000004,23634457.28236389,400,400,400,400,400,400,4691,400,400,400,4690,400,400,4690,400,400,400,400,4690,4690,400,4690,400,400,100,0,0,0,0,0,0,0,0,0,0,0,0,0,0,0,0,0,0,0,0,0,0,0,66480525312,2147479552,30990528512,0
99,1713877637352,101330.84051513672,4700,1,0.30000000000000004,35557.723052978516,4700,1,0.30000000000000004,92016.63316345215,4700,1,0.30000000000000004,40475.1003112793,4700,1,0.30000000000000004,42114.02810668945,4700,1,0.30000000000000004,39188.387756347656,4700,1,0.30000000000000004,39781.73260498047,4700,1,0.30000000000000004,40526.23945617676,4700,1,0.30000000000000004,35603.06806945801,4700,1,0.30000000000000004,34179.01638793945,4700,1,0.30000000000000004,33665.560958862305,4700,1,0.30000000000000004,38289.30603027344,4700,1,0.30000000000000004,23634460.83569336,400,400,400,400,400,400,4691,400,400,400,4690,400,400,4690,400,400,400,400,4690,4690,400,4690,400,400,100,0,0,0,0,0,0,0,0,0,0,0,0,0,0,0,0,0,0,0,0,0,0,0,66480525312,2147479552,31197999104,0
99,1713877637452,101331.31941223145,4700,1,0.30000000000000004,35557.724670410156,4700,1,0.30000000000000004,92016.63511657715,4700,1,0.30000000000000004,40475.103454589844,4700,1,0.30000000000000004,42114.03120422363,4700,1,0.30000000000000004,39188.39091491699,4700,1,0.30000000000000004,39781.73571777344,4700,1,0.30000000000000004,40526.24255371094,4700,1,0.30000000000000004,35603.08122253418,4700,1,0.30000000000000004,34179.01985168457,4700,1,0.30000000000000004,33665.56251525879,4700,1,0.30000000000000004,38289.30758666992,4700,1,0.30000000000000004,23634464.45552063,400,400,400,400,400,400,4691,400,400,400,4690,400,400,4690,400,400,400,400,4690,4690,400,4690,400,400,100,0,0,0,0,0,0,0,0,0,0,0,0,0,0,0,0,0,0,0,0,0,0,0,66480525312,2147479552,31405469696,0
99,1713877637552,101331.7993927002,4700,1,0.30000000000000004,35557.74024963379,4700,1,0.30000000000000004,92016.65307617188,4700,1,0.30000000000000004,40475.12219238281,4700,1,0.30000000000000004,42114.0505065918,4700,1,0.30000000000000004,39188.40330505371,4700,1,0.30000000000000004,39781.755111694336,4700,1,0.30000000000000004,40526.25650024414,4700,1,0.30000000000000004,35603.108169555664,4700,1,0.30000000000000004,34179.03335571289,4700,1,0.30000000000000004,33665.578033447266,4700,1,0.30000000000000004,38289.32231140137,4700,1,0.30000000000000004,23634468.149230957,400,400,400,400,400,400,4691,400,400,400,4690,400,400,4690,400,400,400,400,4690,4690,400,4690,400,400,100,0,0,0,0,0,0,0,0,0,0,0,0,0,0,0,0,0,0,0,0,0,0,0,66480525312,2147479552,31612424192,0
99,1713877637652,101332.27891540527,4700,1,0.30000000000000004,35557.74188232422,4700,1,0.30000000000000004,92016.65493774414,4700,1,0.30000000000000004,40475.12548828125,4700,1,0.30000000000000004,42114.05360412598,4700,1,0.30000000000000004,39188.415466308594,4700,1,0.30000000000000004,39781.758209228516,4700,1,0.30000000000000004,40526.25959777832,4700,1,0.30000000000000004,35603.12028503418,4700,1,0.30000000000000004,34179.03520202637,4700,1,0.30000000000000004,33665.579650878906,4700,1,0.30000000000000004,38289.32392883301,4700,1,0.30000000000000004,23634471.730041504,400,400,400,400,400,400,4691,400,400,400,4690,400,400,4690,400,400,400,400,4690,4690,400,4690,400,400,100,0,0,0,0,0,0,0,0,0,0,0,0,0,0,0,0,0,0,0,0,0,0,0,66480525312,2147479552,31819894784,0
99,1713877637752,101332.75869750977,4700,1,0.30000000000000004,35557.74366760254,4700,1,0.30000000000000004,92016.65711975098,4700,1,0.30000000000000004,40475.12887573242,4700,1,0.30000000000000004,42114.05909729004,4700,1,0.30000000000000004,39188.41856384277,4700,1,0.30000000000000004,39781.763580322266,4700,1,0.30000000000000004,40526.26274108887,4700,1,0.30000000000000004,35603.13171386719,4700,1,0.30000000000000004,34179.037048339844,4700,1,0.30000000000000004,33665.58303833008,4700,1,0.30000000000000004,38289.32734680176,4700,1,0.30000000000000004,23634475.30973816,400,400,400,400,400,400,4691,400,400,400,4690,400,400,4690,400,400,400,400,4690,4690,400,4690,400,400,100,0,0,0,0,0,0,0,0,0,0,0,0,0,0,0,0,0,0,0,0,0,0,0,66480525312,2147479552,32027594752,0
99,1713877637852,101333.23811340332,4700,1,0.30000000000000004,35557.74528503418,4700,1,0.30000000000000004,92016.65887451172,4700,1,0.30000000000000004,40475.13215637207,4700,1,0.30000000000000004,42114.062240600586,4700,1,0.30000000000000004,39188.42166137695,4700,1,0.30000000000000004,39781.76676940918,4700,1,0.30000000000000004,40526.26583862305,4700,1,0.30000000000000004,35603.146728515625,4700,1,0.30000000000000004,34179.038833618164,4700,1,0.30000000000000004,33665.584701538086,4700,1,0.30000000000000004,38289.32894897461,4700,1,0.30000000000000004,23634478.925094604,400,400,400,400,400,400,4691,400,400,400,4690,400,400,4690,400,400,400,400,4690,4690,400,4690,400,400,100,0,0,0,0,0,0,0,0,0,0,0,0,0,0,0,0,0,0,0,0,0,0,0,66480525312,2147479552,32235065344,0
99,1713877637952,101333.7133026123,4700,1,0.30000000000000004,35557.74710083008,4700,1,0.30000000000000004,92016.66075134277,4700,1,0.30000000000000004,40475.135498046875,4700,1,0.30000000000000004,42114.06608581543,4700,1,0.30000000000000004,39188.43135070801,4700,1,0.30000000000000004,39781.770431518555,4700,1,0.30000000000000004,40526.268981933594,4700,1,0.30000000000000004,35603.16111755371,4700,1,0.30000000000000004,34179.04063415527,4700,1,0.30000000000000004,33665.58631896973,4700,1,0.30000000000000004,38289.33059692383,4700,1,0.30000000000000004,23634482.508239746,400,400,400,400,400,400,4691,400,400,400,4690,400,400,4690,400,400,400,400,4690,4690,400,4690,400,400,100,0,0,0,0,0,0,0,0,0,0,0,0,0,0,0,0,0,0,0,0,0,0,0,66480525312,2147479552,32442535936,0
99,1713877638052,101334.19413757324,4700,1,0.30000000000000004,35557.74983215332,4700,1,0.30000000000000004,92016.66310119629,4700,1,0.30000000000000004,40475.13896179199,4700,1,0.30000000000000004,42114.0693359375,4700,1,0.30000000000000004,39188.434661865234,4700,1,0.30000000000000004,39781.778717041016,4700,1,0.30000000000000004,40526.272216796875,4700,1,0.30000000000000004,35603.17527770996,4700,1,0.30000000000000004,34179.04260253906,4700,1,0.30000000000000004,33665.5890045166,4700,1,0.30000000000000004,38289.3332824707,4700,1,0.30000000000000004,23634486.035812378,400,400,400,400,400,400,4691,400,400,400,4690,400,400,4690,400,400,400,400,4690,4690,400,4690,400,400,100,0,0,0,0,0,0,0,0,0,0,0,0,0,0,0,0,0,0,0,0,0,0,0,66480525312,2147479552,32650006528,0
99,1713877638152,101334.6742553711,4700,1,0.30000000000000004,35557.751388549805,4700,1,0.30000000000000004,92016.66491699219,4700,1,0.30000000000000004,40475.14222717285,4700,1,0.30000000000000004,42114.07244873047,4700,1,0.30000000000000004,39188.437759399414,4700,1,0.30000000000000004,39781.781814575195,4700,1,0.30000000000000004,40526.27528381348,4700,1,0.30000000000000004,35603.18321228027,4700,1,0.30000000000000004,34179.04425048828,4700,1,0.30000000000000004,33665.59060668945,4700,1,0.30000000000000004,38289.334884643555,4700,1,0.30000000000000004,23634489.603012085,400,400,400,400,400,400,4691,400,400,400,4690,400,400,4690,400,400,400,400,4690,4690,400,4690,400,400,100,0,0,0,0,0,0,0,0,0,0,0,0,0,0,0,0,0,0,0,0,0,0,0,66480525312,2147479552,32857477120,0
99,1713877638252,101335.15437316895,4700,1,0.30000000000000004,35557.75296020508,4700,1,0.30000000000000004,92016.66693115234,4700,1,0.30000000000000004,40475.145416259766,4700,1,0.30000000000000004,42114.075607299805,4700,1,0.30000000000000004,39188.444107055664,4700,1,0.30000000000000004,39781.784912109375,4700,1,0.30000000000000004,40526.278381347656,4700,1,0.30000000000000004,35603.195877075195,4700,1,0.30000000000000004,34179.04621887207,4700,1,0.30000000000000004,33665.592193603516,4700,1,0.30000000000000004,38289.336502075195,4700,1,0.30000000000000004,23634493.13644409,400,400,400,400,400,400,4691,400,400,400,4690,400,400,4690,400,400,400,400,4690,4690,400,4690,400,400,100,0,0,0,0,0,0,0,0,0,0,0,0,0,0,0,0,0,0,0,0,0,0,0,66480525312,2147479552,33064947712,0
99,1713877638353,101335.63354492188,4700,1,0.30000000000000004,35557.75485229492,4700,1,0.30000000000000004,92016.66874694824,4700,1,0.30000000000000004,40475.148696899414,4700,1,0.30000000000000004,42114.08070373535,4700,1,0.30000000000000004,39188.447204589844,4700,1,0.30000000000000004,39781.78820800781,4700,1,0.30000000000000004,40526.281478881836,4700,1,0.30000000000000004,35603.2077331543,4700,1,0.30000000000000004,34179.04806518555,4700,1,0.30000000000000004,33665.595642089844,4700,1,0.30000000000000004,38289.33807373047,4700,1,0.30000000000000004,23634496.76980591,400,400,400,400,400,400,4691,400,400,400,4690,400,400,4690,400,400,400,400,4690,4690,400,4690,400,400,100,0,0,0,0,0,0,0,0,0,0,0,0,0,0,0,0,0,0,0,0,0,0,0,66480525312,2147479552,33272418304,0
99,1713877638453,101336.1226348877,4700,1,0.30000000000000004,35557.756423950195,4700,1,0.30000000000000004,92016.67057800293,4700,1,0.30000000000000004,40475.151916503906,4700,1,0.30000000000000004,42114.08386230469,4700,1,0.30000000000000004,39188.45048522949,4700,1,0.30000000000000004,39781.79148864746,4700,1,0.30000000000000004,40526.28463745117,4700,1,0.30000000000000004,35603.21939086914,4700,1,0.30000000000000004,34179.04997253418,4700,1,0.30000000000000004,33665.597259521484,4700,1,0.30000000000000004,38289.33985900879,4700,1,0.30000000000000004,23634500.385849,400,400,400,400,400,400,4691,400,400,400,4690,400,400,4690,400,400,400,400,4690,4690,400,4690,400,400,100,0,0,0,0,0,0,0,0,0,0,0,0,0,0,0,0,0,0,0,0,0,0,0,66480525312,2147479552,33134002176,0
99,1713877638553,101336.72058105469,4700,1,0.30000000000000004,35557.75799560547,4700,1,0.30000000000000004,92016.67317199707,4700,1,0.30000000000000004,40475.15510559082,4700,1,0.30000000000000004,42114.08932495117,4700,1,0.30000000000000004,39188.45358276367,4700,1,0.30000000000000004,39781.79458618164,4700,1,0.30000000000000004,40526.287826538086,4700,1,0.30000000000000004,35603.23500061035,4700,1,0.30000000000000004,34179.05226135254,4700,1,0.30000000000000004,33665.59883117676,4700,1,0.30000000000000004,38289.34266662598,4700,1,0.30000000000000004,23634504.222625732,400,400,400,400,400,400,4691,400,400,400,4690,400,400,4690,400,400,400,400,4690,4690,400,4690,400,400,100,0,0,0,0,0,0,0,0,0,0,0,0,0,0,0,0,0,0,0,0,0,0,0,66480525312,2147479552,30818131968,0
99,1713877638653,101337.31266784668,4700,1,0.30000000000000004,35557.75994873047,4700,1,0.30000000000000004,92016.67503356934,4700,1,0.30000000000000004,40475.1584777832,4700,1,0.30000000000000004,42114.09248352051,4700,1,0.30000000000000004,39188.45668029785,4700,1,0.30000000000000004,39781.79768371582,4700,1,0.30000000000000004,40526.290924072266,4700,1,0.30000000000000004,35603.24961853027,4700,1,0.30000000000000004,34179.054275512695,4700,1,0.30000000000000004,33665.60040283203,4700,1,0.30000000000000004,38289.34423828125,4700,1,0.30000000000000004,23634508.08192444,400,400,400,400,400,400,4691,400,400,400,4690,400,400,4690,400,400,400,400,4690,4690,400,4690,400,400,100,0,0,0,0,0,0,0,0,0,0,0,0,0,0,0,0,0,0,0,0,0,0,0,66480525312,2147479552,28444758016,0
99,1713877638753,101337.91116333008,4700,1,0.30000000000000004,35557.76152038574,4700,1,0.30000000000000004,92016.67738342285,4700,1,0.30000000000000004,40475.16279602051,4700,1,0.30000000000000004,42114.09802246094,4700,1,0.30000000000000004,39188.4620513916,4700,1,0.30000000000000004,39781.80075073242,4700,1,0.30000000000000004,40526.29634094238,4700,1,0.30000000000000004,35603.26397705078,4700,1,0.30000000000000004,34179.05642700195,4700,1,0.30000000000000004,33665.601974487305,4700,1,0.30000000000000004,38289.34580993652,4700,1,0.30000000000000004,23634511.874267578,400,400,400,400,400,400,4691,400,400,400,4690,400,400,4690,400,400,400,400,4690,4690,400,4690,400,400,100,0,0,0,0,0,0,0,0,0,0,0,0,0,0,0,0,0,0,0,0,0,0,0,66480525312,2147479552,26065715200,0
99,1713877638853,101338.5093383789,4700,1,0.30000000000000004,35557.763092041016,4700,1,0.30000000000000004,92016.67916870117,4700,1,0.30000000000000004,40475.16612243652,4700,1,0.30000000000000004,42114.101654052734,4700,1,0.30000000000000004,39188.46514892578,4700,1,0.30000000000000004,39781.805114746094,4700,1,0.30000000000000004,40526.299407958984,4700,1,0.30000000000000004,35603.27296447754,4700,1,0.30000000000000004,34179.058517456055,4700,1,0.30000000000000004,33665.60536193848,4700,1,0.30000000000000004,38289.3473815918,4700,1,0.30000000000000004,23634515.73338318,400,400,400,400,400,400,4691,400,400,400,4690,400,400,4690,400,400,400,400,4690,4690,400,4690,400,400,100,0,0,0,0,0,0,0,0,0,0,0,4.761904716491699,0,0,0,0,0,0,0,0,0,0,0,66480525312,2147479552,23697719296,0
99,1713877638953,101339.10765075684,4700,1,0.30000000000000004,35557.764709472656,4700,1,0.30000000000000004,92016.68090820313,4700,1,0.30000000000000004,40475.16940307617,4700,1,0.30000000000000004,42114.1071472168,4700,1,0.30000000000000004,39188.468673706055,4700,1,0.30000000000000004,39781.81214904785,4700,1,0.30000000000000004,40526.30256652832,4700,1,0.30000000000000004,35603.28602600098,4700,1,0.30000000000000004,34179.06066894531,4700,1,0.30000000000000004,33665.60691833496,4700,1,0.30000000000000004,38289.350830078125,4700,1,0.30000000000000004,23634519.5993042,400,400,400,400,400,400,4691,400,400,400,4690,400,400,4690,400,400,400,400,4690,4690,400,4690,400,400,100,0,0,0,0,0,0,0,0,0,0,0,4.761904716491699,0,0,0,0,0,0,0,0,0,0,0,66480525312,2147479552,21329723392,0
99,1713877639053,101339.67506408691,4700,1,0.30000000000000004,35557.76629638672,4700,1,0.30000000000000004,92016.68321228027,4700,1,0.30000000000000004,40475.17280578613,4700,1,0.30000000000000004,42114.11032104492,4700,1,0.30000000000000004,39188.47204589844,4700,1,0.30000000000000004,39781.81524658203,4700,1,0.30000000000000004,40526.3056640625,4700,1,0.30000000000000004,35603.29850769043,4700,1,0.30000000000000004,34179.06285095215,4700,1,0.30000000000000004,33665.608489990234,4700,1,0.30000000000000004,38289.35249328613,4700,1,0.30000000000000004,23634523.431411743,400,400,400,400,400,400,4691,400,400,400,4690,400,400,4690,400,400,400,400,4690,4690,400,4690,400,400,100,0,0,0,0,0,0,0,0,0,0,0,0,0,0,0,0,0,0,0,0,0,0,0,66480525312,2147479552,20601475072,0
99,1713877639153,101340.18559265137,4700,1,0.30000000000000004,35557.76786804199,4700,1,0.30000000000000004,92016.68504333496,4700,1,0.30000000000000004,40475.17616271973,4700,1,0.30000000000000004,42114.11346435547,4700,1,0.30000000000000004,39188.47514343262,4700,1,0.30000000000000004,39781.81996154785,4700,1,0.30000000000000004,40526.30876159668,4700,1,0.30000000000000004,35603.3098449707,4700,1,0.30000000000000004,34179.064514160156,4700,1,0.30000000000000004,33665.611083984375,4700,1,0.30000000000000004,38289.354064941406,4700,1,0.30000000000000004,23634527.044799805,400,400,400,400,400,400,4691,400,400,400,4690,400,400,4690,400,400,400,400,4690,4690,400,4690,400,400,100,0,0,0,0,0,0,0,0,0,0,0,0,0,0,0,0,0,0,0,0,0,0,0,66480525312,2147479552,20826492928,0
99,1713877639253,101340.70184326172,4700,1,0.30000000000000004,35557.769439697266,4700,1,0.30000000000000004,92016.6870727539,4700,1,0.30000000000000004,40475.1794128418,4700,1,0.30000000000000004,42114.116607666016,4700,1,0.30000000000000004,39188.4782409668,4700,1,0.30000000000000004,39781.82305908203,4700,1,0.30000000000000004,40526.31185913086,4700,1,0.30000000000000004,35603.32490539551,4700,1,0.30000000000000004,34179.06645202637,4700,1,0.30000000000000004,33665.61265563965,4700,1,0.30000000000000004,38289.35563659668,4700,1,0.30000000000000004,23634530.568206787,400,400,400,400,400,400,4691,400,400,400,4690,400,400,4690,400,400,400,400,4690,4690,400,4690,400,400,100,0,0,0,0,0,0,0,0,0,0,0,0,0,0,0,0,0,0,0,0,0,0,0,66480525312,2147479552,21055123456,0
99,1713877639353,101341.21437072754,4700,1,0.30000000000000004,35557.77101135254,4700,1,0.30000000000000004,92016.68882751465,4700,1,0.30000000000000004,40475.182525634766,4700,1,0.30000000000000004,42114.12109375,4700,1,0.30000000000000004,39188.48133850098,4700,1,0.30000000000000004,39781.82795715332,4700,1,0.30000000000000004,40526.31506347656,4700,1,0.30000000000000004,35603.33932495117,4700,1,0.30000000000000004,34179.068115234375,4700,1,0.30000000000000004,33665.61526489258,4700,1,0.30000000000000004,38289.35884094238,4700,1,0.30000000000000004,23634534.098571777,400,400,400,400,400,400,4691,400,400,400,4690,400,400,4690,400,400,400,400,4690,4690,400,4690,400,400,100,0,0,0,0,0,0,0,0,0,0,0,0,0,0,0,0,0,0,0,0,0,0,0,66480525312,2147479552,21285302272,0
99,1713877639453,101341.73219299316,4700,1,0.30000000000000004,35557.77258300781,4700,1,0.30000000000000004,92016.69058227539,4700,1,0.30000000000000004,40475.18569946289,4700,1,0.30000000000000004,42114.12422180176,4700,1,0.30000000000000004,39188.48692321777,4700,1,0.30000000000000004,39781.8310546875,4700,1,0.30000000000000004,40526.31816101074,4700,1,0.30000000000000004,35603.353454589844,4700,1,0.30000000000000004,34179.07002258301,4700,1,0.30000000000000004,33665.61683654785,4700,1,0.30000000000000004,38289.360412597656,4700,1,0.30000000000000004,23634537.67842102,400,400,400,400,400,400,4691,400,400,400,4690,400,400,4690,400,400,400,400,4690,4690,400,4690,400,400,100,0,0,0,0,0,0,0,0,0,0,0,0,0,0,0,0,0,0,0,0,0,0,0,66480525312,2147479552,21516513280,0
99,1713877639553,101342.25126647949,4700,1,0.30000000000000004,35557.774154663086,4700,1,0.30000000000000004,92016.69271850586,4700,1,0.30000000000000004,40475.188903808594,4700,1,0.30000000000000004,42114.12731933594,4700,1,0.30000000000000004,39188.489990234375,4700,1,0.30000000000000004,39781.8341217041,4700,1,0.30000000000000004,40526.321228027344,4700,1,0.30000000000000004,35603.36178588867,4700,1,0.30000000000000004,34179.07191467285,4700,1,0.30000000000000004,33665.618408203125,4700,1,0.30000000000000004,38289.36331176758,4700,1,0.30000000000000004,23634541.1945343,400,400,400,400,400,400,4691,400,400,400,4690,400,400,4690,400,400,400,400,4690,4690,400,4690,400,400,100,0,0,0,0,0,0,0,0,0,0,0,0,0,0,0,0,0,0,0,0,0,0,0,66480525312,2147479552,21748756480,0
99,1713877639653,101342.76989746094,4700,1,0.30000000000000004,35557.77583312988,4700,1,0.30000000000000004,92016.69473266602,4700,1,0.30000000000000004,40475.19221496582,4700,1,0.30000000000000004,42114.13041687012,4700,1,0.30000000000000004,39188.50161743164,4700,1,0.30000000000000004,39781.83723449707,4700,1,0.30000000000000004,40526.32438659668,4700,1,0.30000000000000004,35603.374435424805,4700,1,0.30000000000000004,34179.07353210449,4700,1,0.30000000000000004,33665.61996459961,4700,1,0.30000000000000004,38289.365234375,4700,1,0.30000000000000004,23634544.757156372,400,400,400,400,400,400,4691,400,400,400,4690,400,400,4690,400,400,400,400,4690,4690,400,4690,400,400,100,0,0,0,0,0,0,0,0,0,0,0,0,0,0,0,0,0,0,0,0,0,0,0,66480525312,2147479552,21980483584,0
99,1713877639753,101343.28967285156,4700,1,0.30000000000000004,35557.777404785156,4700,1,0.30000000000000004,92016.69793701172,4700,1,0.30000000000000004,40475.1954498291,4700,1,0.30000000000000004,42114.1335144043,4700,1,0.30000000000000004,39188.50471496582,4700,1,0.30000000000000004,39781.84037780762,4700,1,0.30000000000000004,40526.32749938965,4700,1,0.30000000000000004,35603.38650512695,4700,1,0.30000000000000004,34179.075119018555,4700,1,0.30000000000000004,33665.62153625488,4700,1,0.30000000000000004,38289.36680603027,4700,1,0.30000000000000004,23634548.243225098,400,400,400,400,400,400,4691,400,400,400,4690,400,400,4690,400,400,400,400,4690,4690,400,4690,400,400,100,0,0,0,0,0,0,0,0,0,0,0,0,0,0,0,0,0,0,0,0,0,0,0,66480525312,2147479552,22212984832,0
99,1713877639853,101343.81004333496,4700,1,0.30000000000000004,35557.77897644043,4700,1,0.30000000000000004,92016.6997833252,4700,1,0.30000000000000004,40475.19860839844,4700,1,0.30000000000000004,42114.13676452637,4700,1,0.30000000000000004,39188.5078125,4700,1,0.30000000000000004,39781.8436126709,4700,1,0.30000000000000004,40526.33059692383,4700,1,0.30000000000000004,35603.39793395996,4700,1,0.30000000000000004,34179.07669067383,4700,1,0.30000000000000004,33665.62481689453,4700,1,0.30000000000000004,38289.36837768555,4700,1,0.30000000000000004,23634551.79171753,400,400,400,400,400,400,4691,400,400,400,4690,400,400,4690,400,400,400,400,4690,4690,400,4690,400,400,100,0,0,0,0,0,0,0,0,0,0,0,0,0,0,0,0,0,0,0,0,0,0,0,66480525312,2147479552,22446260224,0
99,1713877639953,101344.33056640625,4700,1,0.30000000000000004,35557.78060913086,4700,1,0.30000000000000004,92016.70156860352,4700,1,0.30000000000000004,40475.20195007324,4700,1,0.30000000000000004,42114.14051818848,4700,1,0.30000000000000004,39188.5135345459,4700,1,0.30000000000000004,39781.84732055664,4700,1,0.30000000000000004,40526.333740234375,4700,1,0.30000000000000004,35603.40899658203,4700,1,0.30000000000000004,34179.0782623291,4700,1,0.30000000000000004,33665.626388549805,4700,1,0.30000000000000004,38289.36994934082,4700,1,0.30000000000000004,23634555.341400146,400,400,400,400,400,400,4691,400,400,400,4690,400,400,4690,400,400,400,400,4690,4690,400,4690,400,400,100,0,0,0,0,0,0,0,0,0,0,0,0,0,0,0,0,0,0,0,0,0,0,0,66480525312,2147479552,22679535616,0
99,1713877640054,101344.85092163086,4700,1,0.30000000000000004,35557.78218078613,4700,1,0.30000000000000004,92016.70387268066,4700,1,0.30000000000000004,40475.20538330078,4700,1,0.30000000000000004,42114.1436920166,4700,1,0.30000000000000004,39188.51675415039,4700,1,0.30000000000000004,39781.85041809082,4700,1,0.30000000000000004,40526.336837768555,4700,1,0.30000000000000004,35603.42346191406,4700,1,0.30000000000000004,34179.07989501953,4700,1,0.30000000000000004,33665.62796020508,4700,1,0.30000000000000004,38289.37159729004,4700,1,0.30000000000000004,23634558.879577637,400,400,400,400,400,400,4691,400,400,400,4690,400,400,4690,400,400,400,400,4690,4690,400,4690,400,400,100,0,0,0,0,0,0,0,0,0,0,0,0,0,0,0,0,0,0,0,0,0,0,0,66480525312,2147479552,22913327104,0
99,1713877640154,101345.36618041992,4700,1,0.30000000000000004,35557.783752441406,4700,1,0.30000000000000004,92016.70570373535,4700,1,0.30000000000000004,40475.20864868164,4700,1,0.30000000000000004,42114.14678955078,4700,1,0.30000000000000004,39188.51985168457,4700,1,0.30000000000000004,39781.853515625,4700,1,0.30000000000000004,40526.339935302734,4700,1,0.30000000000000004,35603.43907165527,4700,1,0.30000000000000004,34179.08331298828,4700,1,0.30000000000000004,33665.62953186035,4700,1,0.30000000000000004,38289.37316894531,4700,1,0.30000000000000004,23634562.446533203,400,400,400,400,400,400,4691,400,400,400,4690,400,400,4690,400,400,400,400,4690,4690,400,4690,400,400,100,0,0,0,0,0,0,0,0,0,0,0,0,0,0,0,0,0,0,0,0,0,0,0,66480525312,2147479552,23146602496,0
99,1713877640254,101345.88737487793,4700,1,0.30000000000000004,35557.78532409668,4700,1,0.30000000000000004,92016.70776367188,4700,1,0.30000000000000004,40475.21180725098,4700,1,0.30000000000000004,42114.14991760254,4700,1,0.30000000000000004,39188.52291870117,4700,1,0.30000000000000004,39781.8565826416,4700,1,0.30000000000000004,40526.3430480957,4700,1,0.30000000000000004,35603.45426940918,4700,1,0.30000000000000004,34179.085388183594,4700,1,0.30000000000000004,33665.631103515625,4700,1,0.30000000000000004,38289.374740600586,4700,1,0.30000000000000004,23634565.977859497,400,400,400,400,400,400,4691,400,400,400,4690,400,400,4690,400,400,400,400,4690,4690,400,4690,400,400,100,0,0,0,0,0,0,0,0,0,0,0,0,0,0,0,0,0,0,0,0,0,0,0,66480525312,2147479552,23380393984,0
99,1713877640354,101346.4076385498,4700,1,0.30000000000000004,35557.78689575195,4700,1,0.30000000000000004,92016.7095489502,4700,1,0.30000000000000004,40475.21505737305,4700,1,0.30000000000000004,42114.15385437012,4700,1,0.30000000000000004,39188.5260925293,4700,1,0.30000000000000004,39781.860900878906,4700,1,0.30000000000000004,40526.346115112305,4700,1,0.30000000000000004,35603.4638671875,4700,1,0.30000000000000004,34179.08712768555,4700,1,0.30000000000000004,33665.63316345215,4700,1,0.30000000000000004,38289.37629699707,4700,1,0.30000000000000004,23634569.526535034,400,400,400,400,400,400,4691,400,400,400,4690,400,400,4690,400,400,400,400,4690,4690,400,4690,400,400,100,0,0,0,0,0,0,0,0,0,0,0,0,0,0,0,0,0,0,0,0,0,0,0,66480525312,2147479552,23614185472,0
99,1713877640454,101346.92864990234,4700,1,0.30000000000000004,35557.78845214844,4700,1,0.30000000000000004,92016.7113494873,4700,1,0.30000000000000004,40475.21824645996,4700,1,0.30000000000000004,42114.1569519043,4700,1,0.30000000000000004,39188.52925109863,4700,1,0.30000000000000004,39781.86405944824,4700,1,0.30000000000000004,40526.351791381836,4700,1,0.30000000000000004,35603.47814941406,4700,1,0.30000000000000004,34179.08906555176,4700,1,0.30000000000000004,33665.63473510742,4700,1,0.30000000000000004,38289.377868652344,4700,1,0.30000000000000004,23634573.08001709,400,400,400,400,400,400,4691,400,400,400,4690,400,400,4690,400,400,400,400,4690,4690,400,4690,400,400,100,0,0,0,0,0,0,0,0,0,0,0,0,0,0,0,0,0,0,0,0,0,0,0,66480525312,2147479552,23847976960,0
99,1713877640554,101347.4488067627,4700,1,0.30000000000000004,35557.7900390625,4700,1,0.30000000000000004,92016.71351623535,4700,1,0.30000000000000004,40475.221435546875,4700,1,0.30000000000000004,42114.16247558594,4700,1,0.30000000000000004,39188.53234863281,4700,1,0.30000000000000004,39781.86717224121,4700,1,0.30000000000000004,40526.354888916016,4700,1,0.30000000000000004,35603.49153137207,4700,1,0.30000000000000004,34179.0909576416,4700,1,0.30000000000000004,33665.636306762695,4700,1,0.30000000000000004,38289.380599975586,4700,1,0.30000000000000004,23634576.692459106,400,400,400,400,400,400,4691,400,400,400,4690,400,400,4690,400,400,400,400,4690,4690,400,4690,400,400,100,0,0,0,0,0,0,0,0,0,0,0,0,0,0,0,0,0,0,0,0,0,0,0,66480525312,2147479552,24081768448,0
99,1713877640654,101347.96960449219,4700,1,0.30000000000000004,35557.791732788086,4700,1,0.30000000000000004,92016.71537780762,4700,1,0.30000000000000004,40475.22477722168,4700,1,0.30000000000000004,42114.16557312012,4700,1,0.30000000000000004,39188.53544616699,4700,1,0.30000000000000004,39781.87026977539,4700,1,0.30000000000000004,40526.357986450195,4700,1,0.30000000000000004,35603.50439453125,4700,1,0.30000000000000004,34179.0929107666,4700,1,0.30000000000000004,33665.63787841797,4700,1,0.30000000000000004,38289.38217163086,4700,1,0.30000000000000004,23634580.268218994,400,400,400,400,400,400,4691,400,400,400,4690,400,400,4690,400,400,400,400,4690,4690,400,4690,400,400,100,0,0,0,0,0,0,0,0,0,0,0,0,0,0,0,0,0,0,0,5,0,0,0,66480525312,2147479552,24316076032,0
99,1713877640754,101348.49047851563,4700,1,0.30000000000000004,35557.79335021973,4700,1,0.30000000000000004,92016.71754455566,4700,1,0.30000000000000004,40475.22886657715,4700,1,0.30000000000000004,42114.1686706543,4700,1,0.30000000000000004,39188.53854370117,4700,1,0.30000000000000004,39781.87336730957,4700,1,0.30000000000000004,40526.3623046875,4700,1,0.30000000000000004,35603.52082824707,4700,1,0.30000000000000004,34179.094818115234,4700,1,0.30000000000000004,33665.63945007324,4700,1,0.30000000000000004,38289.38374328613,4700,1,0.30000000000000004,23634583.859207153,400,400,400,400,400,400,4691,400,400,400,4690,400,400,4690,400,400,400,400,4690,4690,400,4690,400,400,100,0,0,0,0,0,0,0,0,0,0,0,0,0,0,0,0,0,0,0,5,0,0,0,66480525312,2147479552,24549609472,0
99,1713877640854,101349.01168823242,4700,1,0.30000000000000004,35557.794921875,4700,1,0.30000000000000004,92016.71937561035,4700,1,0.30000000000000004,40475.232025146484,4700,1,0.30000000000000004,42114.17189025879,4700,1,0.30000000000000004,39188.54164123535,4700,1,0.30000000000000004,39781.87869262695,4700,1,0.30000000000000004,40526.36540222168,4700,1,0.30000000000000004,35603.53678894043,4700,1,0.30000000000000004,34179.09672546387,4700,1,0.30000000000000004,33665.64224243164,4700,1,0.30000000000000004,38289.385314941406,4700,1,0.30000000000000004,23634587.429229736,400,400,400,400,400,400,4691,400,400,400,4690,400,400,4690,400,400,400,400,4690,4690,400,4690,400,400,100,0,0,0,0,0,0,0,0,0,0,0,0,0,0,0,0,0,0,0,0,0,0,0,66480525312,2147479552,24783917056,0
99,1713877640954,101349.52604675293,4700,1,0.30000000000000004,35557.79658508301,4700,1,0.30000000000000004,92016.72119140625,4700,1,0.30000000000000004,40475.23538208008,4700,1,0.30000000000000004,42114.17565917969,4700,1,0.30000000000000004,39188.5451965332,4700,1,0.30000000000000004,39781.88233947754,4700,1,0.30000000000000004,40526.36863708496,4700,1,0.30000000000000004,35603.55242919922,4700,1,0.30000000000000004,34179.09860229492,4700,1,0.30000000000000004,33665.643814086914,4700,1,0.30000000000000004,38289.38905334473,4700,1,0.30000000000000004,23634591.108947754,400,400,400,400,400,400,4691,400,400,400,4690,400,400,4690,400,400,400,400,4690,4690,400,4690,400,400,100,0,0,0,0,0,0,0,0,0,0,0,0,0,0,0,0,0,0,0,0,0,0,0,66480525312,2147479552,25017708544,0
99,1713877641054,101350.04666137695,4700,1,0.30000000000000004,35557.79815673828,4700,1,0.30000000000000004,92016.72369384766,4700,1,0.30000000000000004,40475.23881530762,4700,1,0.30000000000000004,42114.1788482666,4700,1,0.30000000000000004,39188.548416137695,4700,1,0.30000000000000004,39781.88540649414,4700,1,0.30000000000000004,40526.37170410156,4700,1,0.30000000000000004,35603.56228637695,4700,1,0.30000000000000004,34179.100646972656,4700,1,0.30000000000000004,33665.645431518555,4700,1,0.30000000000000004,38289.39073181152,4700,1,0.30000000000000004,23634594.693847656,400,400,400,400,400,400,4691,400,400,400,4690,400,400,4690,400,400,400,400,4690,4690,400,4690,400,400,100,0,0,0,0,0,0,0,0,0,0,0,0,0,0,0,0,0,0,0,0,0,0,0,66480525312,2147479552,25251500032,0
99,1713877641154,101350.56643676758,4700,1,0.30000000000000004,35557.799713134766,4700,1,0.30000000000000004,92016.72555541992,4700,1,0.30000000000000004,40475.2420501709,4700,1,0.30000000000000004,42114.18194580078,4700,1,0.30000000000000004,39188.551528930664,4700,1,0.30000000000000004,39781.88850402832,4700,1,0.30000000000000004,40526.37480163574,4700,1,0.30000000000000004,35603.576400756836,4700,1,0.30000000000000004,34179.10234069824,4700,1,0.30000000000000004,33665.64698791504,4700,1,0.30000000000000004,38289.39228820801,4700,1,0.30000000000000004,23634598.27041626,400,400,400,400,400,400,4691,400,400,400,4690,400,400,4690,400,400,400,400,4690,4690,400,4690,400,400,100,0,0,0,0,0,0,0,0,0,0,0,0,0,0,0,0,0,0,0,0,0,0,0,66480525312,2147479552,25485291520,0
99,1713877641254,101351.08683776855,4700,1,0.30000000000000004,35557.80128479004,4700,1,0.30000000000000004,92016.72789001465,4700,1,0.30000000000000004,40475.24528503418,4700,1,0.30000000000000004,42114.18510437012,4700,1,0.30000000000000004,39188.554626464844,4700,1,0.30000000000000004,39781.8916015625,4700,1,0.30000000000000004,40526.37789916992,4700,1,0.30000000000000004,35603.5901184082,4700,1,0.30000000000000004,34179.104431152344,4700,1,0.30000000000000004,33665.6485748291,4700,1,0.30000000000000004,38289.39387512207,4700,1,0.30000000000000004,23634601.86720276,400,400,400,400,400,400,4691,400,400,400,4690,400,400,4690,400,400,400,400,4690,4690,400,4690,400,400,100,0,0,0,0,0,0,0,0,0,0,0,0,0,0,0,0,0,0,0,5,0,0,0,66480525312,2147479552,25719599104,0
99,1713877641354,101351.60673522949,4700,1,0.30000000000000004,35557.80285644531,4700,1,0.30000000000000004,92016.72972106934,4700,1,0.30000000000000004,40475.248474121094,4700,1,0.30000000000000004,42114.18850708008,4700,1,0.30000000000000004,39188.55780029297,4700,1,0.30000000000000004,39781.89486694336,4700,1,0.30000000000000004,40526.383544921875,4700,1,0.30000000000000004,35603.60301208496,4700,1,0.30000000000000004,34179.106201171875,4700,1,0.30000000000000004,33665.651947021484,4700,1,0.30000000000000004,38289.395446777344,4700,1,0.30000000000000004,23634605.53768921,400,400,400,400,400,400,4691,400,400,400,4690,400,400,4690,400,400,400,400,4690,4690,400,4690,400,400,100,0,0,0,0,0,0,0,0,0,0,0,0,0,0,0,0,0,0,0,5,0,0,0,66480525312,2147479552,25953906688,0
99,1713877641454,101352.1275177002,4700,1,0.30000000000000004,35557.804428100586,4700,1,0.30000000000000004,92016.73152160645,4700,1,0.30000000000000004,40475.25178527832,4700,1,0.30000000000000004,42114.19160461426,4700,1,0.30000000000000004,39188.560958862305,4700,1,0.30000000000000004,39781.89796447754,4700,1,0.30000000000000004,40526.386642456055,4700,1,0.30000000000000004,35603.619873046875,4700,1,0.30000000000000004,34179.10829162598,4700,1,0.30000000000000004,33665.65351867676,4700,1,0.30000000000000004,38289.397064208984,4700,1,0.30000000000000004,23634609.109695435,400,400,400,400,400,400,4691,400,400,400,4690,400,400,4690,400,400,400,400,4690,4690,400,4690,400,400,100,0,0,0,0,0,0,0,0,0,0,0,0,0,0,0,0,0,0,0,4.761904716491699,0,0,0,66480525312,2147479552,26187698176,0
99,1713877641554,101352.64778137207,4700,1,0.30000000000000004,35557.80599975586,4700,1,0.30000000000000004,92016.73371887207,4700,1,0.30000000000000004,40475.2550201416,4700,1,0.30000000000000004,42114.19470214844,4700,1,0.30000000000000004,39188.564056396484,4700,1,0.30000000000000004,39781.90106201172,4700,1,0.30000000000000004,40526.38975524902,4700,1,0.30000000000000004,35603.63595581055,4700,1,0.30000000000000004,34179.11024475098,4700,1,0.30000000000000004,33665.6551361084,4700,1,0.30000000000000004,38289.39978027344,4700,1,0.30000000000000004,23634612.75416565,400,400,400,400,400,400,4691,400,400,400,4690,400,400,4690,400,400,400,400,4690,4690,400,4690,400,400,100,0,0,0,0,0,0,0,0,0,0,0,0,0,0,0,0,0,0,0,4.761904716491699,0,0,0,66480525312,2147479552,26422005760,0
99,1713877641654,101353.16311645508,4700,1,0.30000000000000004,35557.807693481445,4700,1,0.30000000000000004,92016.73583984375,4700,1,0.30000000000000004,40475.25817871094,4700,1,0.30000000000000004,42114.19776916504,4700,1,0.30000000000000004,39188.5758972168,4700,1,0.30000000000000004,39781.9041595459,4700,1,0.30000000000000004,40526.39291381836,4700,1,0.30000000000000004,35603.65168762207,4700,1,0.30000000000000004,34179.11212158203,4700,1,0.30000000000000004,33665.65670776367,4700,1,0.30000000000000004,38289.40139770508,4700,1,0.30000000000000004,23634616.313064575,400,400,400,400,400,400,4691,400,400,400,4690,400,400,4690,400,400,400,400,4690,4690,400,4690,400,400,100,0,0,0,0,0,0,0,0,0,0,0,0,0,0,0,0,0,0,0,4.761904716491699,0,0,0,66480525312,2147479552,26655797248,0
99,1713877641755,101353.68251037598,4700,1,0.30000000000000004,35557.80946350098,4700,1,0.30000000000000004,92016.73811340332,4700,1,0.30000000000000004,40475.26159667969,4700,1,0.30000000000000004,42114.20086669922,4700,1,0.30000000000000004,39188.5789642334,4700,1,0.30000000000000004,39781.90727233887,4700,1,0.30000000000000004,40526.39598083496,4700,1,0.30000000000000004,35603.661376953125,4700,1,0.30000000000000004,34179.113998413086,4700,1,0.30000000000000004,33665.658279418945,4700,1,0.30000000000000004,38289.404846191406,4700,1,0.30000000000000004,23634619.93284607,400,400,400,400,400,400,4691,400,400,400,4690,400,400,4690,400,400,400,400,4690,4690,400,4690,400,400,100,0,0,0,0,0,0,0,0,0,0,0,0,0,0,0,0,0,0,0,4.761904716491699,0,0,0,66480525312,2147479552,26890362880,0
99,1713877641855,101354.2028503418,4700,1,0.30000000000000004,35557.81103515625,4700,1,0.30000000000000004,92016.73992919922,4700,1,0.30000000000000004,40475.26481628418,4700,1,0.30000000000000004,42114.20408630371,4700,1,0.30000000000000004,39188.58207702637,4700,1,0.30000000000000004,39781.91052246094,4700,1,0.30000000000000004,40526.39907836914,4700,1,0.30000000000000004,35603.67582702637,4700,1,0.30000000000000004,34179.11575317383,4700,1,0.30000000000000004,33665.66053771973,4700,1,0.30000000000000004,38289.40640258789,4700,1,0.30000000000000004,23634623.53477478,400,400,400,400,400,400,4691,400,400,400,4690,400,400,4690,400,400,400,400,4690,4690,400,4690,400,400,100,0,0,0,0,0,0,0,0,0,0,0,0,0,0,0,0,0,0,0,5,0,0,0,66480525312,2147479552,27124154368,0
99,1713877641955,101354.72331237793,4700,1,0.30000000000000004,35557.81288146973,4700,1,0.30000000000000004,92016.74166870117,4700,1,0.30000000000000004,40475.26820373535,4700,1,0.30000000000000004,42114.20779418945,4700,1,0.30000000000000004,39188.58544921875,4700,1,0.30000000000000004,39781.91598510742,4700,1,0.30000000000000004,40526.402252197266,4700,1,0.30000000000000004,35603.68916320801,4700,1,0.30000000000000004,34179.11763000488,4700,1,0.30000000000000004,33665.662109375,4700,1,0.30000000000000004,38289.407974243164,4700,1,0.30000000000000004,23634627.08705139,400,400,400,400,400,400,4691,400,400,400,4690,400,400,4690,400,400,400,400,4690,4690,400,4690,400,400,100,0,0,0,0,0,0,0,0,0,0,0,0,0,0,0,0,0,0,0,5,0,0,0,66480525312,2147479552,27358461952,0
99,1713877642055,101355.24320983887,4700,1,0.30000000000000004,35557.81915283203,4700,1,0.30000000000000004,92016.74418640137,4700,1,0.30000000000000004,40475.27177429199,4700,1,0.30000000000000004,42114.21105957031,4700,1,0.30000000000000004,39188.58871459961,4700,1,0.30000000000000004,39781.92430114746,4700,1,0.30000000000000004,40526.40547180176,4700,1,0.30000000000000004,35603.70243835449,4700,1,0.30000000000000004,34179.11967468262,4700,1,0.30000000000000004,33665.66473388672,4700,1,0.30000000000000004,38289.41069030762,4700,1,0.30000000000000004,23634630.717178345,400,400,400,400,400,400,4691,400,400,400,4690,400,400,4690,400,400,400,400,4690,4690,400,4690,400,400,100,0,0,0,0,0,0,0,0,0,0,0,0,0,0,0,0,0,0,0,4.761904716491699,0,0,0,66480525312,2147479552,27592253440,0
99,1713877642155,101355.76329040527,4700,1,0.30000000000000004,35557.823181152344,4700,1,0.30000000000000004,92016.74600219727,4700,1,0.30000000000000004,40475.275146484375,4700,1,0.30000000000000004,42114.21415710449,4700,1,0.30000000000000004,39188.59181213379,4700,1,0.30000000000000004,39781.92739868164,4700,1,0.30000000000000004,40526.40856933594,4700,1,0.30000000000000004,35603.71479797363,4700,1,0.30000000000000004,34179.121322631836,4700,1,0.30000000000000004,33665.66630554199,4700,1,0.30000000000000004,38289.41230773926,4700,1,0.30000000000000004,23634634.28125,400,400,400,400,400,400,4691,400,400,400,4690,400,400,4690,400,400,400,400,4690,4690,400,4690,400,400,100,0,0,0,0,0,0,0,0,0,0,0,0,0,0,0,0,0,0,0,4.761904716491699,0,0,0,66480525312,2147479552,27826561024,0
99,1713877642255,101356.28341674805,4700,1,0.30000000000000004,35557.82475280762,4700,1,0.30000000000000004,92016.74821472168,4700,1,0.30000000000000004,40475.27833557129,4700,1,0.30000000000000004,42114.21731567383,4700,1,0.30000000000000004,39188.59490966797,4700,1,0.30000000000000004,39781.93049621582,4700,1,0.30000000000000004,40526.41166687012,4700,1,0.30000000000000004,35603.730545043945,4700,1,0.30000000000000004,34179.123306274414,4700,1,0.30000000000000004,33665.667877197266,4700,1,0.30000000000000004,38289.41395568848,4700,1,0.30000000000000004,23634637.89137268,400,400,400,400,400,400,4691,400,400,400,4690,400,400,4690,400,400,400,400,4690,4690,400,4690,400,400,100,0,0,0,0,0,0,0,0,0,0,0,0,0,0,0,0,0,0,0,4.761904716491699,0,0,0,66480525312,2147479552,28060352512,0
99,1713877642355,101356.7985534668,4700,1,0.30000000000000004,35557.82632446289,4700,1,0.30000000000000004,92016.74996948242,4700,1,0.30000000000000004,40475.28155517578,4700,1,0.30000000000000004,42114.22250366211,4700,1,0.30000000000000004,39188.598068237305,4700,1,0.30000000000000004,39781.935958862305,4700,1,0.30000000000000004,40526.4147644043,4700,1,0.30000000000000004,35603.74578857422,4700,1,0.30000000000000004,34179.125,4700,1,0.30000000000000004,33665.6707611084,4700,1,0.30000000000000004,38289.41572570801,4700,1,0.30000000000000004,23634641.48854065,400,400,400,400,400,400,4691,400,400,400,4690,400,400,4690,400,400,400,400,4690,4690,400,4690,400,400,100,0,0,0,0,0,0,0,0,0,0,0,0,0,0,0,0,0,0,0,4.761904716491699,0,0,0,66480525312,2147479552,28294660096,0
99,1713877642455,101357.31916809082,4700,1,0.30000000000000004,35557.827896118164,4700,1,0.30000000000000004,92016.75173950195,4700,1,0.30000000000000004,40475.28485107422,4700,1,0.30000000000000004,42114.22560119629,4700,1,0.30000000000000004,39188.60119628906,4700,1,0.30000000000000004,39781.939025878906,4700,1,0.30000000000000004,40526.417877197266,4700,1,0.30000000000000004,35603.76107788086,4700,1,0.30000000000000004,34179.12684631348,4700,1,0.30000000000000004,33665.67240905762,4700,1,0.30000000000000004,38289.41729736328,4700,1,0.30000000000000004,23634645.077575684,400,400,400,400,400,400,4691,400,400,400,4690,400,400,4690,400,400,400,400,4690,4690,400,4690,400,400,100,0,0,0,0,0,0,0,0,0,0,0,0,0,0,0,0,0,0,0,5,0,0,0,66480525312,2147479552,28528967680,0
99,1713877642555,101357.83976745605,4700,1,0.30000000000000004,35557.82945251465,4700,1,0.30000000000000004,92016.75413513184,4700,1,0.30000000000000004,40475.28857421875,4700,1,0.30000000000000004,42114.2311706543,4700,1,0.30000000000000004,39188.60429382324,4700,1,0.30000000000000004,39781.942123413086,4700,1,0.30000000000000004,40526.42094421387,4700,1,0.30000000000000004,35603.770111083984,4700,1,0.30000000000000004,34179.12879943848,4700,1,0.30000000000000004,33665.6739654541,4700,1,0.30000000000000004,38289.42002868652,4700,1,0.30000000000000004,23634648.703857422,400,400,400,400,400,400,4691,400,400,400,4690,400,400,4690,400,400,400,400,4690,4690,400,4690,400,400,100,0,0,0,0,0,0,0,0,0,0,0,0,0,0,0,0,0,0,0,5,0,0,0,66480525312,2147479552,28762759168,0
99,1713877642655,101358.36112976074,4700,1,0.30000000000000004,35557.84689331055,4700,1,0.30000000000000004,92016.76861572266,4700,1,0.30000000000000004,40475.31594848633,4700,1,0.30000000000000004,42114.250061035156,4700,1,0.30000000000000004,39188.619400024414,4700,1,0.30000000000000004,39781.96092224121,4700,1,0.30000000000000004,40526.44189453125,4700,1,0.30000000000000004,35603.79948425293,4700,1,0.30000000000000004,34179.145431518555,4700,1,0.30000000000000004,33665.68685913086,4700,1,0.30000000000000004,38289.432846069336,4700,1,0.30000000000000004,23634652.462661743,400,400,400,400,400,400,4691,400,400,400,4690,400,400,4690,400,400,400,400,4690,4690,400,4690,400,400,100,0,0,0,0,5,0,0,0,0,0,0,0,0,4.761904716491699,0,0,0,0,0,4.761904716491699,0,0,0,66480525312,2147479552,28996550656,0
99,1713877642755,101358.88108825684,4700,1,0.30000000000000004,35557.84884643555,4700,1,0.30000000000000004,92016.77067565918,4700,1,0.30000000000000004,40475.32028198242,4700,1,0.30000000000000004,42114.253479003906,4700,1,0.30000000000000004,39188.62255859375,4700,1,0.30000000000000004,39781.96423339844,4700,1,0.30000000000000004,40526.445053100586,4700,1,0.30000000000000004,35603.81231689453,4700,1,0.30000000000000004,34179.1474609375,4700,1,0.30000000000000004,33665.6884765625,4700,1,0.30000000000000004,38289.434646606445,4700,1,0.30000000000000004,23634656.11907959,400,400,400,400,400,400,4691,400,400,400,4690,400,400,4690,400,400,400,400,4690,4690,400,4690,400,400,100,0,0,0,0,5,0,0,0,0,0,0,0,0,4.761904716491699,0,0,0,0,0,4.761904716491699,0,0,0,66480525312,2147479552,29230600192,0
99,1713877642855,101359.40129089355,4700,1,0.30000000000000004,35557.85096740723,4700,1,0.30000000000000004,92016.77243041992,4700,1,0.30000000000000004,40475.3235168457,4700,1,0.30000000000000004,42114.25698852539,4700,1,0.30000000000000004,39188.62565612793,4700,1,0.30000000000000004,39781.967529296875,4700,1,0.30000000000000004,40526.448165893555,4700,1,0.30000000000000004,35603.824798583984,4700,1,0.30000000000000004,34179.1492767334,4700,1,0.30000000000000004,33665.69009399414,4700,1,0.30000000000000004,38289.43630981445,4700,1,0.30000000000000004,23634659.729263306,400,400,400,400,400,400,4691,400,400,400,4690,400,400,4690,400,400,400,400,4690,4690,400,4690,400,400,100,0,0,0,0,0,0,0,0,0,0,0,0,0,0,0,0,0,0,0,4.761904716491699,0,0,0,66480525312,2147479552,29464907776,0
99,1713877642955,101359.92134094238,4700,1,0.30000000000000004,35557.85841369629,4700,1,0.30000000000000004,92016.77429199219,4700,1,0.30000000000000004,40475.327087402344,4700,1,0.30000000000000004,42114.2607421875,4700,1,0.30000000000000004,39188.629302978516,4700,1,0.30000000000000004,39781.97253417969,4700,1,0.30000000000000004,40526.45132446289,4700,1,0.30000000000000004,35603.840576171875,4700,1,0.30000000000000004,34179.15119934082,4700,1,0.30000000000000004,33665.69171142578,4700,1,0.30000000000000004,38289.43994140625,4700,1,0.30000000000000004,23634663.342391968,400,400,400,400,400,400,4691,400,400,400,4690,400,400,4690,400,400,400,400,4690,4690,400,4690,400,400,100,0,0,0,0,0,0,0,0,0,0,0,0,0,0,0,0,0,0,0,4.761904716491699,0,0,0,66480525312,2147479552,29698699264,0
99,1713877643055,101360.43617248535,4700,1,0.30000000000000004,35557.85998535156,4700,1,0.30000000000000004,92016.77684020996,4700,1,0.30000000000000004,40475.33058166504,4700,1,0.30000000000000004,42114.263916015625,4700,1,0.30000000000000004,39188.63270568848,4700,1,0.30000000000000004,39781.97563171387,4700,1,0.30000000000000004,40526.45442199707,4700,1,0.30000000000000004,35603.8561706543,4700,1,0.30000000000000004,34179.153381347656,4700,1,0.30000000000000004,33665.69334411621,4700,1,0.30000000000000004,38289.44158935547,4700,1,0.30000000000000004,23634666.944854736,400,400,400,400,400,400,4691,400,400,400,4690,400,400,4690,400,400,400,400,4690,4690,400,4690,400,400,100,0,0,0,0,0,0,0,0,0,0,0,0,0,0,0,0,0,0,0,0,0,0,0,66480525312,2147479552,29933006848,0
99,1713877643155,101360.95799255371,4700,1,0.30000000000000004,35557.861557006836,4700,1,0.30000000000000004,92016.77865600586,4700,1,0.30000000000000004,40475.33386230469,4700,1,0.30000000000000004,42114.26698303223,4700,1,0.30000000000000004,39188.63584899902,4700,1,0.30000000000000004,39781.97869873047,4700,1,0.30000000000000004,40526.45753479004,4700,1,0.30000000000000004,35603.871002197266,4700,1,0.30000000000000004,34179.15509033203,4700,1,0.30000000000000004,33665.694915771484,4700,1,0.30000000000000004,38289.44316101074,4700,1,0.30000000000000004,23634670.46168518,400,400,400,400,400,400,4691,400,400,400,4690,400,400,4690,400,400,400,400,4690,4690,400,4690,400,400,100,0,0,0,0,0,0,0,0,0,0,0,0,0,0,0,0,0,0,0,0,0,0,0,66480525312,2147479552,30166798336,0
99,1713877643255,101361.47802734375,4700,1,0.30000000000000004,35557.86312866211,4700,1,0.30000000000000004,92016.78071594238,4700,1,0.30000000000000004,40475.337173461914,4700,1,0.30000000000000004,42114.27015686035,4700,1,0.30000000000000004,39188.6389465332,4700,1,0.30000000000000004,39781.98179626465,4700,1,0.30000000000000004,40526.46060180664,4700,1,0.30000000000000004,35603.88018798828,4700,1,0.30000000000000004,34179.15705871582,4700,1,0.30000000000000004,33665.69648742676,4700,1,0.30000000000000004,38289.444732666016,4700,1,0.30000000000000004,23634674.071273804,400,400,400,400,400,400,4691,400,400,400,4690,400,400,4690,400,400,400,400,4690,4690,400,4690,400,400,100,0,0,0,0,0,0,0,0,0,0,0,0,0,0,0,0,0,0,0,4.761904716491699,0,0,0,66480525312,2147479552,30401105920,0
99,1713877643355,101361.99775695801,4700,1,0.30000000000000004,35557.864685058594,4700,1,0.30000000000000004,92016.78245544434,4700,1,0.30000000000000004,40475.34036254883,4700,1,0.30000000000000004,42114.274810791016,4700,1,0.30000000000000004,39188.64210510254,4700,1,0.30000000000000004,39781.9850769043,4700,1,0.30000000000000004,40526.463806152344,4700,1,0.30000000000000004,35603.89344787598,4700,1,0.30000000000000004,34179.15872192383,4700,1,0.30000000000000004,33665.69874572754,4700,1,0.30000000000000004,38289.4462890625,4700,1,0.30000000000000004,23634677.676757813,400,400,400,400,400,400,4691,400,400,400,4690,400,400,4690,400,400,400,400,4690,4690,400,4690,400,400,100,0,0,0,0,0,0,0,0,0,0,0,0,0,0,0,0,0,0,0,4.761904716491699,0,0,0,66480525312,2147479552,30635413504,0
99,1713877643455,101362.51806640625,4700,1,0.30000000000000004,35557.86633300781,4700,1,0.30000000000000004,92016.78430175781,4700,1,0.30000000000000004,40475.34362792969,4700,1,0.30000000000000004,42114.27798461914,4700,1,0.30000000000000004,39188.64533996582,4700,1,0.30000000000000004,39781.988357543945,4700,1,0.30000000000000004,40526.46690368652,4700,1,0.30000000000000004,35603.90628051758,4700,1,0.30000000000000004,34179.160583496094,4700,1,0.30000000000000004,33665.70036315918,4700,1,0.30000000000000004,38289.4479675293,4700,1,0.30000000000000004,23634681.247543335,400,400,400,400,400,400,4691,400,400,400,4690,400,400,4690,400,400,400,400,4690,4690,400,4690,400,400,100,0,0,0,0,0,0,0,0,0,0,0,0,0,0,0,0,0,0,0,0,0,0,0,66480525312,2147479552,30869204992,0
99,1713877643556,101363.03848266602,4700,1,0.30000000000000004,35557.867904663086,4700,1,0.30000000000000004,92016.78703308105,4700,1,0.30000000000000004,40475.3468170166,4700,1,0.30000000000000004,42114.28108215332,4700,1,0.30000000000000004,39188.6484375,4700,1,0.30000000000000004,39781.991455078125,4700,1,0.30000000000000004,40526.4700012207,4700,1,0.30000000000000004,35603.91874694824,4700,1,0.30000000000000004,34179.16271972656,4700,1,0.30000000000000004,33665.70193481445,4700,1,0.30000000000000004,38289.45066833496,4700,1,0.30000000000000004,23634684.83494568,400,400,400,400,400,400,4691,400,400,400,4690,400,400,4690,400,400,400,400,4690,4690,400,4690,400,400,100,0,0,0,0,0,0,0,0,0,0,0,0,0,0,0,0,0,0,0,0,0,0,0,66480525312,2147479552,31103512576,0
99,1713877643656,101363.55969238281,4700,1,0.30000000000000004,35557.87040710449,4700,1,0.30000000000000004,92016.78907775879,4700,1,0.30000000000000004,40475.350006103516,4700,1,0.30000000000000004,42114.284240722656,4700,1,0.30000000000000004,39188.66053771973,4700,1,0.30000000000000004,39781.99462890625,4700,1,0.30000000000000004,40526.47314453125,4700,1,0.30000000000000004,35603.9347076416,4700,1,0.30000000000000004,34179.164627075195,4700,1,0.30000000000000004,33665.70350646973,4700,1,0.30000000000000004,38289.4522857666,4700,1,0.30000000000000004,23634688.364639282,400,400,400,400,400,400,4691,400,400,400,4690,400,400,4690,400,400,400,400,4690,4690,400,4690,400,400,100,0,0,0,0,0,0,0,0,0,0,0,0,0,0,0,0,0,0,0,0,0,0,0,66480525312,2147479552,31337820160,0
99,1713877643756,101364.07411193848,4700,1,0.30000000000000004,35557.871978759766,4700,1,0.30000000000000004,92016.79237365723,4700,1,0.30000000000000004,40475.353271484375,4700,1,0.30000000000000004,42114.287338256836,4700,1,0.30000000000000004,39188.66369628906,4700,1,0.30000000000000004,39781.9977722168,4700,1,0.30000000000000004,40526.47624206543,4700,1,0.30000000000000004,35603.94966125488,4700,1,0.30000000000000004,34179.166442871094,4700,1,0.30000000000000004,33665.705078125,4700,1,0.30000000000000004,38289.45571899414,4700,1,0.30000000000000004,23634691.9790802,400,400,400,400,400,400,4691,400,400,400,4690,400,400,4690,400,400,400,400,4690,4690,400,4690,400,400,100,0,0,0,0,0,0,0,0,0,0,0,0,0,0,0,0,0,0,0,0,0,0,0,66480525312,2147479552,31571869696,0
99,1713877643856,101364.59349060059,4700,1,0.30000000000000004,35557.87355041504,4700,1,0.30000000000000004,92016.79415893555,4700,1,0.30000000000000004,40475.3564453125,4700,1,0.30000000000000004,42114.29052734375,4700,1,0.30000000000000004,39188.66679382324,4700,1,0.30000000000000004,39782.001037597656,4700,1,0.30000000000000004,40526.47933959961,4700,1,0.30000000000000004,35603.964096069336,4700,1,0.30000000000000004,34179.168197631836,4700,1,0.30000000000000004,33665.70797729492,4700,1,0.30000000000000004,38289.457290649414,4700,1,0.30000000000000004,23634695.596694946,400,400,400,400,400,400,4691,400,400,400,4690,400,400,4690,400,400,400,400,4690,4690,400,4690,400,400,100,0,0,0,0,0,0,0,0,0,0,0,0,0,0,0,0,0,0,0,0,0,0,0,66480525312,2147479552,31805661184,0
99,1713877643956,101365.11337280273,4700,1,0.30000000000000004,35557.87516784668,4700,1,0.30000000000000004,92016.79600524902,4700,1,0.30000000000000004,40475.35975646973,4700,1,0.30000000000000004,42114.294189453125,4700,1,0.30000000000000004,39188.67442321777,4700,1,0.30000000000000004,39782.00468444824,4700,1,0.30000000000000004,40526.48245239258,4700,1,0.30000000000000004,35603.97286987305,4700,1,0.30000000000000004,34179.169998168945,4700,1,0.30000000000000004,33665.70957946777,4700,1,0.30000000000000004,38289.45886230469,4700,1,0.30000000000000004,23634699.22619629,400,400,400,400,400,400,4691,400,400,400,4690,400,400,4690,400,400,400,400,4690,4690,400,4690,400,400,100,0,0,0,0,0,0,0,0,0,0,0,0,0,0,0,0,0,0,0,0,0,0,0,66480525312,2147479552,32039968768,0
99,1713877644056,101365.63346862793,4700,1,0.30000000000000004,35557.876724243164,4700,1,0.30000000000000004,92016.79901123047,4700,1,0.30000000000000004,40475.36317443848,4700,1,0.30000000000000004,42114.29736328125,4700,1,0.30000000000000004,39188.677642822266,4700,1,0.30000000000000004,39782.0078125,4700,1,0.30000000000000004,40526.48556518555,4700,1,0.30000000000000004,35603.986236572266,4700,1,0.30000000000000004,34179.17198181152,4700,1,0.30000000000000004,33665.7112121582,4700,1,0.30000000000000004,38289.46049499512,4700,1,0.30000000000000004,23634702.875961304,400,400,400,400,400,400,4691,400,400,400,4690,400,400,4690,400,400,400,400,4690,4690,400,4690,400,400,100,0,0,0,0,0,0,0,0,0,0,0,0,0,0,0,0,0,0,0,0,0,0,0,66480525312,2147479552,32274276352,0
99,1713877644156,101366.15412902832,4700,1,0.30000000000000004,35557.87829589844,4700,1,0.30000000000000004,92016.80075073242,4700,1,0.30000000000000004,40475.36642456055,4700,1,0.30000000000000004,42114.30046081543,4700,1,0.30000000000000004,39188.680740356445,4700,1,0.30000000000000004,39782.01091003418,4700,1,0.30000000000000004,40526.48866271973,4700,1,0.30000000000000004,35603.99884033203,4700,1,0.30000000000000004,34179.17372131348,4700,1,0.30000000000000004,33665.712799072266,4700,1,0.30000000000000004,38289.46206665039,4700,1,0.30000000000000004,23634706.43008423,400,400,400,400,400,400,4691,400,400,400,4690,400,400,4690,400,400,400,400,4690,4690,400,4690,400,400,100,0,0,0,0,0,0,0,0,0,0,0,0,0,0,0,0,0,0,0,0,0,0,0,66480525312,2147479552,32508067840,0
99,1713877644256,101366.67417907715,4700,1,0.30000000000000004,35557.87986755371,4700,1,0.30000000000000004,92016.80282592773,4700,1,0.30000000000000004,40475.369705200195,4700,1,0.30000000000000004,42114.303619384766,4700,1,0.30000000000000004,39188.683837890625,4700,1,0.30000000000000004,39782.01400756836,4700,1,0.30000000000000004,40526.491775512695,4700,1,0.30000000000000004,35604.01112365723,4700,1,0.30000000000000004,34179.175720214844,4700,1,0.30000000000000004,33665.71437072754,4700,1,0.30000000000000004,38289.463638305664,4700,1,0.30000000000000004,23634710.05290222,400,400,400,400,400,400,4691,400,400,400,4690,400,400,4690,400,400,400,400,4690,4690,400,4690,400,400,100,0,0,0,0,0,0,0,0,0,0,0,0,0,0,0,0,0,0,0,0,0,0,0,66480525312,2147479552,32742375424,0
99,1713877644356,101367.19514465332,4700,1,0.30000000000000004,35557.881439208984,4700,1,0.30000000000000004,92016.80458068848,4700,1,0.30000000000000004,40475.37289428711,4700,1,0.30000000000000004,42114.30792236328,4700,1,0.30000000000000004,39188.68699645996,4700,1,0.30000000000000004,39782.01728820801,4700,1,0.30000000000000004,40526.494873046875,4700,1,0.30000000000000004,35604.02667236328,4700,1,0.30000000000000004,34179.17741394043,4700,1,0.30000000000000004,33665.71612548828,4700,1,0.30000000000000004,38289.46520996094,4700,1,0.30000000000000004,23634713.63935852,400,400,400,400,400,400,4691,400,400,400,4690,400,400,4690,400,400,400,400,4690,4690,400,4690,400,400,100,0,0,0,0,0,0,0,0,0,0,0,0,0,0,0,0,0,0,0,0,0,0,0,66480525312,2147479552,32976166912,0
99,1713877644456,101367.71559143066,4700,1,0.30000000000000004,35557.88301086426,4700,1,0.30000000000000004,92016.80633544922,4700,1,0.30000000000000004,40475.376037597656,4700,1,0.30000000000000004,42114.31101989746,4700,1,0.30000000000000004,39188.6901550293,4700,1,0.30000000000000004,39782.02038574219,4700,1,0.30000000000000004,40526.497985839844,4700,1,0.30000000000000004,35604.0417175293,4700,1,0.30000000000000004,34179.17921447754,4700,1,0.30000000000000004,33665.71774291992,4700,1,0.30000000000000004,38289.46678161621,4700,1,0.30000000000000004,23634717.20150757,400,400,400,400,400,400,4691,400,400,400,4690,400,400,4690,400,400,400,400,4690,4690,400,4690,400,400,100,0,0,0,0,0,0,0,0,0,0,0,0,0,0,0,0,0,0,0,0,0,0,0,66480525312,2147479552,33210474496,0
99,1713877644556,101368.2306060791,4700,1,0.30000000000000004,35557.88458251953,4700,1,0.30000000000000004,92016.80856323242,4700,1,0.30000000000000004,40475.37921142578,4700,1,0.30000000000000004,42114.316467285156,4700,1,0.30000000000000004,39188.6932220459,4700,1,0.30000000000000004,39782.02348327637,4700,1,0.30000000000000004,40526.50108337402,4700,1,0.30000000000000004,35604.05616760254,4700,1,0.30000000000000004,34179.181076049805,4700,1,0.30000000000000004,33665.719314575195,4700,1,0.30000000000000004,38289.46942138672,4700,1,0.30000000000000004,23634720.80682373,400,400,400,400,400,400,4691,400,400,400,4690,400,400,4690,400,400,400,400,4690,4690,400,4690,400,400,100,0,0,0,0,0,0,0,0,0,0,0,0,0,0,0,0,0,0,0,0,0,0,0,66480525312,2147479552,33444265984,0
99,1713877644656,101368.81800842285,4700,1,0.30000000000000004,35557.88626098633,4700,1,0.30000000000000004,92016.81037902832,4700,1,0.30000000000000004,40475.38244628906,4700,1,0.30000000000000004,42114.319564819336,4700,1,0.30000000000000004,39188.697982788086,4700,1,0.30000000000000004,39782.027435302734,4700,1,0.30000000000000004,40526.50425720215,4700,1,0.30000000000000004,35604.06935119629,4700,1,0.30000000000000004,34179.183181762695,4700,1,0.30000000000000004,33665.72149658203,4700,1,0.30000000000000004,38289.47105407715,4700,1,0.30000000000000004,23634724.6509552,400,400,400,400,400,400,4691,400,400,400,4690,400,400,4690,400,400,400,400,4690,4690,400,4690,400,400,100,0,0,0,0,0,0,0,0,0,0,0,0,0,0,0,0,0,0,0,0,0,0,0,66480525312,2147479552,31222714368,0
99,1713877644756,101369.41618347168,4700,1,0.30000000000000004,35557.88786315918,4700,1,0.30000000000000004,92016.81268310547,4700,1,0.30000000000000004,40475.38691711426,4700,1,0.30000000000000004,42114.322662353516,4700,1,0.30000000000000004,39188.701080322266,4700,1,0.30000000000000004,39782.030532836914,4700,1,0.30000000000000004,40526.508728027344,4700,1,0.30000000000000004,35604.07752990723,4700,1,0.30000000000000004,34179.18518066406,4700,1,0.30000000000000004,33665.723052978516,4700,1,0.30000000000000004,38289.47261047363,4700,1,0.30000000000000004,23634728.51194763,400,400,400,400,400,400,4691,400,400,400,4690,400,400,4690,400,400,400,400,4690,4690,400,4690,400,400,100,0,0,0,0,0,0,0,0,0,0,0,0,0,0,0,0,0,0,0,0,0,0,0,66480525312,2147479552,28842229760,0
99,1713877644856,101370.01440429688,4700,1,0.30000000000000004,35557.88943481445,4700,1,0.30000000000000004,92016.81443786621,4700,1,0.30000000000000004,40475.39010620117,4700,1,0.30000000000000004,42114.32588195801,4700,1,0.30000000000000004,39188.704177856445,4700,1,0.30000000000000004,39782.03536987305,4700,1,0.30000000000000004,40526.51182556152,4700,1,0.30000000000000004,35604.0899810791,4700,1,0.30000000000000004,34179.18701171875,4700,1,0.30000000000000004,33665.72546386719,4700,1,0.30000000000000004,38289.474182128906,4700,1,0.30000000000000004,23634732.441864014,400,400,400,400,400,400,4691,400,400,400,4690,400,400,4690,400,400,400,400,4690,4690,400,4690,400,400,100,0,0,0,0,0,0,0,0,0,0,0,0,0,0,0,0,0,0,0,0,0,0,0,66480525312,2147479552,26480852992,0
99,1713877644956,101370.61265563965,4700,1,0.30000000000000004,35557.89109802246,4700,1,0.30000000000000004,92016.81622314453,4700,1,0.30000000000000004,40475.39338684082,4700,1,0.30000000000000004,42114.32954406738,4700,1,0.30000000000000004,39188.711181640625,4700,1,0.30000000000000004,39782.03901672363,4700,1,0.30000000000000004,40526.51496887207,4700,1,0.30000000000000004,35604.10235595703,4700,1,0.30000000000000004,34179.18914794922,4700,1,0.30000000000000004,33665.72708129883,4700,1,0.30000000000000004,38289.477630615234,4700,1,0.30000000000000004,23634736.388916016,400,400,400,400,400,400,4691,400,400,400,4690,400,400,4690,400,400,400,400,4690,4690,400,4690,400,400,100,0,0,0,0,0,0,0,0,0,0,0,0,0,0,0,0,0,0,0,0,0,0,0,66480525312,2147479552,24112443392,0
99,1713877645056,101371.21098327637,4700,1,0.30000000000000004,35557.892669677734,4700,1,0.30000000000000004,92016.81872558594,4700,1,0.30000000000000004,40475.39669799805,4700,1,0.30000000000000004,42114.33271789551,4700,1,0.30000000000000004,39188.714447021484,4700,1,0.30000000000000004,39782.04211425781,4700,1,0.30000000000000004,40526.51806640625,4700,1,0.30000000000000004,35604.11447143555,4700,1,0.30000000000000004,34179.19122314453,4700,1,0.30000000000000004,33665.7286529541,4700,1,0.30000000000000004,38289.47933959961,4700,1,0.30000000000000004,23634740.29295349,400,400,400,400,400,400,4691,400,400,400,4690,400,400,4690,400,400,400,400,4690,4690,400,4690,400,400,100,0,0,0,0,0,0,0,0,0,0,0,0,0,0,0,0,0,0,0,0,0,0,0,66480525312,2147479552,21728727040,0
99,1713877645156,101371.79347229004,4700,1,0.30000000000000004,35557.89424133301,4700,1,0.30000000000000004,92016.82048034668,4700,1,0.30000000000000004,40475.399841308594,4700,1,0.30000000000000004,42114.33581542969,4700,1,0.30000000000000004,39188.717544555664,4700,1,0.30000000000000004,39782.04521179199,4700,1,0.30000000000000004,40526.52116394043,4700,1,0.30000000000000004,35604.12966918945,4700,1,0.30000000000000004,34179.193267822266,4700,1,0.30000000000000004,33665.730224609375,4700,1,0.30000000000000004,38289.48091125488,4700,1,0.30000000000000004,23634744.247268677,400,400,400,400,400,400,4691,400,400,400,4690,400,400,4690,400,400,400,400,4690,4690,400,4690,400,400,100,0,0,0,0,0,0,0,0,0,0,0,0,0,0,0,0,0,0,0,0,0,0,0,66480525312,2147479552,20562497536,0
99,1713877645256,101372.29661560059,4700,1,0.30000000000000004,35557.89581298828,4700,1,0.30000000000000004,92016.82258605957,4700,1,0.30000000000000004,40475.40299987793,4700,1,0.30000000000000004,42114.33897399902,4700,1,0.30000000000000004,39188.720642089844,4700,1,0.30000000000000004,39782.04830932617,4700,1,0.30000000000000004,40526.52426147461,4700,1,0.30000000000000004,35604.14418029785,4700,1,0.30000000000000004,34179.1953125,4700,1,0.30000000000000004,33665.73179626465,4700,1,0.30000000000000004,38289.482482910156,4700,1,0.30000000000000004,23634748.018692017,400,400,400,400,400,400,4691,400,400,400,4690,400,400,4690,400,400,400,400,4690,4690,400,4690,400,400,100,0,0,0,0,0,0,0,0,0,0,0,0,0,0,0,0,0,0,0,0,0,0,0,66480525312,2147479552,20786999296,0
99,1713877645357,101372.81129455566,4700,1,0.30000000000000004,35557.897384643555,4700,1,0.30000000000000004,92016.82434082031,4700,1,0.30000000000000004,40475.406173706055,4700,1,0.30000000000000004,42114.34248352051,4700,1,0.30000000000000004,39188.7237701416,4700,1,0.30000000000000004,39782.051498413086,4700,1,0.30000000000000004,40526.527435302734,4700,1,0.30000000000000004,35604.158279418945,4700,1,0.30000000000000004,34179.197006225586,4700,1,0.30000000000000004,33665.73487854004,4700,1,0.30000000000000004,38289.48475646973,4700,1,0.30000000000000004,23634751.63597107,400,400,400,400,400,400,4691,400,400,400,4690,400,400,4690,400,400,400,400,4690,4690,400,4690,400,400,100,0,0,0,0,0,0,0,0,0,0,0,0,0,0,0,0,0,0,0,0,0,0,0,66480525312,2147479552,21015113728,0
99,1713877645457,101373.32762145996,4700,1,0.30000000000000004,35557.89895629883,4700,1,0.30000000000000004,92016.82609558105,4700,1,0.30000000000000004,40475.409408569336,4700,1,0.30000000000000004,42114.34567260742,4700,1,0.30000000000000004,39188.726974487305,4700,1,0.30000000000000004,39782.054595947266,4700,1,0.30000000000000004,40526.530532836914,4700,1,0.30000000000000004,35604.16648864746,4700,1,0.30000000000000004,34179.19873046875,4700,1,0.30000000000000004,33665.73648071289,4700,1,0.30000000000000004,38289.486328125,4700,1,0.30000000000000004,23634755.274673462,400,400,400,400,400,400,4691,400,400,400,4690,400,400,4690,400,400,400,400,4690,4690,400,4690,400,400,100,0,0,0,0,0,0,0,0,0,0,0,0,0,0,0,0,0,0,0,0,0,0,0,66480525312,2147479552,21245292544,0
99,1713877645557,101373.8443145752,4700,1,0.30000000000000004,35557.90051269531,4700,1,0.30000000000000004,92016.82861328125,4700,1,0.30000000000000004,40475.41259765625,4700,1,0.30000000000000004,42114.3487701416,4700,1,0.30000000000000004,39188.730072021484,4700,1,0.30000000000000004,39782.057693481445,4700,1,0.30000000000000004,40526.53364562988,4700,1,0.30000000000000004,35604.1794128418,4700,1,0.30000000000000004,34179.20051574707,4700,1,0.30000000000000004,33665.738052368164,4700,1,0.30000000000000004,38289.48908996582,4700,1,0.30000000000000004,23634758.876556396,400,400,400,400,400,400,4691,400,400,400,4690,400,400,4690,400,400,400,400,4690,4690,400,4690,400,400,100,0,0,0,0,0,0,0,0,0,0,0,0,0,0,0,0,0,0,0,0,0,0,0,66480525312,2147479552,21475987456,0
99,1713877645657,101374.3621673584,4700,1,0.30000000000000004,35557.90222167969,4700,1,0.30000000000000004,92016.8305053711,4700,1,0.30000000000000004,40475.41580200195,4700,1,0.30000000000000004,42114.35186767578,4700,1,0.30000000000000004,39188.73783874512,4700,1,0.30000000000000004,39782.060791015625,4700,1,0.30000000000000004,40526.53678894043,4700,1,0.30000000000000004,35604.19145202637,4700,1,0.30000000000000004,34179.202239990234,4700,1,0.30000000000000004,33665.73962402344,4700,1,0.30000000000000004,38289.49069213867,4700,1,0.30000000000000004,23634762.44091797,400,400,400,400,400,400,4691,400,400,400,4690,400,400,4690,400,400,400,400,4690,4690,400,4690,400,400,100,0,0,0,0,0,0,0,0,0,0,0,0,0,0,0,0,0,0,0,0,0,0,0,66480525312,2147479552,21707714560,0
99,1713877645757,101374.88021850586,4700,1,0.30000000000000004,35557.90441894531,4700,1,0.30000000000000004,92016.8327331543,4700,1,0.30000000000000004,40475.41915893555,4700,1,0.30000000000000004,42114.35496520996,4700,1,0.30000000000000004,39188.7409362793,4700,1,0.30000000000000004,39782.06393432617,4700,1,0.30000000000000004,40526.53988647461,4700,1,0.30000000000000004,35604.20309448242,4700,1,0.30000000000000004,34179.20413208008,4700,1,0.30000000000000004,33665.74119567871,4700,1,0.30000000000000004,38289.494079589844,4700,1,0.30000000000000004,23634765.99029541,400,400,400,400,400,400,4691,400,400,400,4690,400,400,4690,400,400,400,400,4690,4690,400,4690,400,400,100,0,0,0,0,0,0,0,0,0,0,0,0,0,0,0,0,0,0,0,0,0,0,0,66480525312,2147479552,21939699712,0
99,1713877645857,101375.39912414551,4700,1,0.30000000000000004,35557.905990600586,4700,1,0.30000000000000004,92016.83448791504,4700,1,0.30000000000000004,40475.42236328125,4700,1,0.30000000000000004,42114.358169555664,4700,1,0.30000000000000004,39188.74403381348,4700,1,0.30000000000000004,39782.067153930664,4700,1,0.30000000000000004,40526.54298400879,4700,1,0.30000000000000004,35604.21806335449,4700,1,0.30000000000000004,34179.20590209961,4700,1,0.30000000000000004,33665.743087768555,4700,1,0.30000000000000004,38289.49565124512,4700,1,0.30000000000000004,23634769.540420532,400,400,400,400,400,400,4691,400,400,400,4690,400,400,4690,400,400,400,400,4690,4690,400,4690,400,400,100,0,0,0,0,0,0,0,0,0,0,0,0,0,0,0,0,0,0,0,0,0,0,0,66480525312,2147479552,22171942912,0
99,1713877645957,101375.91230773926,4700,1,0.30000000000000004,35557.907775878906,4700,1,0.30000000000000004,92016.83624267578,4700,1,0.30000000000000004,40475.425720214844,4700,1,0.30000000000000004,42114.36178588867,4700,1,0.30000000000000004,39188.74740600586,4700,1,0.30000000000000004,39782.07157897949,4700,1,0.30000000000000004,40526.546142578125,4700,1,0.30000000000000004,35604.232498168945,4700,1,0.30000000000000004,34179.20768737793,4700,1,0.30000000000000004,33665.744705200195,4700,1,0.30000000000000004,38289.497314453125,4700,1,0.30000000000000004,23634773.14440918,400,400,400,400,400,400,4691,400,400,400,4690,400,400,4690,400,400,400,400,4690,4690,400,4690,400,400,100,0,0,0,0,0,0,0,0,0,0,0,0,0,0,0,0,0,0,0,0,0,0,0,66480525312,2147479552,22405218304,0
99,1713877646057,101376.43101501465,4700,1,0.30000000000000004,35557.91052246094,4700,1,0.30000000000000004,92016.83854675293,4700,1,0.30000000000000004,40475.429107666016,4700,1,0.30000000000000004,42114.36502075195,4700,1,0.30000000000000004,39188.75064086914,4700,1,0.30000000000000004,39782.080017089844,4700,1,0.30000000000000004,40526.549392700195,4700,1,0.30000000000000004,35604.247634887695,4700,1,0.30000000000000004,34179.20965576172,4700,1,0.30000000000000004,33665.74638366699,4700,1,0.30000000000000004,38289.500061035156,4700,1,0.30000000000000004,23634776.709335327,400,400,400,400,400,400,4691,400,400,400,4690,400,400,4690,400,400,400,400,4690,4690,400,4690,400,400,100,0,0,0,0,0,0,0,0,0,0,0,0,0,0,0,0,0,0,0,0,0,0,0,66480525312,2147479552,22638493696,0
99,1713877646157,101376.95014953613,4700,1,0.30000000000000004,35557.91209411621,4700,1,0.30000000000000004,92016.84030151367,4700,1,0.30000000000000004,40475.43244934082,4700,1,0.30000000000000004,42114.36811828613,4700,1,0.30000000000000004,39188.75373840332,4700,1,0.30000000000000004,39782.083084106445,4700,1,0.30000000000000004,40526.552474975586,4700,1,0.30000000000000004,35604.255920410156,4700,1,0.30000000000000004,34179.21139526367,4700,1,0.30000000000000004,33665.74794006348,4700,1,0.30000000000000004,38289.501693725586,4700,1,0.30000000000000004,23634780.278762817,400,400,400,400,400,400,4691,400,400,400,4690,400,400,4690,400,400,400,400,4690,4690,400,4690,400,400,100,0,0,0,0,0,0,0,0,0,0,0,0,0,0,0,0,0,0,0,0,0,0,0,66480525312,2147479552,22871769088,0
99,1713877646257,101377.46827697754,4700,1,0.30000000000000004,35557.913650512695,4700,1,0.30000000000000004,92016.8423614502,4700,1,0.30000000000000004,40475.43565368652,4700,1,0.30000000000000004,42114.37127685547,4700,1,0.30000000000000004,39188.7568359375,4700,1,0.30000000000000004,39782.086196899414,4700,1,0.30000000000000004,40526.555587768555,4700,1,0.30000000000000004,35604.26834106445,4700,1,0.30000000000000004,34179.21333312988,4700,1,0.30000000000000004,33665.74951171875,4700,1,0.30000000000000004,38289.50325012207,4700,1,0.30000000000000004,23634783.929107666,400,400,400,400,400,400,4691,400,400,400,4690,400,400,4690,400,400,400,400,4690,4690,400,4690,400,400,100,0,0,0,0,0,0,0,0,0,0,0,0,0,0,0,0,0,0,0,0,0,0,0,66480525312,2147479552,23105044480,0
99,1713877646357,101377.98794555664,4700,1,0.30000000000000004,35557.91522216797,4700,1,0.30000000000000004,92016.84411621094,4700,1,0.30000000000000004,40475.43881225586,4700,1,0.30000000000000004,42114.376556396484,4700,1,0.30000000000000004,39188.759994506836,4700,1,0.30000000000000004,39782.09115600586,4700,1,0.30000000000000004,40526.558685302734,4700,1,0.30000000000000004,35604.2804107666,4700,1,0.30000000000000004,34179.21501159668,4700,1,0.30000000000000004,33665.75205993652,4700,1,0.30000000000000004,38289.50483703613,4700,1,0.30000000000000004,23634787.43650818,400,400,400,400,400,400,4691,400,400,400,4690,400,400,4690,400,400,400,400,4690,4690,400,4690,400,400,100,0,0,0,0,0,0,0,0,0,0,0,0,0,0,0,0,0,0,0,0,0,0,0,66480525312,2147479552,23338835968,0
99,1713877646457,101378.50752258301,4700,1,0.30000000000000004,35557.91679382324,4700,1,0.30000000000000004,92016.84587097168,4700,1,0.30000000000000004,40475.44201660156,4700,1,0.30000000000000004,42114.379653930664,4700,1,0.30000000000000004,39188.76315307617,4700,1,0.30000000000000004,39782.094329833984,4700,1,0.30000000000000004,40526.56184387207,4700,1,0.30000000000000004,35604.2918548584,4700,1,0.30000000000000004,34179.21684265137,4700,1,0.30000000000000004,33665.7536315918,4700,1,0.30000000000000004,38289.506408691406,4700,1,0.30000000000000004,23634790.96835327,400,400,400,400,400,400,4691,400,400,400,4690,400,400,4690,400,400,400,400,4690,4690,400,4690,400,400,100,0,0,0,0,0,0,0,0,0,0,0,0,0,0,0,0,0,0,0,0,0,0,0,66480525312,2147479552,23572627456,0
99,1713877646557,101379.02708435059,4700,1,0.30000000000000004,35557.918365478516,4700,1,0.30000000000000004,92016.84796142578,4700,1,0.30000000000000004,40475.4451751709,4700,1,0.30000000000000004,42114.384689331055,4700,1,0.30000000000000004,39188.76625061035,4700,1,0.30000000000000004,39782.097427368164,4700,1,0.30000000000000004,40526.56494140625,4700,1,0.30000000000000004,35604.30697631836,4700,1,0.30000000000000004,34179.21871948242,4700,1,0.30000000000000004,33665.75715637207,4700,1,0.30000000000000004,38289.5090637207,4700,1,0.30000000000000004,23634794.519973755,400,400,400,400,400,400,4691,400,400,400,4690,400,400,4690,400,400,400,400,4690,4690,400,4690,400,400,100,0,0,0,0,0,0,0,0,0,0,0,0,0,0,0,0,0,0,0,0,0,0,0,66480525312,2147479552,23805902848,0
99,1713877646657,101379.54695129395,4700,1,0.30000000000000004,35557.9200592041,4700,1,0.30000000000000004,92016.84976196289,4700,1,0.30000000000000004,40475.44844055176,4700,1,0.30000000000000004,42114.387954711914,4700,1,0.30000000000000004,39188.76934814453,4700,1,0.30000000000000004,39782.100524902344,4700,1,0.30000000000000004,40526.56803894043,4700,1,0.30000000000000004,35604.32144165039,4700,1,0.30000000000000004,34179.2205657959,4700,1,0.30000000000000004,33665.758728027344,4700,1,0.30000000000000004,38289.51063537598,4700,1,0.30000000000000004,23634798.073806763,400,400,400,400,400,400,4691,400,400,400,4690,400,400,4690,400,400,400,400,4690,4690,400,4690,400,400,100,0,0,0,0,0,0,0,0,0,0,0,0,0,0,0,0,0,0,0,0,0,0,0,66480525312,2147479552,24040210432,0
99,1713877646757,101380.06028747559,4700,1,0.30000000000000004,35557.921630859375,4700,1,0.30000000000000004,92016.8519897461,4700,1,0.30000000000000004,40475.45265197754,4700,1,0.30000000000000004,42114.393630981445,4700,1,0.30000000000000004,39188.774826049805,4700,1,0.30000000000000004,39782.10362243652,4700,1,0.30000000000000004,40526.57127380371,4700,1,0.30000000000000004,35604.33532714844,4700,1,0.30000000000000004,34179.22262573242,4700,1,0.30000000000000004,33665.76036071777,4700,1,0.30000000000000004,38289.512268066406,4700,1,0.30000000000000004,23634801.67930603,400,400,400,400,400,400,4691,400,400,400,4690,400,400,4690,400,400,400,400,4690,4690,400,4690,400,400,100,0,0,0,0,0,0,0,0,0,0,0,0,0,0,0,0,0,0,0,0,0,0,0,66480525312,2147479552,24274001920,0
99,1713877646857,101380.57986450195,4700,1,0.30000000000000004,35557.92320251465,4700,1,0.30000000000000004,92016.85374450684,4700,1,0.30000000000000004,40475.45590209961,4700,1,0.30000000000000004,42114.397048950195,4700,1,0.30000000000000004,39188.777923583984,4700,1,0.30000000000000004,39782.10693359375,4700,1,0.30000000000000004,40526.57434082031,4700,1,0.30000000000000004,35604.34875488281,4700,1,0.30000000000000004,34179.2244720459,4700,1,0.30000000000000004,33665.761978149414,4700,1,0.30000000000000004,38289.51383972168,4700,1,0.30000000000000004,23634805.25942993,400,400,400,400,400,400,4691,400,400,400,4690,400,400,4690,400,400,400,400,4690,4690,400,4690,400,400,100,0,0,0,0,0,0,0,0,0,0,0,0,0,0,0,0,0,0,0,0,0,0,0,66480525312,2147479552,24507793408,0
99,1713877646957,101381.09912109375,4700,1,0.30000000000000004,35557.92481994629,4700,1,0.30000000000000004,92016.85548400879,4700,1,0.30000000000000004,40475.459213256836,4700,1,0.30000000000000004,42114.400634765625,4700,1,0.30000000000000004,39188.78143310547,4700,1,0.30000000000000004,39782.118240356445,4700,1,0.30000000000000004,40526.577575683594,4700,1,0.30000000000000004,35604.35609436035,4700,1,0.30000000000000004,34179.22624206543,4700,1,0.30000000000000004,33665.7635345459,4700,1,0.30000000000000004,38289.51728820801,4700,1,0.30000000000000004,23634808.809249878,400,400,400,400,400,400,4691,400,400,400,4690,400,400,4690,400,400,400,400,4690,4690,400,4690,400,400,100,0,0,0,0,0,0,0,0,0,0,0,0,0,0,0,0,0,0,0,0,0,0,0,66480525312,2147479552,24741584896,0
99,1713877647057,101381.61865234375,4700,1,0.30000000000000004,35557.92639160156,4700,1,0.30000000000000004,92016.85789489746,4700,1,0.30000000000000004,40475.46260070801,4700,1,0.30000000000000004,42114.40380859375,4700,1,0.30000000000000004,39188.784744262695,4700,1,0.30000000000000004,39782.121337890625,4700,1,0.30000000000000004,40526.58067321777,4700,1,0.30000000000000004,35604.36811828613,4700,1,0.30000000000000004,34179.22816467285,4700,1,0.30000000000000004,33665.76696777344,4700,1,0.30000000000000004,38289.51890563965,4700,1,0.30000000000000004,23634812.35925293,400,400,400,400,400,400,4691,400,400,400,4690,400,400,4690,400,400,400,400,4690,4690,400,4690,400,400,100,0,0,0,0,0,0,0,0,0,0,0,0,0,0,0,0,0,0,0,0,0,0,0,66480525312,2147479552,24975376384,0
99,1713877647158,101382.13786315918,4700,1,0.30000000000000004,35557.927963256836,4700,1,0.30000000000000004,92016.85968017578,4700,1,0.30000000000000004,40475.46585083008,4700,1,0.30000000000000004,42114.40690612793,4700,1,0.30000000000000004,39188.787841796875,4700,1,0.30000000000000004,39782.124435424805,4700,1,0.30000000000000004,40526.58377075195,4700,1,0.30000000000000004,35604.38133239746,4700,1,0.30000000000000004,34179.22982788086,4700,1,0.30000000000000004,33665.76853942871,4700,1,0.30000000000000004,38289.52072143555,4700,1,0.30000000000000004,23634815.942962646,400,400,400,400,400,400,4691,400,400,400,4690,400,400,4690,400,400,400,400,4690,4690,400,4690,400,400,100,0,0,0,0,0,0,0,0,0,0,0,0,0,0,0,0,0,0,0,0,0,0,0,66480525312,2147479552,25209167872,0
99,1713877647258,101382.65664672852,4700,1,0.30000000000000004,35557.92953491211,4700,1,0.30000000000000004,92016.8617401123,4700,1,0.30000000000000004,40475.46903991699,4700,1,0.30000000000000004,42114.410064697266,4700,1,0.30000000000000004,39188.790939331055,4700,1,0.30000000000000004,39782.127532958984,4700,1,0.30000000000000004,40526.58686828613,4700,1,0.30000000000000004,35604.39472961426,4700,1,0.30000000000000004,34179.23193359375,4700,1,0.30000000000000004,33665.770111083984,4700,1,0.30000000000000004,38289.52229309082,4700,1,0.30000000000000004,23634819.53718567,400,400,400,400,400,400,4691,400,400,400,4690,400,400,4690,400,400,400,400,4690,4690,400,4690,400,400,100,0,0,0,0,0,0,0,0,0,0,0,0,0,0,0,0,0,0,0,0,0,0,0,66480525312,2147479552,25442959360,0
99,1713877647358,101383.17601013184,4700,1,0.30000000000000004,35557.93110656738,4700,1,0.30000000000000004,92016.86349487305,4700,1,0.30000000000000004,40475.472229003906,4700,1,0.30000000000000004,42114.414779663086,4700,1,0.30000000000000004,39188.79409790039,4700,1,0.30000000000000004,39782.13081359863,4700,1,0.30000000000000004,40526.59240722656,4700,1,0.30000000000000004,35604.410873413086,4700,1,0.30000000000000004,34179.2336730957,4700,1,0.30000000000000004,33665.77212524414,4700,1,0.30000000000000004,38289.523864746094,4700,1,0.30000000000000004,23634823.118377686,400,400,400,400,400,400,4691,400,400,400,4690,400,400,4690,400,400,400,400,4690,4690,400,4690,400,400,100,0,0,0,0,0,0,0,0,0,0,0,0,0,0,0,0,0,0,0,0,0,0,0,66480525312,2147479552,25676750848,0
99,1713877647458,101383.68916320801,4700,1,0.30000000000000004,35557.932678222656,4700,1,0.30000000000000004,92016.86524963379,4700,1,0.30000000000000004,40475.47537231445,4700,1,0.30000000000000004,42114.417877197266,4700,1,0.30000000000000004,39188.79725646973,4700,1,0.30000000000000004,39782.13391113281,4700,1,0.30000000000000004,40526.59550476074,4700,1,0.30000000000000004,35604.42677307129,4700,1,0.30000000000000004,34179.235580444336,4700,1,0.30000000000000004,33665.773696899414,4700,1,0.30000000000000004,38289.52543640137,4700,1,0.30000000000000004,23634826.77696228,400,400,400,400,400,400,4691,400,400,400,4690,400,400,4690,400,400,400,400,4690,4690,400,4690,400,400,100,0,0,0,0,0,0,0,0,0,0,0,0,0,0,0,0,0,0,0,0,0,0,0,66480525312,2147479552,25911058432,0
99,1713877647558,101384.20768737793,4700,1,0.30000000000000004,35557.93424987793,4700,1,0.30000000000000004,92016.8674621582,4700,1,0.30000000000000004,40475.478607177734,4700,1,0.30000000000000004,42114.42094421387,4700,1,0.30000000000000004,39188.80032348633,4700,1,0.30000000000000004,39782.13702392578,4700,1,0.30000000000000004,40526.59858703613,4700,1,0.30000000000000004,35604.43699645996,4700,1,0.30000000000000004,34179.23748779297,4700,1,0.30000000000000004,33665.77714538574,4700,1,0.30000000000000004,38289.52803039551,4700,1,0.30000000000000004,23634830.426071167,400,400,400,400,400,400,4691,400,400,400,4690,400,400,4690,400,400,400,400,4690,4690,400,4690,400,400,100,0,0,0,0,0,0,0,0,0,0,0,0,0,0,0,0,0,0,0,0,0,0,0,66480525312,2147479552,26144849920,0
99,1713877647658,101384.72631835938,4700,1,0.30000000000000004,35557.935943603516,4700,1,0.30000000000000004,92016.86926269531,4700,1,0.30000000000000004,40475.48175048828,4700,1,0.30000000000000004,42114.424057006836,4700,1,0.30000000000000004,39188.81205749512,4700,1,0.30000000000000004,39782.14012145996,4700,1,0.30000000000000004,40526.60173034668,4700,1,0.30000000000000004,35604.45153808594,4700,1,0.30000000000000004,34179.239349365234,4700,1,0.30000000000000004,33665.77870178223,4700,1,0.30000000000000004,38289.52958679199,4700,1,0.30000000000000004,23634834.040374756,400,400,400,400,400,400,4691,400,400,400,4690,400,400,4690,400,400,400,400,4690,4690,400,4690,400,400,100,0,0,0,0,0,0,0,0,0,0,0,0,0,0,0,0,0,0,0,0,0,0,0,66480525312,2147479552,26378641408,0
99,1713877647758,101385.24501037598,4700,1,0.30000000000000004,35557.9503326416,4700,1,0.30000000000000004,92016.88307189941,4700,1,0.30000000000000004,40475.50564575195,4700,1,0.30000000000000004,42114.44223022461,4700,1,0.30000000000000004,39188.83036804199,4700,1,0.30000000000000004,39782.160583496094,4700,1,0.30000000000000004,40526.62104797363,4700,1,0.30000000000000004,35604.4794921875,4700,1,0.30000000000000004,34179.25401306152,4700,1,0.30000000000000004,33665.79490661621,4700,1,0.30000000000000004,38289.54423522949,4700,1,0.30000000000000004,23634837.861236572,400,400,400,400,400,400,4691,400,400,400,4690,400,400,4690,400,400,400,400,4690,4690,400,4690,400,400,100,0,0,0,0,0,0,0,0,0,0,0,0,0,0,0,0,0,0,0,0,0,0,0,66480525312,2147479552,26607005696,0
99,1713877647858,101385.76344299316,4700,1,0.30000000000000004,35557.95372009277,4700,1,0.30000000000000004,92016.88761901855,4700,1,0.30000000000000004,40475.51370239258,4700,1,0.30000000000000004,42114.45133972168,4700,1,0.30000000000000004,39188.83625793457,4700,1,0.30000000000000004,39782.16687011719,4700,1,0.30000000000000004,40526.627868652344,4700,1,0.30000000000000004,35604.49479675293,4700,1,0.30000000000000004,34179.25801086426,4700,1,0.30000000000000004,33665.79823303223,4700,1,0.30000000000000004,38289.547424316406,4700,1,0.30000000000000004,23634841.51119995,400,400,400,400,400,400,4691,400,400,400,4690,400,400,4690,400,400,400,400,4690,4690,400,4690,400,400,100,0,0,0,0,0,0,0,0,0,0,0,0,0,0,0,0,0,0,0,0,0,0,0,66480525312,2147479552,26840797184,0
99,1713877647958,101386.28337097168,4700,1,0.30000000000000004,35557.955337524414,4700,1,0.30000000000000004,92016.88949584961,4700,1,0.30000000000000004,40475.5173034668,4700,1,0.30000000000000004,42114.45475769043,4700,1,0.30000000000000004,39188.84329223633,4700,1,0.30000000000000004,39782.17059326172,4700,1,0.30000000000000004,40526.63162231445,4700,1,0.30000000000000004,35604.50814819336,4700,1,0.30000000000000004,34179.25993347168,4700,1,0.30000000000000004,33665.799865722656,4700,1,0.30000000000000004,38289.549072265625,4700,1,0.30000000000000004,23634845.09651184,400,400,400,400,400,400,4691,400,400,400,4690,400,400,4690,400,400,400,400,4690,4690,400,4690,400,400,100,0,0,0,0,0,0,0,0,0,0,0,0,0,0,0,0,0,0,0,0,0,0,0,66480525312,2147479552,27075104768,0
99,1713877648058,101386.80276489258,4700,1,0.30000000000000004,35557.956954956055,4700,1,0.30000000000000004,92016.89212036133,4700,1,0.30000000000000004,40475.52069091797,4700,1,0.30000000000000004,42114.457931518555,4700,1,0.30000000000000004,39188.846603393555,4700,1,0.30000000000000004,39782.1736907959,4700,1,0.30000000000000004,40526.63471984863,4700,1,0.30000000000000004,35604.524810791016,4700,1,0.30000000000000004,34179.26188659668,4700,1,0.30000000000000004,33665.8014831543,4700,1,0.30000000000000004,38289.55076599121,4700,1,0.30000000000000004,23634848.679153442,400,400,400,400,400,400,4691,400,400,400,4690,400,400,4690,400,400,400,400,4690,4690,400,4690,400,400,100,0,0,0,0,0,0,0,0,0,0,0,0,0,0,0,0,0,0,0,0,0,0,0,66480525312,2147479552,27308896256,0
99,1713877648158,101387.31640625,4700,1,0.30000000000000004,35557.95852661133,4700,1,0.30000000000000004,92016.89390563965,4700,1,0.30000000000000004,40475.524002075195,4700,1,0.30000000000000004,42114.461029052734,4700,1,0.30000000000000004,39188.8497467041,4700,1,0.30000000000000004,39782.17678833008,4700,1,0.30000000000000004,40526.6378326416,4700,1,0.30000000000000004,35604.54064941406,4700,1,0.30000000000000004,34179.263671875,4700,1,0.30000000000000004,33665.80305480957,4700,1,0.30000000000000004,38289.552337646484,4700,1,0.30000000000000004,23634852.301132202,400,400,400,400,400,400,4691,400,400,400,4690,400,400,4690,400,400,400,400,4690,4690,400,4690,400,400,100,0,0,0,0,0,0,0,0,0,0,0,0,0,0,0,0,0,0,0,0,0,0,0,66480525312,2147479552,27543203840,0
99,1713877648258,101387.83515930176,4700,1,0.30000000000000004,35557.9600982666,4700,1,0.30000000000000004,92016.89602661133,4700,1,0.30000000000000004,40475.5272064209,4700,1,0.30000000000000004,42114.46415710449,4700,1,0.30000000000000004,39188.85298156738,4700,1,0.30000000000000004,39782.17988586426,4700,1,0.30000000000000004,40526.64099121094,4700,1,0.30000000000000004,35604.55598449707,4700,1,0.30000000000000004,34179.26583862305,4700,1,0.30000000000000004,33665.804626464844,4700,1,0.30000000000000004,38289.55390930176,4700,1,0.30000000000000004,23634855.89102173,400,400,400,400,400,400,4691,400,400,400,4690,400,400,4690,400,400,400,400,4690,4690,400,4690,400,400,100,0,0,0,0,0,0,0,0,0,0,0,0,0,0,0,0,0,0,0,5,0,0,0,66480525312,2147479552,27776995328,0
99,1713877648358,101388.3539276123,4700,1,0.30000000000000004,35557.961669921875,4700,1,0.30000000000000004,92016.89781188965,4700,1,0.30000000000000004,40475.53045654297,4700,1,0.30000000000000004,42114.468338012695,4700,1,0.30000000000000004,39188.85612487793,4700,1,0.30000000000000004,39782.18312072754,4700,1,0.30000000000000004,40526.64405822754,4700,1,0.30000000000000004,35604.56530761719,4700,1,0.30000000000000004,34179.267517089844,4700,1,0.30000000000000004,33665.80790710449,4700,1,0.30000000000000004,38289.556640625,4700,1,0.30000000000000004,23634859.524765015,400,400,400,400,400,400,4691,400,400,400,4690,400,400,4690,400,400,400,400,4690,4690,400,4690,400,400,100,0,0,0,0,0,0,0,0,0,0,0,0,0,0,0,0,0,0,0,5,0,0,0,66480525312,2147479552,28010786816,0
99,1713877648458,101388.87294006348,4700,1,0.30000000000000004,35557.96322631836,4700,1,0.30000000000000004,92016.89959716797,4700,1,0.30000000000000004,40475.53370666504,4700,1,0.30000000000000004,42114.47151184082,4700,1,0.30000000000000004,39188.85942077637,4700,1,0.30000000000000004,39782.1863861084,4700,1,0.30000000000000004,40526.64717102051,4700,1,0.30000000000000004,35604.57946777344,4700,1,0.30000000000000004,34179.269470214844,4700,1,0.30000000000000004,33665.80953979492,4700,1,0.30000000000000004,38289.558349609375,4700,1,0.30000000000000004,23634863.078079224,400,400,400,400,400,400,4691,400,400,400,4690,400,400,4690,400,400,400,400,4690,4690,400,4690,400,400,100,0,0,0,0,0,0,0,0,0,0,0,0,0,0,0,0,0,0,0,4.761904716491699,0,0,0,66480525312,2147479552,28245094400,0
99,1713877648558,101389.39175415039,4700,1,0.30000000000000004,35557.96479797363,4700,1,0.30000000000000004,92016.90211486816,4700,1,0.30000000000000004,40475.53694152832,4700,1,0.30000000000000004,42114.47705078125,4700,1,0.30000000000000004,39188.862564086914,4700,1,0.30000000000000004,39782.18948364258,4700,1,0.30000000000000004,40526.65026855469,4700,1,0.30000000000000004,35604.593200683594,4700,1,0.30000000000000004,34179.27159118652,4700,1,0.30000000000000004,33665.81295776367,4700,1,0.30000000000000004,38289.560943603516,4700,1,0.30000000000000004,23634866.681747437,400,400,400,400,400,400,4691,400,400,400,4690,400,400,4690,400,400,400,400,4690,4690,400,4690,400,400,100,0,0,0,0,0,0,0,0,0,0,0,0,0,0,0,0,0,0,0,4.761904716491699,0,0,0,66480525312,2147479552,28478885888,0
99,1713877648658,101389.91006469727,4700,1,0.30000000000000004,35557.96647644043,4700,1,0.30000000000000004,92016.90394592285,4700,1,0.30000000000000004,40475.54019165039,4700,1,0.30000000000000004,42114.480209350586,4700,1,0.30000000000000004,39188.86575317383,4700,1,0.30000000000000004,39782.19258117676,4700,1,0.30000000000000004,40526.65336608887,4700,1,0.30000000000000004,35604.60729980469,4700,1,0.30000000000000004,34179.273681640625,4700,1,0.30000000000000004,33665.814529418945,4700,1,0.30000000000000004,38289.56251525879,4700,1,0.30000000000000004,23634870.28817749,400,400,400,400,400,400,4691,400,400,400,4690,400,400,4690,400,400,400,400,4690,4690,400,4690,400,400,100,0,0,0,0,0,0,0,0,0,0,0,0,0,0,0,0,0,0,0,4.761904716491699,0,0,0,66480525312,2147479552,28712677376,0
99,1713877648758,101390.42947387695,4700,1,0.29374999999999996,35557.96809387207,4700,1,0.30000000000000004,92016.90608215332,4700,1,0.30000000000000004,40475.54412841797,4700,1,0.30000000000000004,42114.483306884766,4700,1,0.30000000000000004,39188.868896484375,4700,1,0.30000000000000004,39782.19567871094,4700,1,0.30000000000000004,40526.657943725586,4700,1,0.30000000000000004,35604.624099731445,4700,1,0.30000000000000004,34179.275619506836,4700,1,0.30000000000000004,33665.817932128906,4700,1,0.30000000000000004,38289.56408691406,4700,1,0.30000000000000004,23634873.867660522,400,400,400,400,400,400,4691,400,400,400,4690,400,400,4690,400,400,400,400,4690,4690,400,4690,400,400,100,0,0,0,0,0,0,0,0,0,0,0,0,0,0,0,0,0,0,0,4.761904716491699,0,0,0,66480525312,2147479552,28946882560,0
99,1713877648859,101390.9479675293,4700,1,0.30000000000000004,35557.969665527344,4700,1,0.30000000000000004,92016.90788269043,4700,1,0.30000000000000004,40475.54751586914,4700,1,0.30000000000000004,42114.48651123047,4700,1,0.30000000000000004,39188.87203979492,4700,1,0.30000000000000004,39782.19905090332,4700,1,0.30000000000000004,40526.661041259766,4700,1,0.30000000000000004,35604.639739990234,4700,1,0.30000000000000004,34179.277404785156,4700,1,0.30000000000000004,33665.81954956055,4700,1,0.30000000000000004,38289.565658569336,4700,1,0.30000000000000004,23634877.545211792,400,400,400,400,400,400,4691,400,400,400,4690,400,400,4690,400,400,400,400,4690,4690,400,4690,400,400,100,0,0,0,0,0,0,0,0,0,0,0,0,0,0,0,0,0,0,0,5,0,0,0,66480525312,2147479552,29180674048,0
99,1713877648959,101391.46203613281,4700,1,0.30000000000000004,35557.97137451172,4700,1,0.30000000000000004,92016.90968322754,4700,1,0.30000000000000004,40475.5509185791,4700,1,0.30000000000000004,42114.49002075195,4700,1,0.30000000000000004,39188.875579833984,4700,1,0.30000000000000004,39782.20616149902,4700,1,0.30000000000000004,40526.66418457031,4700,1,0.30000000000000004,35604.65478515625,4700,1,0.30000000000000004,34179.27919006348,4700,1,0.30000000000000004,33665.82112121582,4700,1,0.30000000000000004,38289.569107055664,4700,1,0.30000000000000004,23634881.135925293,400,400,400,400,400,400,4691,400,400,400,4690,400,400,4690,400,400,400,400,4690,4690,400,4690,400,400,100,0,0,0,0,0,0,0,0,0,0,0,0,0,0,0,0,0,0,0,5,0,0,0,66480525312,2147479552,29414981632,0
99,1713877649059,101391.98081970215,4700,1,0.30000000000000004,35557.97294616699,4700,1,0.30000000000000004,92016.91226196289,4700,1,0.30000000000000004,40475.5544128418,4700,1,0.30000000000000004,42114.49319458008,4700,1,0.30000000000000004,39188.87890625,4700,1,0.30000000000000004,39782.209228515625,4700,1,0.30000000000000004,40526.667251586914,4700,1,0.30000000000000004,35604.66940307617,4700,1,0.30000000000000004,34179.281005859375,4700,1,0.30000000000000004,33665.824630737305,4700,1,0.30000000000000004,38289.57080078125,4700,1,0.30000000000000004,23634884.78919983,400,400,400,400,400,400,4691,400,400,400,4690,400,400,4690,400,400,400,400,4690,4690,400,4690,400,400,100,0,0,0,0,0,0,0,0,0,0,0,0,0,0,0,0,0,0,0,4.761904716491699,0,0,0,66480525312,2147479552,29649289216,0
99,1713877649159,101392.49966430664,4700,1,0.30000000000000004,35557.97450256348,4700,1,0.30000000000000004,92016.9140625,4700,1,0.30000000000000004,40475.557708740234,4700,1,0.30000000000000004,42114.49647521973,4700,1,0.30000000000000004,39188.882064819336,4700,1,0.30000000000000004,39782.213943481445,4700,1,0.30000000000000004,40526.670349121094,4700,1,0.30000000000000004,35604.678161621094,4700,1,0.30000000000000004,34179.28269958496,4700,1,0.30000000000000004,33665.826232910156,4700,1,0.30000000000000004,38289.57241821289,4700,1,0.30000000000000004,23634888.330108643,400,400,400,400,400,400,4691,400,400,400,4690,400,400,4690,400,400,400,400,4690,4690,400,4690,400,400,100,0,0,0,0,0,0,0,0,0,0,0,0,0,0,0,0,0,0,0,4.761904716491699,0,0,0,66480525312,2147479552,29883080704,0
99,1713877649259,101393.01881408691,4700,1,0.30000000000000004,35557.97607421875,4700,1,0.30000000000000004,92016.91622924805,4700,1,0.30000000000000004,40475.56105041504,4700,1,0.30000000000000004,42114.49961853027,4700,1,0.30000000000000004,39188.88766479492,4700,1,0.30000000000000004,39782.217041015625,4700,1,0.30000000000000004,40526.67344665527,4700,1,0.30000000000000004,35604.691665649414,4700,1,0.30000000000000004,34179.28479003906,4700,1,0.30000000000000004,33665.82781982422,4700,1,0.30000000000000004,38289.57400512695,4700,1,0.30000000000000004,23634891.96836853,400,400,400,400,400,400,4691,400,400,400,4690,400,400,4690,400,400,400,400,4690,4690,400,4690,400,400,100,0,0,0,0,0,0,0,0,0,0,0,0,0,0,0,0,0,0,0,0,0,0,0,66480525312,2147479552,30116872192,0
99,1713877649359,101393.53771972656,4700,1,0.30000000000000004,35557.97764587402,4700,1,0.30000000000000004,92016.9181060791,4700,1,0.30000000000000004,40475.56433105469,4700,1,0.30000000000000004,42114.50311279297,4700,1,0.30000000000000004,39188.89080810547,4700,1,0.30000000000000004,39782.222244262695,4700,1,0.30000000000000004,40526.67654418945,4700,1,0.30000000000000004,35604.70445251465,4700,1,0.30000000000000004,34179.28643798828,4700,1,0.30000000000000004,33665.82987976074,4700,1,0.30000000000000004,38289.57557678223,4700,1,0.30000000000000004,23634895.61116028,400,400,400,400,400,400,4691,400,400,400,4690,400,400,4690,400,400,400,400,4690,4690,400,4690,400,400,100,0,0,0,0,0,0,0,0,0,0,0,0,0,0,0,0,0,0,0,0,0,0,0,66480525312,2147479552,30351179776,0
99,1713877649459,101394.05613708496,4700,1,0.30000000000000004,35557.97927856445,4700,1,0.30000000000000004,92016.919921875,4700,1,0.30000000000000004,40475.56756591797,4700,1,0.30000000000000004,42114.50621032715,4700,1,0.30000000000000004,39188.89401245117,4700,1,0.30000000000000004,39782.225341796875,4700,1,0.30000000000000004,40526.67964172363,4700,1,0.30000000000000004,35604.71641540527,4700,1,0.30000000000000004,34179.28820800781,4700,1,0.30000000000000004,33665.831451416016,4700,1,0.30000000000000004,38289.5771484375,4700,1,0.30000000000000004,23634899.254943848,400,400,400,400,400,400,4691,400,400,400,4690,400,400,4690,400,400,400,400,4690,4690,400,4690,400,400,100,0,0,0,0,0,0,0,0,0,0,0,0,0,0,0,0,0,0,0,5,0,0,0,66480525312,2147479552,30584971264,0
99,1713877649559,101394.57606506348,4700,1,0.30000000000000004,35557.98085021973,4700,1,0.30000000000000004,92016.92221069336,4700,1,0.30000000000000004,40475.570724487305,4700,1,0.30000000000000004,42114.50930786133,4700,1,0.30000000000000004,39188.89715576172,4700,1,0.30000000000000004,39782.228439331055,4700,1,0.30000000000000004,40526.68273925781,4700,1,0.30000000000000004,35604.73220825195,4700,1,0.30000000000000004,34179.290115356445,4700,1,0.30000000000000004,33665.834884643555,4700,1,0.30000000000000004,38289.57969665527,4700,1,0.30000000000000004,23634902.804626465,400,400,400,400,400,400,4691,400,400,400,4690,400,400,4690,400,400,400,400,4690,4690,400,4690,400,400,100,0,0,0,0,0,0,0,0,0,0,0,0,0,0,0,0,0,0,0,5,0,0,0,66480525312,2147479552,30818762752,0
99,1713877649659,101395.09053039551,4700,1,0.30000000000000004,35557.98252868652,4700,1,0.30000000000000004,92016.92404174805,4700,1,0.30000000000000004,40475.5739440918,4700,1,0.30000000000000004,42114.51240539551,4700,1,0.30000000000000004,39188.909759521484,4700,1,0.30000000000000004,39782.231536865234,4700,1,0.30000000000000004,40526.68588256836,4700,1,0.30000000000000004,35604.747314453125,4700,1,0.30000000000000004,34179.291931152344,4700,1,0.30000000000000004,33665.83645629883,4700,1,0.30000000000000004,38289.58126831055,4700,1,0.30000000000000004,23634906.40258789,400,400,400,400,400,400,4691,400,400,400,4690,400,400,4690,400,400,400,400,4690,4690,400,4690,400,400,100,0,0,0,0,0,0,0,0,0,0,0,0,0,0,0,0,0,0,0,4.761904716491699,0,0,0,66480525312,2147479552,31053070336,0
99,1713877649759,101395.60885620117,4700,1,0.30000000000000004,35557.98439025879,4700,1,0.30000000000000004,92016.92617797852,4700,1,0.30000000000000004,40475.57731628418,4700,1,0.30000000000000004,42114.515533447266,4700,1,0.30000000000000004,39188.912826538086,4700,1,0.30000000000000004,39782.2346496582,4700,1,0.30000000000000004,40526.68894958496,4700,1,0.30000000000000004,35604.75665283203,4700,1,0.30000000000000004,34179.293884277344,4700,1,0.30000000000000004,33665.8380279541,4700,1,0.30000000000000004,38289.58474731445,4700,1,0.30000000000000004,23634910.066604614,400,400,400,400,400,400,4691,400,400,400,4690,400,400,4690,400,400,400,400,4690,4690,400,4690,400,400,100,0,0,0,0,0,0,0,0,0,0,0,0,0,0,0,0,0,0,0,4.761904716491699,0,0,0,66480525312,2147479552,31286861824,0
99,1713877649859,101396.12805175781,4700,1,0.30000000000000004,35557.98596191406,4700,1,0.30000000000000004,92016.92797851563,4700,1,0.30000000000000004,40475.58067321777,4700,1,0.30000000000000004,42114.518630981445,4700,1,0.30000000000000004,39188.915939331055,4700,1,0.30000000000000004,39782.23789978027,4700,1,0.30000000000000004,40526.69204711914,4700,1,0.30000000000000004,35604.77029418945,4700,1,0.30000000000000004,34179.295654296875,4700,1,0.30000000000000004,33665.840087890625,4700,1,0.30000000000000004,38289.58630371094,4700,1,0.30000000000000004,23634913.70133972,400,400,400,400,400,400,4691,400,400,400,4690,400,400,4690,400,400,400,400,4690,4690,400,4690,400,400,100,0,0,0,0,0,0,0,0,0,0,0,0,0,0,0,0,0,0,0,4.761904716491699,0,0,0,66480525312,2147479552,31521169408,0
99,1713877649959,101396.64736938477,4700,1,0.30000000000000004,35557.987716674805,4700,1,0.30000000000000004,92016.9298248291,4700,1,0.30000000000000004,40475.58403015137,4700,1,0.30000000000000004,42114.52210998535,4700,1,0.30000000000000004,39188.91929626465,4700,1,0.30000000000000004,39782.24223327637,4700,1,0.30000000000000004,40526.69520568848,4700,1,0.30000000000000004,35604.78323364258,4700,1,0.30000000000000004,34179.29739379883,4700,1,0.30000000000000004,33665.8416595459,4700,1,0.30000000000000004,38289.58787536621,4700,1,0.30000000000000004,23634917.257369995,400,400,400,400,400,400,4691,400,400,400,4690,400,400,4690,400,400,400,400,4690,4690,400,4690,400,400,100,0,0,0,0,0,0,0,0,0,0,0,0,0,0,0,0,0,0,0,4.761904716491699,0,0,0,66480525312,2147479552,31754960896,0
99,1713877650059,101397.16621398926,4700,1,0.30000000000000004,35557.99378967285,4700,1,0.30000000000000004,92016.93240356445,4700,1,0.30000000000000004,40475.58744812012,4700,1,0.30000000000000004,42114.52537536621,4700,1,0.30000000000000004,39188.92256164551,4700,1,0.30000000000000004,39782.25051879883,4700,1,0.30000000000000004,40526.69842529297,4700,1,0.30000000000000004,35604.796325683594,4700,1,0.30000000000000004,34179.299392700195,4700,1,0.30000000000000004,33665.844329833984,4700,1,0.30000000000000004,38289.590560913086,4700,1,0.30000000000000004,23634920.87475586,400,400,400,400,400,400,4691,400,400,400,4690,400,400,4690,400,400,400,400,4690,4690,400,4690,400,400,100,0,0,0,0,0,0,0,0,0,0,0,0,0,0,0,0,0,0,0,5,0,0,0,66480525312,2147479552,31988752384,0
99,1713877650159,101397.68559265137,4700,1,0.30000000000000004,35557.995361328125,4700,1,0.30000000000000004,92016.93420410156,4700,1,0.30000000000000004,40475.590744018555,4700,1,0.30000000000000004,42114.52847290039,4700,1,0.30000000000000004,39188.92565917969,4700,1,0.30000000000000004,39782.25361633301,4700,1,0.30000000000000004,40526.70152282715,4700,1,0.30000000000000004,35604.80848693848,4700,1,0.30000000000000004,34179.3010559082,4700,1,0.30000000000000004,33665.84590148926,4700,1,0.30000000000000004,38289.59213256836,4700,1,0.30000000000000004,23634924.4611969,400,400,400,400,400,400,4691,400,400,400,4690,400,400,4690,400,400,400,400,4690,4690,400,4690,400,400,100,0,0,0,0,0,0,0,0,0,0,0,0,0,0,0,0,0,0,0,5,0,0,0,66480525312,2147479552,32222543872,0
99,1713877650259,101398.20436096191,4700,1,0.30000000000000004,35557.9969329834,4700,1,0.30000000000000004,92016.93632507324,4700,1,0.30000000000000004,40475.59394836426,4700,1,0.30000000000000004,42114.53163146973,4700,1,0.30000000000000004,39188.92881774902,4700,1,0.30000000000000004,39782.25671386719,4700,1,0.30000000000000004,40526.70462036133,4700,1,0.30000000000000004,35604.82405090332,4700,1,0.30000000000000004,34179.30308532715,4700,1,0.30000000000000004,33665.84747314453,4700,1,0.30000000000000004,38289.59370422363,4700,1,0.30000000000000004,23634928.120651245,400,400,400,400,400,400,4691,400,400,400,4690,400,400,4690,400,400,400,400,4690,4690,400,4690,400,400,100,0,0,0,0,0,0,0,0,0,0,0,0,0,0,0,0,0,0,0,0,0,0,0,66480525312,2147479552,32456335360,0
99,1713877650359,101398.71867370605,4700,1,0.30000000000000004,35557.99850463867,4700,1,0.30000000000000004,92016.93811035156,4700,1,0.30000000000000004,40475.597229003906,4700,1,0.30000000000000004,42114.5368347168,4700,1,0.30000000000000004,39188.931884765625,4700,1,0.30000000000000004,39782.26127624512,4700,1,0.30000000000000004,40526.70771789551,4700,1,0.30000000000000004,35604.83918762207,4700,1,0.30000000000000004,34179.304779052734,4700,1,0.30000000000000004,33665.849517822266,4700,1,0.30000000000000004,38289.595291137695,4700,1,0.30000000000000004,23634931.712860107,400,400,400,400,400,400,4691,400,400,400,4690,400,400,4690,400,400,400,400,4690,4690,400,4690,400,400,100,0,0,0,0,0,0,0,0,0,0,0,0,0,0,0,0,0,0,0,0,0,0,0,66480525312,2147479552,32690126848,0
99,1713877650459,101399.23811340332,4700,1,0.30000000000000004,35558.000076293945,4700,1,0.30000000000000004,92016.9398651123,4700,1,0.30000000000000004,40475.60043334961,4700,1,0.30000000000000004,42114.53993225098,4700,1,0.30000000000000004,39188.93504333496,4700,1,0.30000000000000004,39782.26434326172,4700,1,0.30000000000000004,40526.71078491211,4700,1,0.30000000000000004,35604.853515625,4700,1,0.30000000000000004,34179.306549072266,4700,1,0.30000000000000004,33665.85108947754,4700,1,0.30000000000000004,38289.59686279297,4700,1,0.30000000000000004,23634935.326293945,400,400,400,400,400,400,4691,400,400,400,4690,400,400,4690,400,400,400,400,4690,4690,400,4690,400,400,100,0,0,0,0,0,0,0,0,0,0,0,0,0,0,0,0,0,0,0,0,0,0,0,66480525312,2147479552,32924434432,0
99,1713877650559,101399.7576751709,4700,1,0.30000000000000004,35558.00163269043,4700,1,0.30000000000000004,92016.94189453125,4700,1,0.30000000000000004,40475.60362243652,4700,1,0.30000000000000004,42114.54544067383,4700,1,0.30000000000000004,39188.93815612793,4700,1,0.30000000000000004,39782.2674407959,4700,1,0.30000000000000004,40526.71388244629,4700,1,0.30000000000000004,35604.86210632324,4700,1,0.30000000000000004,34179.3083190918,4700,1,0.30000000000000004,33665.85450744629,4700,1,0.30000000000000004,38289.599380493164,4700,1,0.30000000000000004,23634938.89463806,400,400,400,400,400,400,4691,400,400,400,4690,400,400,4690,400,400,400,400,4690,4690,400,4690,400,400,100,0,0,0,0,0,0,0,0,0,0,0,0,0,0,0,0,0,0,0,0,0,0,0,66480525312,2147479552,33157709824,0
99,1713877650659,101400.27680969238,4700,1,0.30000000000000004,35558.003326416016,4700,1,0.30000000000000004,92016.94369506836,4700,1,0.30000000000000004,40475.606872558594,4700,1,0.30000000000000004,42114.54853820801,4700,1,0.30000000000000004,39188.94125366211,4700,1,0.30000000000000004,39782.27053833008,4700,1,0.30000000000000004,40526.71697998047,4700,1,0.30000000000000004,35604.875,4700,1,0.30000000000000004,34179.31018066406,4700,1,0.30000000000000004,33665.85633850098,4700,1,0.30000000000000004,38289.60095214844,4700,1,0.30000000000000004,23634942.516296387,400,400,400,400,400,400,4691,400,400,400,4690,400,400,4690,400,400,400,400,4690,4690,400,4690,400,400,100,0,0,0,0,0,0,0,0,0,0,0,0,0,0,0,0,0,0,0,0,0,0,0,66480525312,2147479552,33392017408,0
99,1713877650760,101400.85070800781,4700,1,0.30000000000000004,35558.00489807129,4700,1,0.30000000000000004,92016.94636535645,4700,1,0.30000000000000004,40475.611907958984,4700,1,0.30000000000000004,42114.554275512695,4700,1,0.30000000000000004,39188.94497680664,4700,1,0.30000000000000004,39782.274810791016,4700,1,0.30000000000000004,40526.7204284668,4700,1,0.30000000000000004,35604.887619018555,4700,1,0.30000000000000004,34179.312591552734,4700,1,0.30000000000000004,33665.85876464844,4700,1,0.30000000000000004,38289.602600097656,4700,1,0.30000000000000004,23634946.30607605,400,400,400,400,400,400,4691,400,400,400,4690,400,400,4690,400,400,400,400,4690,4690,400,4690,400,400,100,0,0,0,0,0,0,0,0,0,0,0,0,0,0,0,0,0,0,0,0,0,0,0,66480525312,2147479552,31663763456,0
99,1713877650860,101401.4486541748,4700,1,0.30000000000000004,35558.00646972656,4700,1,0.30000000000000004,92016.94845581055,4700,1,0.30000000000000004,40475.615142822266,4700,1,0.30000000000000004,42114.558013916016,4700,1,0.30000000000000004,39188.94807434082,4700,1,0.30000000000000004,39782.27812194824,4700,1,0.30000000000000004,40526.72352600098,4700,1,0.30000000000000004,35604.89945983887,4700,1,0.30000000000000004,34179.31443786621,4700,1,0.30000000000000004,33665.860427856445,4700,1,0.30000000000000004,38289.60417175293,4700,1,0.30000000000000004,23634950.152664185,400,400,400,400,400,400,4691,400,400,400,4690,400,400,4690,400,400,400,400,4690,4690,400,4690,400,400,100,0,0,0,0,0,0,0,0,0,0,0,0,0,0,0,0,0,0,0,0,0,0,0,66480525312,2147479552,29311074304,0
99,1713877650960,101402.04615783691,4700,1,0.30000000000000004,35558.00811767578,4700,1,0.30000000000000004,92016.95021057129,4700,1,0.30000000000000004,40475.61848449707,4700,1,0.30000000000000004,42114.563552856445,4700,1,0.30000000000000004,39188.95153808594,4700,1,0.30000000000000004,39782.28178405762,4700,1,0.30000000000000004,40526.72668457031,4700,1,0.30000000000000004,35604.9150390625,4700,1,0.30000000000000004,34179.316345214844,4700,1,0.30000000000000004,33665.86199951172,4700,1,0.30000000000000004,38289.60762023926,4700,1,0.30000000000000004,23634954.037994385,400,400,400,400,400,400,4691,400,400,400,4690,400,400,4690,400,400,400,400,4690,4690,400,4690,400,400,100,0,0,0,0,0,0,0,0,0,0,0,0,0,0,0,0,0,0,0,0,0,0,0,66480525312,2147479552,26927357952,0
99,1713877651060,101402.63795471191,4700,1,0.30000000000000004,35558.009689331055,4700,1,0.30000000000000004,92016.95262145996,4700,1,0.30000000000000004,40475.62174987793,4700,1,0.30000000000000004,42114.56672668457,4700,1,0.30000000000000004,39188.95478820801,4700,1,0.30000000000000004,39782.2848815918,4700,1,0.30000000000000004,40526.72978210449,4700,1,0.30000000000000004,35604.93049621582,4700,1,0.30000000000000004,34179.318450927734,4700,1,0.30000000000000004,33665.86357116699,4700,1,0.30000000000000004,38289.60940551758,4700,1,0.30000000000000004,23634957.877105713,400,400,400,400,400,400,4691,400,400,400,4690,400,400,4690,400,400,400,400,4690,4690,400,4690,400,400,100,0,0,0,0,0,0,0,0,0,0,0,0,0,0,0,0,0,0,0,0,0,0,0,66480525312,2147479552,24553570304,0
99,1713877651160,101403.23606872559,4700,1,0.30000000000000004,35558.01126098633,4700,1,0.30000000000000004,92016.9543762207,4700,1,0.30000000000000004,40475.62489318848,4700,1,0.30000000000000004,42114.56979370117,4700,1,0.30000000000000004,39188.95785522461,4700,1,0.30000000000000004,39782.2879486084,4700,1,0.30000000000000004,40526.732849121094,4700,1,0.30000000000000004,35604.945083618164,4700,1,0.30000000000000004,34179.3203125,4700,1,0.30000000000000004,33665.866943359375,4700,1,0.30000000000000004,38289.61097717285,4700,1,0.30000000000000004,23634961.768554688,400,400,400,400,400,400,4691,400,400,400,4690,400,400,4690,400,400,400,400,4690,4690,400,4690,400,400,100,0,0,0,0,0,0,0,0,0,0,0,0,0,0,0,0,0,0,0,0,0,0,0,66480525312,2147479552,22185574400,0
99,1713877651260,101403.83601379395,4700,1,0.30000000000000004,35558.0128326416,4700,1,0.30000000000000004,92016.95722961426,4700,1,0.30000000000000004,40475.6280670166,4700,1,0.30000000000000004,42114.5729675293,4700,1,0.30000000000000004,39188.961029052734,4700,1,0.30000000000000004,39782.29104614258,4700,1,0.30000000000000004,40526.73594665527,4700,1,0.30000000000000004,35604.95393371582,4700,1,0.30000000000000004,34179.32258605957,4700,1,0.30000000000000004,33665.86849975586,4700,1,0.30000000000000004,38289.612548828125,4700,1,0.30000000000000004,23634965.67828369,400,400,400,400,400,400,4691,400,400,400,4690,400,400,4690,400,400,400,400,4690,4690,400,4690,400,400,100,0,0,0,0,0,0,0,0,0,0,0,0,0,0,0,0,0,0,0,0,0,0,0,66480525312,2147479552,20515409920,0
99,1713877651360,101404.34440612793,4700,1,0.30000000000000004,35558.014389038086,4700,1,0.30000000000000004,92016.95932006836,4700,1,0.30000000000000004,40475.63134765625,4700,1,0.30000000000000004,42114.57766723633,4700,1,0.30000000000000004,39188.964126586914,4700,1,0.30000000000000004,39782.294342041016,4700,1,0.30000000000000004,40526.73905944824,4700,1,0.30000000000000004,35604.96711730957,4700,1,0.30000000000000004,34179.32438659668,4700,1,0.30000000000000004,33665.87055969238,4700,1,0.30000000000000004,38289.61569213867,4700,1,0.30000000000000004,23634969.396987915,400,400,400,400,400,400,4691,400,400,400,4690,400,400,4690,400,400,400,400,4690,4690,400,4690,400,400,100,0,0,0,0,0,0,0,0,0,0,0,0,0,0,0,0,0,0,0,0,0,0,0,66480525312,2147479552,20738879488,0
99,1713877651460,101404.8578338623,4700,1,0.30000000000000004,35558.01597595215,4700,1,0.30000000000000004,92016.96112060547,4700,1,0.30000000000000004,40475.6344909668,4700,1,0.30000000000000004,42114.580825805664,4700,1,0.30000000000000004,39188.969635009766,4700,1,0.30000000000000004,39782.297439575195,4700,1,0.30000000000000004,40526.74215698242,4700,1,0.30000000000000004,35604.97946166992,4700,1,0.30000000000000004,34179.32612609863,4700,1,0.30000000000000004,33665.872131347656,4700,1,0.30000000000000004,38289.617263793945,4700,1,0.30000000000000004,23634972.964004517,400,400,400,400,400,400,4691,400,400,400,4690,400,400,4690,400,400,400,400,4690,4690,400,4690,400,400,100,0,0,0,0,0,0,0,0,0,0,0,0,0,0,0,0,0,0,0,0,0,0,0,66480525312,2147479552,20965961728,0
99,1713877651560,101405.37367248535,4700,1,0.30000000000000004,35558.01754760742,4700,1,0.30000000000000004,92016.97138977051,4700,1,0.30000000000000004,40475.63768005371,4700,1,0.30000000000000004,42114.583923339844,4700,1,0.30000000000000004,39188.972732543945,4700,1,0.30000000000000004,39782.300537109375,4700,1,0.30000000000000004,40526.7452545166,4700,1,0.30000000000000004,35604.9900970459,4700,1,0.30000000000000004,34179.3278503418,4700,1,0.30000000000000004,33665.87471008301,4700,1,0.30000000000000004,38289.619873046875,4700,1,0.30000000000000004,23634976.511566162,400,400,400,400,400,400,4691,400,400,400,4690,400,400,4690,400,400,400,400,4690,4690,400,4690,400,400,100,0,0,0,0,0,0,0,0,0,0,0,0,0,0,0,0,0,0,0,0,0,0,0,66480525312,2147479552,21195624448,0
99,1713877651660,101405.89108276367,4700,1,0.30000000000000004,35558.01924133301,4700,1,0.30000000000000004,92016.9732055664,4700,1,0.30000000000000004,40475.64082336426,4700,1,0.30000000000000004,42114.58702087402,4700,1,0.30000000000000004,39188.97636413574,4700,1,0.30000000000000004,39782.303634643555,4700,1,0.30000000000000004,40526.74842834473,4700,1,0.30000000000000004,35605.00547790527,4700,1,0.30000000000000004,34179.32946777344,4700,1,0.30000000000000004,33665.87632751465,4700,1,0.30000000000000004,38289.62147521973,4700,1,0.30000000000000004,23634980.042099,400,400,400,400,400,400,4691,400,400,400,4690,400,400,4690,400,400,400,400,4690,4690,400,4690,400,400,100,0,0,0,0,0,0,0,0,0,0,0,0,0,0,0,0,0,0,0,0,0,0,0,66480525312,2147479552,21426319360,0
99,1713877651760,101406.40310668945,4700,1,0.30000000000000004,35558.02081298828,4700,1,0.30000000000000004,92016.97550964355,4700,1,0.30000000000000004,40475.64408874512,4700,1,0.30000000000000004,42114.59013366699,4700,1,0.30000000000000004,39188.97946166992,4700,1,0.30000000000000004,39782.31022644043,4700,1,0.30000000000000004,40526.751525878906,4700,1,0.30000000000000004,35605.021560668945,4700,1,0.30000000000000004,34179.33103942871,4700,1,0.30000000000000004,33665.87794494629,4700,1,0.30000000000000004,38289.62498474121,4700,1,0.30000000000000004,23634983.593170166,400,400,400,400,400,400,4691,400,400,400,4690,400,400,4690,400,400,400,400,4690,4690,400,4690,400,400,100,0,0,0,0,0,0,0,0,0,0,0,0,0,0,0,0,0,0,0,0,0,0,0,66480525312,2147479552,21658046464,0
99,1713877651860,101406.92118835449,4700,1,0.30000000000000004,35558.022384643555,4700,1,0.30000000000000004,92016.97732543945,4700,1,0.30000000000000004,40475.64726257324,4700,1,0.30000000000000004,42114.59321594238,4700,1,0.30000000000000004,39188.9825592041,4700,1,0.30000000000000004,39782.31343078613,4700,1,0.30000000000000004,40526.754638671875,4700,1,0.30000000000000004,35605.0361328125,4700,1,0.30000000000000004,34179.332611083984,4700,1,0.30000000000000004,33665.8796081543,4700,1,0.30000000000000004,38289.626556396484,4700,1,0.30000000000000004,23634987.15034485,400,400,400,400,400,400,4691,400,400,400,4690,400,400,4690,400,400,400,400,4690,4690,400,4690,400,400,100,0,0,0,0,0,0,0,0,0,0,0,0,0,0,0,0,0,0,0,0,0,0,0,66480525312,2147479552,21889773568,0
99,1713877651960,101407.43908691406,4700,1,0.30000000000000004,35558.024002075195,4700,1,0.30000000000000004,92016.9790802002,4700,1,0.30000000000000004,40475.65068054199,4700,1,0.30000000000000004,42114.596618652344,4700,1,0.30000000000000004,39188.9871673584,4700,1,0.30000000000000004,39782.31753540039,4700,1,0.30000000000000004,40526.757751464844,4700,1,0.30000000000000004,35605.04489135742,4700,1,0.30000000000000004,34179.33416748047,4700,1,0.30000000000000004,33665.88117980957,4700,1,0.30000000000000004,38289.62812805176,4700,1,0.30000000000000004,23634990.710144043,400,400,400,400,400,400,4691,400,400,400,4690,400,400,4690,400,400,400,400,4690,4690,400,4690,400,400,100,0,0,0,0,0,0,0,0,0,0,0,0,0,0,0,0,0,0,0,0,0,0,0,66480525312,2147479552,22122016768,0
99,1713877652060,101407.95831298828,4700,1,0.30000000000000004,35558.0263671875,4700,1,0.30000000000000004,92016.9815826416,4700,1,0.30000000000000004,40475.65409851074,4700,1,0.30000000000000004,42114.59979248047,4700,1,0.30000000000000004,39188.99058532715,4700,1,0.30000000000000004,39782.321517944336,4700,1,0.30000000000000004,40526.76084899902,4700,1,0.30000000000000004,35605.05905151367,4700,1,0.30000000000000004,34179.33573913574,4700,1,0.30000000000000004,33665.882736206055,4700,1,0.30000000000000004,38289.629943847656,4700,1,0.30000000000000004,23634994.228546143,400,400,400,400,400,400,4691,400,400,400,4690,400,400,4690,400,400,400,400,4690,4690,400,4690,400,400,100,0,0,0,0,0,0,0,0,0,0,0,0,0,0,0,0,0,0,0,0,0,0,0,66480525312,2147479552,22354259968,0
99,1713877652160,101408.47662353516,4700,1,0.30000000000000004,35558.02793884277,4700,1,0.30000000000000004,92016.98329162598,4700,1,0.30000000000000004,40475.65734863281,4700,1,0.30000000000000004,42114.602935791016,4700,1,0.30000000000000004,39188.993728637695,4700,1,0.30000000000000004,39782.324615478516,4700,1,0.30000000000000004,40526.7639465332,4700,1,0.30000000000000004,35605.07148742676,4700,1,0.30000000000000004,34179.337326049805,4700,1,0.30000000000000004,33665.88619995117,4700,1,0.30000000000000004,38289.63151550293,4700,1,0.30000000000000004,23634997.789764404,400,400,400,400,400,400,4691,400,400,400,4690,400,400,4690,400,400,400,400,4690,4690,400,4690,400,400,100,0,0,0,0,0,0,0,0,0,0,0,0,0,0,0,0,0,0,0,0,0,0,0,66480525312,2147479552,22587535360,0
99,1713877652260,101408.99615478516,4700,1,0.30000000000000004,35558.02951049805,4700,1,0.30000000000000004,92016.98541259766,4700,1,0.30000000000000004,40475.66049194336,4700,1,0.30000000000000004,42114.60609436035,4700,1,0.30000000000000004,39188.99690246582,4700,1,0.30000000000000004,39782.327713012695,4700,1,0.30000000000000004,40526.76704406738,4700,1,0.30000000000000004,35605.08557128906,4700,1,0.30000000000000004,34179.33898925781,4700,1,0.30000000000000004,33665.887771606445,4700,1,0.30000000000000004,38289.63313293457,4700,1,0.30000000000000004,23635001.308517456,400,400,400,400,400,400,4691,400,400,400,4690,400,400,4690,400,400,400,400,4690,4690,400,4690,400,400,100,0,0,0,0,0,0,0,0,0,0,0,0,0,0,0,0,0,0,0,0,0,0,0,66480525312,2147479552,22820810752,0
99,1713877652360,101409.51599121094,4700,1,0.30000000000000004,35558.03108215332,4700,1,0.30000000000000004,92016.98719787598,4700,1,0.30000000000000004,40475.663803100586,4700,1,0.30000000000000004,42114.61024475098,4700,1,0.30000000000000004,39189,4700,1,0.30000000000000004,39782.33090209961,4700,1,0.30000000000000004,40526.77014160156,4700,1,0.30000000000000004,35605.09701538086,4700,1,0.30000000000000004,34179.34060668945,4700,1,0.30000000000000004,33665.889587402344,4700,1,0.30000000000000004,38289.634704589844,4700,1,0.30000000000000004,23635004.822860718,400,400,400,400,400,400,4691,400,400,400,4690,400,400,4690,400,400,400,400,4690,4690,400,4690,400,400,100,0,0,0,0,0,0,0,0,0,0,0,0,0,0,0,0,0,0,0,0,0,0,0,66480525312,2147479552,23054086144,0
99,1713877652461,101410.03471374512,4700,1,0.30000000000000004,35558.032653808594,4700,1,0.30000000000000004,92016.98896789551,4700,1,0.30000000000000004,40475.6669921875,4700,1,0.30000000000000004,42114.613342285156,4700,1,0.30000000000000004,39189.00314331055,4700,1,0.30000000000000004,39782.33409118652,4700,1,0.30000000000000004,40526.775634765625,4700,1,0.30000000000000004,35605.11178588867,4700,1,0.30000000000000004,34179.34217834473,4700,1,0.30000000000000004,33665.89115905762,4700,1,0.30000000000000004,38289.63627624512,4700,1,0.30000000000000004,23635008.41645813,400,400,400,400,400,400,4691,400,400,400,4690,400,400,4690,400,400,400,400,4690,4690,400,4690,400,400,100,0,0,0,0,0,0,0,0,0,0,0,0,0,0,0,0,0,0,0,0,0,0,0,66480525312,2147479552,23287361536,0
99,1713877652561,101410.5481262207,4700,1,0.30000000000000004,35558.03422546387,4700,1,0.30000000000000004,92016.99145507813,4700,1,0.30000000000000004,40475.67010498047,4700,1,0.30000000000000004,42114.61640930176,4700,1,0.30000000000000004,39189.00624084473,4700,1,0.30000000000000004,39782.3371887207,4700,1,0.30000000000000004,40526.778732299805,4700,1,0.30000000000000004,35605.12521362305,4700,1,0.30000000000000004,34179.345138549805,4700,1,0.30000000000000004,33665.89273071289,4700,1,0.30000000000000004,38289.638732910156,4700,1,0.30000000000000004,23635012.000213623,400,400,400,400,400,400,4691,400,400,400,4690,400,400,4690,400,400,400,400,4690,4690,400,4690,400,400,100,0,0,0,0,0,0,0,0,0,0,0,0,0,0,0,0,0,0,0,0,0,0,0,66480525312,2147479552,23521153024,0
99,1713877652661,101411.06736755371,4700,1,0.30000000000000004,35558.035903930664,4700,1,0.30000000000000004,92016.99325561523,4700,1,0.30000000000000004,40475.67337036133,4700,1,0.30000000000000004,42114.62194824219,4700,1,0.30000000000000004,39189.00930786133,4700,1,0.30000000000000004,39782.340255737305,4700,1,0.30000000000000004,40526.78184509277,4700,1,0.30000000000000004,35605.13905334473,4700,1,0.30000000000000004,34179.34687805176,4700,1,0.30000000000000004,33665.89610290527,4700,1,0.30000000000000004,38289.64030456543,4700,1,0.30000000000000004,23635015.52897644,400,400,400,400,400,400,4691,400,400,400,4690,400,400,4690,400,400,400,400,4690,4690,400,4690,400,400,100,0,0,0,0,0,0,0,0,0,0,0,0,0,0,0,0,0,0,0,0,0,0,0,66480525312,2147479552,23754428416,0
99,1713877652761,101411.58618164063,4700,1,0.30000000000000004,35558.03787231445,4700,1,0.30000000000000004,92016.99530029297,4700,1,0.30000000000000004,40475.67723083496,4700,1,0.30000000000000004,42114.62504577637,4700,1,0.30000000000000004,39189.01240539551,4700,1,0.30000000000000004,39782.34574890137,4700,1,0.30000000000000004,40526.78645324707,4700,1,0.30000000000000004,35605.14700317383,4700,1,0.30000000000000004,34179.348876953125,4700,1,0.30000000000000004,33665.8977355957,4700,1,0.30000000000000004,38289.641860961914,4700,1,0.30000000000000004,23635019.139526367,400,400,400,400,400,400,4691,400,400,400,4690,400,400,4690,400,400,400,400,4690,4690,400,4690,400,400,100,0,0,0,0,0,0,0,0,0,0,0,0,0,0,0,0,0,0,0,0,0,0,0,66480525312,2147479552,23988477952,0
99,1713877652861,101412.10498046875,4700,1,0.3062499999999999,35558.04441833496,4700,1,0.3062499999999999,92017.00148010254,4700,1,0.3062499999999999,40475.687744140625,4700,1,0.3062499999999999,42114.63447570801,4700,1,0.3062499999999999,39189.02113342285,4700,1,0.3062499999999999,39782.355041503906,4700,1,0.3062499999999999,40526.79626464844,4700,1,0.3062499999999999,35605.16580200195,4700,1,0.3062499999999999,34179.35313415527,4700,1,0.3062499999999999,33665.90092468262,4700,1,0.3062499999999999,38289.648010253906,4700,1,0.3062499999999999,23635022.773605347,400,400,400,400,400,400,4691,400,400,400,4690,400,400,4690,400,400,400,400,4690,4690,400,4690,400,400,100,0,0,0,0,0,0,0,0,0,0,0,0,0,0,0,0,0,0,0,0,0,0,0,66480525312,2147479552,24222269440,0
99,1713877652961,101412.62397766113,4700,1,0.30000000000000004,35558.058334350586,4700,1,0.30000000000000004,92017.0177154541,4700,1,0.30000000000000004,40475.70866394043,4700,1,0.30000000000000004,42114.65167236328,4700,1,0.30000000000000004,39189.038970947266,4700,1,0.30000000000000004,39782.3733215332,4700,1,0.30000000000000004,40526.81237792969,4700,1,0.30000000000000004,35605.18655395508,4700,1,0.30000000000000004,34179.36795043945,4700,1,0.30000000000000004,33665.91296386719,4700,1,0.30000000000000004,38289.66078186035,4700,1,0.30000000000000004,23635026.523880005,400,400,400,400,400,400,4691,400,400,400,4690,400,400,4690,400,400,400,400,4690,4690,400,4690,400,400,100,0,0,0,0,0,0,0,0,0,0,0,0,0,0,0,0,0,0,0,0,0,0,0,66480525312,2147479552,24455544832,0
99,1713877653061,101413.14260864258,4700,1,0.30000000000000004,35558.05990600586,4700,1,0.30000000000000004,92017.01983642578,4700,1,0.30000000000000004,40475.71220397949,4700,1,0.30000000000000004,42114.654846191406,4700,1,0.30000000000000004,39189.042236328125,4700,1,0.30000000000000004,39782.37641906738,4700,1,0.30000000000000004,40526.81547546387,4700,1,0.30000000000000004,35605.1979675293,4700,1,0.30000000000000004,34179.36973571777,4700,1,0.30000000000000004,33665.91453552246,4700,1,0.30000000000000004,38289.662506103516,4700,1,0.30000000000000004,23635030.10935974,400,400,400,400,400,400,4691,400,400,400,4690,400,400,4690,400,400,400,400,4690,4690,400,4690,400,400,100,0,0,0,0,0,0,4.761904716491699,0,0,0,0,0,0,0,0,0,0,0,0,0,0,0,0,66480525312,2147479552,24689852416,0
99,1713877653161,101413.6625213623,4700,1,0.29374999999999996,35558.06172180176,4700,1,0.30000000000000004,92017.02159118652,4700,1,0.30000000000000004,40475.715393066406,4700,1,0.29374999999999996,42114.657943725586,4700,1,0.29374999999999996,39189.04539489746,4700,1,0.30000000000000004,39782.37951660156,4700,1,0.30000000000000004,40526.81857299805,4700,1,0.30000000000000004,35605.213638305664,4700,1,0.30000000000000004,34179.37168884277,4700,1,0.30000000000000004,33665.91827392578,4700,1,0.30000000000000004,38289.6641998291,4700,1,0.30000000000000004,23635033.660491943,400,400,400,400,400,400,4691,400,400,400,4690,400,400,4690,400,400,400,400,4690,4690,400,4690,400,400,100,0,0,0,0,0,0,4.761904716491699,0,0,0,0,0,0,0,0,0,0,0,0,0,0,0,0,66480525312,2147479552,24923127808,0
99,1713877653261,101414.17636108398,4700,1,0.30000000000000004,35558.06329345703,4700,1,0.30000000000000004,92017.02366638184,4700,1,0.30000000000000004,40475.71862792969,4700,1,0.30000000000000004,42114.66110229492,4700,1,0.30000000000000004,39189.04853820801,4700,1,0.30000000000000004,39782.38261413574,4700,1,0.30000000000000004,40526.82167053223,4700,1,0.30000000000000004,35605.228088378906,4700,1,0.30000000000000004,34179.37385559082,4700,1,0.30000000000000004,33665.919982910156,4700,1,0.30000000000000004,38289.665771484375,4700,1,0.30000000000000004,23635037.270263672,400,400,400,400,400,400,4691,400,400,400,4690,400,400,4690,400,400,400,400,4690,4690,400,4690,400,400,100,0,0,0,0,0,0,0,0,0,0,0,0,0,0,0,0,0,0,0,0,0,0,0,66480525312,2147479552,25157435392,0
99,1713877653361,101414.69549560547,4700,1,0.30000000000000004,35558.064865112305,4700,1,0.30000000000000004,92017.02546691895,4700,1,0.30000000000000004,40475.72186279297,4700,1,0.30000000000000004,42114.66467285156,4700,1,0.30000000000000004,39189.051681518555,4700,1,0.30000000000000004,39782.38578796387,4700,1,0.30000000000000004,40526.82473754883,4700,1,0.30000000000000004,35605.2419128418,4700,1,0.30000000000000004,34179.375579833984,4700,1,0.30000000000000004,33665.92205810547,4700,1,0.30000000000000004,38289.66734313965,4700,1,0.30000000000000004,23635040.8598938,400,400,400,400,400,400,4691,400,400,400,4690,400,400,4690,400,400,400,400,4690,4690,400,4690,400,400,100,0,0,0,0,0,0,0,0,0,0,0,0,0,0,0,0,0,0,0,0,0,0,0,66480525312,2147479552,25391226880,0
99,1713877653461,101415.21492004395,4700,1,0.30000000000000004,35558.06643676758,4700,1,0.30000000000000004,92017.02729797363,4700,1,0.30000000000000004,40475.72506713867,4700,1,0.30000000000000004,42114.66786193848,4700,1,0.30000000000000004,39189.057373046875,4700,1,0.30000000000000004,39782.38920593262,4700,1,0.30000000000000004,40526.83023071289,4700,1,0.30000000000000004,35605.24984741211,4700,1,0.30000000000000004,34179.377349853516,4700,1,0.30000000000000004,33665.92361450195,4700,1,0.30000000000000004,38289.66899108887,4700,1,0.30000000000000004,23635044.431884766,400,400,400,400,400,400,4691,400,400,400,4690,400,400,4690,400,400,400,400,4690,4690,400,4690,400,400,100,0,0,0,0,0,0,0,0,0,0,0,0,0,0,0,0,0,0,0,0,0,0,0,66480525312,2147479552,25625018368,0
99,1713877653561,101415.73368835449,4700,1,0.30000000000000004,35558.06799316406,4700,1,0.30000000000000004,92017.02940368652,4700,1,0.30000000000000004,40475.72834777832,4700,1,0.30000000000000004,42114.670959472656,4700,1,0.30000000000000004,39189.06051635742,4700,1,0.30000000000000004,39782.392333984375,4700,1,0.30000000000000004,40526.83332824707,4700,1,0.30000000000000004,35605.26232910156,4700,1,0.30000000000000004,34179.37919616699,4700,1,0.30000000000000004,33665.92518615723,4700,1,0.30000000000000004,38289.67143249512,4700,1,0.30000000000000004,23635048.02255249,400,400,400,400,400,400,4691,400,400,400,4690,400,400,4690,400,400,400,400,4690,4690,400,4690,400,400,100,0,0,0,0,0,0,0,0,0,0,0,0,0,0,0,0,0,0,0,0,0,0,0,66480525312,2147479552,25858809856,0
99,1713877653661,101416.25288391113,4700,1,0.30000000000000004,35558.06970214844,4700,1,0.30000000000000004,92017.03125,4700,1,0.30000000000000004,40475.731536865234,4700,1,0.30000000000000004,42114.67411804199,4700,1,0.30000000000000004,39189.07275390625,4700,1,0.30000000000000004,39782.3955078125,4700,1,0.30000000000000004,40526.83906555176,4700,1,0.30000000000000004,35605.274002075195,4700,1,0.30000000000000004,34179.38081359863,4700,1,0.30000000000000004,33665.92872619629,4700,1,0.30000000000000004,38289.67304992676,4700,1,0.30000000000000004,23635051.65686035,400,400,400,400,400,400,4691,400,400,400,4690,400,400,4690,400,400,400,400,4690,4690,400,4690,400,400,100,0,0,0,0,0,0,0,0,0,0,0,0,0,0,0,0,0,0,0,0,0,0,0,66480525312,2147479552,26092601344,0
99,1713877653761,101416.7720489502,4700,1,0.30000000000000004,35558.07148742676,4700,1,0.30000000000000004,92017.03341674805,4700,1,0.30000000000000004,40475.73481750488,4700,1,0.30000000000000004,42114.67721557617,4700,1,0.30000000000000004,39189.07585144043,4700,1,0.30000000000000004,39782.39865112305,4700,1,0.30000000000000004,40526.842208862305,4700,1,0.30000000000000004,35605.2854309082,4700,1,0.30000000000000004,34179.384201049805,4700,1,0.30000000000000004,33665.93029785156,4700,1,0.30000000000000004,38289.67468261719,4700,1,0.30000000000000004,23635055.222213745,400,400,400,400,400,400,4691,400,400,400,4690,400,400,4690,400,400,400,400,4690,4690,400,4690,400,400,100,0,0,0,0,0,0,0,0,0,0,0,0,0,0,0,0,0,0,0,0,0,0,0,66480525312,2147479552,26326851584,0
99,1713877653861,101417.29112243652,4700,1,0.30000000000000004,35558.07305908203,4700,1,0.30000000000000004,92017.03521728516,4700,1,0.30000000000000004,40475.7380065918,4700,1,0.30000000000000004,42114.68031311035,4700,1,0.30000000000000004,39189.07894897461,4700,1,0.30000000000000004,39782.40174865723,4700,1,0.30000000000000004,40526.845306396484,4700,1,0.30000000000000004,35605.30018615723,4700,1,0.30000000000000004,34179.38577270508,4700,1,0.30000000000000004,33665.931869506836,4700,1,0.30000000000000004,38289.67625427246,4700,1,0.30000000000000004,23635058.784622192,400,400,400,400,400,400,4691,400,400,400,4690,400,400,4690,400,400,400,400,4690,4690,400,4690,400,400,100,0,0,0,0,0,0,0,0,0,0,0,0,0,0,0,0,0,0,0,0,0,0,0,66480525312,2147479552,26561159168,0
99,1713877653961,101417.80368041992,4700,1,0.30000000000000004,35558.07481384277,4700,1,0.30000000000000004,92017.03703308105,4700,1,0.30000000000000004,40475.741470336914,4700,1,0.30000000000000004,42114.68363952637,4700,1,0.30000000000000004,39189.082260131836,4700,1,0.30000000000000004,39782.40737915039,4700,1,0.30000000000000004,40526.84848022461,4700,1,0.30000000000000004,35605.31254577637,4700,1,0.30000000000000004,34179.38739013672,4700,1,0.30000000000000004,33665.9337310791,4700,1,0.30000000000000004,38289.677825927734,4700,1,0.30000000000000004,23635062.524780273,400,400,400,400,400,400,4691,400,400,400,4690,400,400,4690,400,400,400,400,4690,4690,400,4690,400,400,100,0,0,0,0,0,0,0,0,0,0,0,0,0,0,0,0,0,0,0,0,0,0,0,66480525312,2147479552,26794950656,0
99,1713877654061,101418.32347106934,4700,1,0.30000000000000004,35558.07752990723,4700,1,0.30000000000000004,92017.03942871094,4700,1,0.30000000000000004,40475.744888305664,4700,1,0.30000000000000004,42114.68687438965,4700,1,0.30000000000000004,39189.085525512695,4700,1,0.30000000000000004,39782.41703796387,4700,1,0.30000000000000004,40526.853088378906,4700,1,0.30000000000000004,35605.32667541504,4700,1,0.30000000000000004,34179.389068603516,4700,1,0.30000000000000004,33665.9354095459,4700,1,0.30000000000000004,38289.6805267334,4700,1,0.30000000000000004,23635066.08958435,400,400,400,400,400,400,4691,400,400,400,4690,400,400,4690,400,400,400,400,4690,4690,400,4690,400,400,100,0,0,0,0,0,0,0,0,0,0,0,0,0,0,0,0,0,0,0,0,0,0,0,66480525312,2147479552,27028742144,0
99,1713877654161,101418.84364318848,4700,1,0.30000000000000004,35558.0791015625,4700,1,0.30000000000000004,92017.04119873047,4700,1,0.30000000000000004,40475.74809265137,4700,1,0.30000000000000004,42114.690017700195,4700,1,0.30000000000000004,39189.0885925293,4700,1,0.30000000000000004,39782.42010498047,4700,1,0.30000000000000004,40526.85615539551,4700,1,0.30000000000000004,35605.334411621094,4700,1,0.30000000000000004,34179.39067077637,4700,1,0.30000000000000004,33665.93702697754,4700,1,0.30000000000000004,38289.68209838867,4700,1,0.30000000000000004,23635069.650802612,400,400,400,400,400,400,4691,400,400,400,4690,400,400,4690,400,400,400,400,4690,4690,400,4690,400,400,100,0,0,0,0,0,0,0,0,0,0,0,0,0,0,0,0,0,0,0,0,0,0,0,66480525312,2147479552,27262533632,0
99,1713877654262,101419.36346435547,4700,1,0.30000000000000004,35558.080657958984,4700,1,0.30000000000000004,92017.04325866699,4700,1,0.30000000000000004,40475.75131225586,4700,1,0.30000000000000004,42114.69317626953,4700,1,0.30000000000000004,39189.09175109863,4700,1,0.30000000000000004,39782.42321777344,4700,1,0.30000000000000004,40526.85926818848,4700,1,0.30000000000000004,35605.34669494629,4700,1,0.30000000000000004,34179.39259338379,4700,1,0.30000000000000004,33665.93858337402,4700,1,0.30000000000000004,38289.683654785156,4700,1,0.30000000000000004,23635073.26057434,400,400,400,400,400,400,4691,400,400,400,4690,400,400,4690,400,400,400,400,4690,4690,400,4690,400,400,100,0,0,0,0,0,0,0,0,0,0,0,0,0,0,0,0,0,0,0,0,0,0,0,66480525312,2147479552,27496841216,0
99,1713877654362,101419.88343811035,4700,1,0.30000000000000004,35558.08222961426,4700,1,0.30000000000000004,92017.04504394531,4700,1,0.30000000000000004,40475.7546081543,4700,1,0.30000000000000004,42114.69871520996,4700,1,0.30000000000000004,39189.09484863281,4700,1,0.30000000000000004,39782.42631530762,4700,1,0.30000000000000004,40526.862365722656,4700,1,0.30000000000000004,35605.36036682129,4700,1,0.30000000000000004,34179.3943939209,4700,1,0.30000000000000004,33665.9401550293,4700,1,0.30000000000000004,38289.686599731445,4700,1,0.30000000000000004,23635076.801086426,400,400,400,400,400,400,4691,400,400,400,4690,400,400,4690,400,400,400,400,4690,4690,400,4690,400,400,100,0,0,0,0,0,0,0,0,0,0,0,0,0,0,0,0,0,0,0,0,0,0,0,66480525312,2147479552,27730632704,0
99,1713877654462,101420.40309143066,4700,1,0.30000000000000004,35558.08380126953,4700,1,0.30000000000000004,92017.04698181152,4700,1,0.30000000000000004,40475.75802612305,4700,1,0.30000000000000004,42114.7018737793,4700,1,0.30000000000000004,39189.098709106445,4700,1,0.30000000000000004,39782.431076049805,4700,1,0.30000000000000004,40526.865463256836,4700,1,0.30000000000000004,35605.3738861084,4700,1,0.30000000000000004,34179.39630126953,4700,1,0.30000000000000004,33665.94226074219,4700,1,0.30000000000000004,38289.68832397461,4700,1,0.30000000000000004,23635080.401123047,400,400,400,400,400,400,4691,400,400,400,4690,400,400,4690,400,400,400,400,4690,4690,400,4690,400,400,100,0,0,0,0,0,0,0,0,0,0,0,0,0,0,0,0,0,0,0,0,0,0,0,66480525312,2147479552,27964424192,0
99,1713877654562,101420.92211914063,4700,1,0.30000000000000004,35558.085372924805,4700,1,0.30000000000000004,92017.04943847656,4700,1,0.30000000000000004,40475.76121520996,4700,1,0.30000000000000004,42114.70741271973,4700,1,0.30000000000000004,39189.10185241699,4700,1,0.30000000000000004,39782.434173583984,4700,1,0.30000000000000004,40526.868560791016,4700,1,0.30000000000000004,35605.39059448242,4700,1,0.30000000000000004,34179.398178100586,4700,1,0.30000000000000004,33665.94383239746,4700,1,0.30000000000000004,38289.68994140625,4700,1,0.30000000000000004,23635084.045272827,400,400,400,400,400,400,4691,400,400,400,4690,400,400,4690,400,400,400,400,4690,4690,400,4690,400,400,100,0,0,0,0,0,0,0,0,0,0,0,0,0,0,0,0,0,0,0,0,0,0,0,66480525312,2147479552,28198215680,0
99,1713877654662,101421.44088745117,4700,1,0.30000000000000004,35558.0870513916,4700,1,0.30000000000000004,92017.05123901367,4700,1,0.30000000000000004,40475.76445007324,4700,1,0.30000000000000004,42114.71057128906,4700,1,0.30000000000000004,39189.10615539551,4700,1,0.30000000000000004,39782.437271118164,4700,1,0.30000000000000004,40526.871658325195,4700,1,0.30000000000000004,35605.40670776367,4700,1,0.30000000000000004,34179.40005493164,4700,1,0.30000000000000004,33665.9474029541,4700,1,0.30000000000000004,38289.69155883789,4700,1,0.30000000000000004,23635087.698745728,400,400,400,400,400,400,4691,400,400,400,4690,400,400,4690,400,400,400,400,4690,4690,400,4690,400,400,100,0,0,0,0,0,0,0,0,0,0,0,0,0,0,0,0,0,0,0,0,0,0,0,66480525312,2147479552,28432007168,0
99,1713877654762,101421.95498657227,4700,1,0.30000000000000004,35558.088623046875,4700,1,0.30000000000000004,92017.05345153809,4700,1,0.30000000000000004,40475.76843261719,4700,1,0.30000000000000004,42114.71620178223,4700,1,0.30000000000000004,39189.11000061035,4700,1,0.30000000000000004,39782.44038391113,4700,1,0.30000000000000004,40526.8751373291,4700,1,0.30000000000000004,35605.42248535156,4700,1,0.30000000000000004,34179.40214538574,4700,1,0.30000000000000004,33665.948974609375,4700,1,0.30000000000000004,38289.693130493164,4700,1,0.30000000000000004,23635091.3074646,400,400,400,400,400,400,4691,400,400,400,4690,400,400,4690,400,400,400,400,4690,4690,400,4690,400,400,100,0,0,0,0,0,0,0,0,0,0,0,0,0,0,0,0,0,0,0,0,0,0,0,66480525312,2147479552,28666056704,0
99,1713877654862,101422.4737701416,4700,1,0.30000000000000004,35558.09019470215,4700,1,0.30000000000000004,92017.05520629883,4700,1,0.30000000000000004,40475.7716217041,4700,1,0.30000000000000004,42114.71937561035,4700,1,0.30000000000000004,39189.11306762695,4700,1,0.30000000000000004,39782.44355773926,4700,1,0.30000000000000004,40526.87823486328,4700,1,0.30000000000000004,35605.43650817871,4700,1,0.30000000000000004,34179.404205322266,4700,1,0.30000000000000004,33665.95054626465,4700,1,0.30000000000000004,38289.69470214844,4700,1,0.30000000000000004,23635094.947662354,400,400,400,400,400,400,4691,400,400,400,4690,400,400,4690,400,400,400,400,4690,4690,400,4690,400,400,100,0,0,0,0,0,0,0,0,0,0,0,0,0,0,0,0,0,0,0,0,0,0,0,66480525312,2147479552,28899848192,0
99,1713877654962,101422.99269104004,4700,1,0.30000000000000004,35558.091796875,4700,1,0.30000000000000004,92017.0570526123,4700,1,0.30000000000000004,40475.77500915527,4700,1,0.30000000000000004,42114.72267150879,4700,1,0.30000000000000004,39189.11654663086,4700,1,0.30000000000000004,39782.45202636719,4700,1,0.30000000000000004,40526.88136291504,4700,1,0.30000000000000004,35605.44593811035,4700,1,0.30000000000000004,34179.405990600586,4700,1,0.30000000000000004,33665.95259094238,4700,1,0.30000000000000004,38289.69828796387,4700,1,0.30000000000000004,23635098.583465576,400,400,400,400,400,400,4691,400,400,400,4690,400,400,4690,400,400,400,400,4690,4690,400,4690,400,400,100,0,0,0,0,0,0,0,0,0,0,0,0,0,0,0,0,0,0,0,0,0,0,0,66480525312,2147479552,29133639680,0
99,1713877655062,101423.51248168945,4700,1,0.30000000000000004,35558.09336853027,4700,1,0.30000000000000004,92017.05917358398,4700,1,0.30000000000000004,40475.77833557129,4700,1,0.30000000000000004,42114.72622680664,4700,1,0.30000000000000004,39189.1198425293,4700,1,0.30000000000000004,39782.45512390137,4700,1,0.30000000000000004,40526.88446044922,4700,1,0.30000000000000004,35605.45994567871,4700,1,0.30000000000000004,34179.40798950195,4700,1,0.30000000000000004,33665.954162597656,4700,1,0.30000000000000004,38289.70002746582,4700,1,0.30000000000000004,23635102.133911133,400,400,400,400,400,400,4691,400,400,400,4690,400,400,4690,400,400,400,400,4690,4690,400,4690,400,400,100,0,0,0,0,0,0,0,0,0,0,0,0,0,0,0,0,0,0,0,5,0,0,0,66480525312,2147479552,29367431168,0
99,1713877655162,101424.03184509277,4700,1,0.30000000000000004,35558.09494018555,4700,1,0.30000000000000004,92017.06092834473,4700,1,0.30000000000000004,40475.78163146973,4700,1,0.30000000000000004,42114.72932434082,4700,1,0.30000000000000004,39189.12294006348,4700,1,0.30000000000000004,39782.45822143555,4700,1,0.30000000000000004,40526.88757324219,4700,1,0.30000000000000004,35605.47331237793,4700,1,0.30000000000000004,34179.40977478027,4700,1,0.30000000000000004,33665.95573425293,4700,1,0.30000000000000004,38289.701599121094,4700,1,0.30000000000000004,23635105.71066284,400,400,400,400,400,400,4691,400,400,400,4690,400,400,4690,400,400,400,400,4690,4690,400,4690,400,400,100,0,0,0,0,0,0,0,0,0,0,0,0,0,0,0,0,0,0,0,5,0,0,0,66480525312,2147479552,29601222656,0
99,1713877655262,101424.55128479004,4700,1,0.30000000000000004,35558.09657287598,4700,1,0.30000000000000004,92017.06295776367,4700,1,0.30000000000000004,40475.78482055664,4700,1,0.30000000000000004,42114.732482910156,4700,1,0.30000000000000004,39189.12609863281,4700,1,0.30000000000000004,39782.46131896973,4700,1,0.30000000000000004,40526.89067077637,4700,1,0.30000000000000004,35605.48620605469,4700,1,0.30000000000000004,34179.41191101074,4700,1,0.30000000000000004,33665.95750427246,4700,1,0.30000000000000004,38289.70317077637,4700,1,0.30000000000000004,23635109.271224976,400,400,400,400,400,400,4691,400,400,400,4690,400,400,4690,400,400,400,400,4690,4690,400,4690,400,400,100,0,0,0,0,0,0,0,0,0,0,0,0,0,0,0,0,0,0,0,0,0,0,0,66480525312,2147479552,29835014144,0
99,1713877655362,101425.07067871094,4700,1,0.30000000000000004,35558.09814453125,4700,1,0.30000000000000004,92017.06471252441,4700,1,0.30000000000000004,40475.78805541992,4700,1,0.30000000000000004,42114.7373046875,4700,1,0.30000000000000004,39189.12919616699,4700,1,0.30000000000000004,39782.464416503906,4700,1,0.30000000000000004,40526.89376831055,4700,1,0.30000000000000004,35605.50233459473,4700,1,0.30000000000000004,34179.4137878418,4700,1,0.30000000000000004,33665.959075927734,4700,1,0.30000000000000004,38289.704833984375,4700,1,0.30000000000000004,23635112.843811035,400,400,400,400,400,400,4691,400,400,400,4690,400,400,4690,400,400,400,400,4690,4690,400,4690,400,400,100,0,0,0,0,0,0,0,0,0,0,0,0,0,0,0,0,0,0,0,0,0,0,0,66480525312,2147479552,30069321728,0
99,1713877655462,101425.58512878418,4700,1,0.30000000000000004,35558.09977722168,4700,1,0.30000000000000004,92017.06672668457,4700,1,0.30000000000000004,40475.7912902832,4700,1,0.30000000000000004,42114.74040222168,4700,1,0.30000000000000004,39189.13235473633,4700,1,0.30000000000000004,39782.46765136719,4700,1,0.30000000000000004,40526.89686584473,4700,1,0.30000000000000004,35605.5188293457,4700,1,0.30000000000000004,34179.41584777832,4700,1,0.30000000000000004,33665.961349487305,4700,1,0.30000000000000004,38289.706451416016,4700,1,0.30000000000000004,23635116.43699646,400,400,400,400,400,400,4691,400,400,400,4690,400,400,4690,400,400,400,400,4690,4690,400,4690,400,400,100,0,0,0,0,0,0,0,0,0,0,0,0,0,0,0,0,0,0,0,4.761904716491699,0,0,0,66480525312,2147479552,30303113216,0
99,1713877655562,101426.10417175293,4700,1,0.30000000000000004,35558.10134887695,4700,1,0.30000000000000004,92017.06858825684,4700,1,0.30000000000000004,40475.794509887695,4700,1,0.30000000000000004,42114.74346923828,4700,1,0.30000000000000004,39189.13542175293,4700,1,0.30000000000000004,39782.47071838379,4700,1,0.30000000000000004,40526.899963378906,4700,1,0.30000000000000004,35605.53451538086,4700,1,0.30000000000000004,34179.41784667969,4700,1,0.30000000000000004,33665.96292114258,4700,1,0.30000000000000004,38289.70886230469,4700,1,0.30000000000000004,23635120.06968689,400,400,400,400,400,400,4691,400,400,400,4690,400,400,4690,400,400,400,400,4690,4690,400,4690,400,400,100,0,0,0,0,0,0,0,0,0,0,0,0,0,0,0,0,0,0,0,4.761904716491699,0,0,0,66480525312,2147479552,30536904704,0
99,1713877655662,101426.6233215332,4700,1,0.30000000000000004,35558.103515625,4700,1,0.30000000000000004,92017.07038879395,4700,1,0.30000000000000004,40475.808364868164,4700,1,0.30000000000000004,42114.75900268555,4700,1,0.30000000000000004,39189.16098022461,4700,1,0.30000000000000004,39782.48962402344,4700,1,0.30000000000000004,40526.903076171875,4700,1,0.30000000000000004,35605.547790527344,4700,1,0.30000000000000004,34179.419845581055,4700,1,0.30000000000000004,33665.96449279785,4700,1,0.30000000000000004,38289.71862792969,4700,1,0.30000000000000004,23635123.715515137,400,400,400,400,400,400,4691,400,400,400,4690,400,400,4690,400,400,400,400,4690,4690,400,4690,400,400,100,0,0,0,0,0,0,0,0,0,0,0,0,0,0,0,0,0,0,0,5,0,0,0,66480525312,2147479552,30770696192,0
99,1713877655762,101427.14190673828,4700,1,0.30000000000000004,35558.105072021484,4700,1,0.30000000000000004,92017.07252502441,4700,1,0.30000000000000004,40475.81169128418,4700,1,0.30000000000000004,42114.76210021973,4700,1,0.30000000000000004,39189.16407775879,4700,1,0.30000000000000004,39782.49279785156,4700,1,0.30000000000000004,40526.906173706055,4700,1,0.30000000000000004,35605.56164550781,4700,1,0.30000000000000004,34179.421813964844,4700,1,0.30000000000000004,33665.9679107666,4700,1,0.30000000000000004,38289.72206115723,4700,1,0.30000000000000004,23635127.319854736,400,400,400,400,400,400,4691,400,400,400,4690,400,400,4690,400,400,400,400,4690,4690,400,4690,400,400,100,0,0,0,0,0,0,0,0,0,0,0,0,0,0,0,0,0,0,0,5,0,0,0,66480525312,2147479552,31004487680,0
99,1713877655862,101427.66079711914,4700,1,0.30000000000000004,35558.10665893555,4700,1,0.30000000000000004,92017.07441711426,4700,1,0.30000000000000004,40475.81492614746,4700,1,0.30000000000000004,42114.765197753906,4700,1,0.30000000000000004,39189.16717529297,4700,1,0.30000000000000004,39782.49589538574,4700,1,0.30000000000000004,40526.909271240234,4700,1,0.30000000000000004,35605.57554626465,4700,1,0.30000000000000004,34179.42366027832,4700,1,0.30000000000000004,33665.969482421875,4700,1,0.30000000000000004,38289.72364807129,4700,1,0.30000000000000004,23635130.914474487,400,400,400,400,400,400,4691,400,400,400,4690,400,400,4690,400,400,400,400,4690,4690,400,4690,400,400,100,0,0,0,0,0,0,0,0,0,0,0,0,0,0,0,0,0,0,0,4.761904716491699,0,0,0,66480525312,2147479552,31238279168,0
99,1713877655963,101428.17956542969,4700,1,0.30000000000000004,35558.10827636719,4700,1,0.30000000000000004,92017.0763092041,4700,1,0.30000000000000004,40475.81832885742,4700,1,0.30000000000000004,42114.76843261719,4700,1,0.30000000000000004,39189.17491149902,4700,1,0.30000000000000004,39782.50276184082,4700,1,0.30000000000000004,40526.91242980957,4700,1,0.30000000000000004,35605.5885925293,4700,1,0.30000000000000004,34179.42547607422,4700,1,0.30000000000000004,33665.9715423584,4700,1,0.30000000000000004,38289.72523498535,4700,1,0.30000000000000004,23635134.5287323,400,400,400,400,400,400,4691,400,400,400,4690,400,400,4690,400,400,400,400,4690,4690,400,4690,400,400,100,0,0,0,0,0,0,0,0,0,0,0,0,0,0,0,0,0,0,0,4.761904716491699,0,0,0,66480525312,2147479552,31472070656,0
99,1713877656063,101428.69787597656,4700,1,0.30000000000000004,35558.10984802246,4700,1,0.30000000000000004,92017.0783996582,4700,1,0.30000000000000004,40475.821701049805,4700,1,0.30000000000000004,42114.77160644531,4700,1,0.30000000000000004,39189.17822265625,4700,1,0.30000000000000004,39782.505859375,4700,1,0.30000000000000004,40526.91552734375,4700,1,0.30000000000000004,35605.60487365723,4700,1,0.30000000000000004,34179.42744445801,4700,1,0.30000000000000004,33665.97311401367,4700,1,0.30000000000000004,38289.72685241699,4700,1,0.30000000000000004,23635138.131210327,400,400,400,400,400,400,4691,400,400,400,4690,400,400,4690,400,400,400,400,4690,4690,400,4690,400,400,100,0,0,0,0,0,0,0,0,0,0,0,0,0,0,0,0,0,0,0,4.761904716491699,0,0,0,66480525312,2147479552,31706378240,0
99,1713877656163,101429.21075439453,4700,1,0.30000000000000004,35558.111419677734,4700,1,0.30000000000000004,92017.08015441895,4700,1,0.30000000000000004,40475.82499694824,4700,1,0.30000000000000004,42114.77470397949,4700,1,0.30000000000000004,39189.18132019043,4700,1,0.30000000000000004,39782.50895690918,4700,1,0.30000000000000004,40526.91862487793,4700,1,0.30000000000000004,35605.620376586914,4700,1,0.30000000000000004,34179.42915344238,4700,1,0.30000000000000004,33665.974685668945,4700,1,0.30000000000000004,38289.72846984863,4700,1,0.30000000000000004,23635141.762527466,400,400,400,400,400,400,4691,400,400,400,4690,400,400,4690,400,400,400,400,4690,4690,400,4690,400,400,100,0,0,0,0,0,0,0,0,0,0,0,0,0,0,0,0,0,0,0,4.761904716491699,0,0,0,66480525312,2147479552,31940169728,0
99,1713877656263,101429.72903442383,4700,1,0.30000000000000004,35558.11299133301,4700,1,0.30000000000000004,92017.08219909668,4700,1,0.30000000000000004,40475.828216552734,4700,1,0.30000000000000004,42114.77783203125,4700,1,0.30000000000000004,39189.184478759766,4700,1,0.30000000000000004,39782.51205444336,4700,1,0.30000000000000004,40526.92172241211,4700,1,0.30000000000000004,35605.63542175293,4700,1,0.30000000000000004,34179.431243896484,4700,1,0.30000000000000004,33665.978103637695,4700,1,0.30000000000000004,38289.730041503906,4700,1,0.30000000000000004,23635145.395263672,400,400,400,400,400,400,4691,400,400,400,4690,400,400,4690,400,400,400,400,4690,4690,400,4690,400,400,100,0,0,0,0,0,0,0,0,0,0,0,0,0,0,0,0,0,0,0,4.761904716491699,0,0,0,66480525312,2147479552,32173961216,0
99,1713877656363,101430.24752807617,4700,1,0.30000000000000004,35558.11456298828,4700,1,0.30000000000000004,92017.08395385742,4700,1,0.30000000000000004,40475.831466674805,4700,1,0.30000000000000004,42114.78210449219,4700,1,0.30000000000000004,39189.18754577637,4700,1,0.30000000000000004,39782.51512145996,4700,1,0.30000000000000004,40526.9248046875,4700,1,0.30000000000000004,35605.64472961426,4700,1,0.30000000000000004,34179.43295288086,4700,1,0.30000000000000004,33665.97966003418,4700,1,0.30000000000000004,38289.73161315918,4700,1,0.30000000000000004,23635148.99031067,400,400,400,400,400,400,4691,400,400,400,4690,400,400,4690,400,400,400,400,4690,4690,400,4690,400,400,100,0,0,0,0,0,0,0,0,0,0,0,0,0,0,0,0,0,0,0,4.761904716491699,0,0,0,66480525312,2147479552,32407752704,0
99,1713877656463,101430.76699829102,4700,1,0.30000000000000004,35558.116119384766,4700,1,0.30000000000000004,92017.08590698242,4700,1,0.30000000000000004,40475.834732055664,4700,1,0.30000000000000004,42114.78520202637,4700,1,0.30000000000000004,39189.1907043457,4700,1,0.30000000000000004,39782.51843261719,4700,1,0.30000000000000004,40526.92791748047,4700,1,0.30000000000000004,35605.65841674805,4700,1,0.30000000000000004,34179.434799194336,4700,1,0.30000000000000004,33665.9817199707,4700,1,0.30000000000000004,38289.733169555664,4700,1,0.30000000000000004,23635152.572891235,400,400,400,400,400,400,4691,400,400,400,4690,400,400,4690,400,400,400,400,4690,4690,400,4690,400,400,100,0,0,0,0,0,0,0,0,0,0,0,0,0,0,0,0,0,0,0,0,0,0,0,66480525312,2147479552,32642060288,0
99,1713877656563,101431.2865447998,4700,1,0.30000000000000004,35558.11769104004,4700,1,0.30000000000000004,92017.08786010742,4700,1,0.30000000000000004,40475.837966918945,4700,1,0.30000000000000004,42114.78829956055,4700,1,0.30000000000000004,39189.19380187988,4700,1,0.30000000000000004,39782.52153015137,4700,1,0.30000000000000004,40526.93103027344,4700,1,0.30000000000000004,35605.67175292969,4700,1,0.30000000000000004,34179.43672180176,4700,1,0.30000000000000004,33665.983306884766,4700,1,0.30000000000000004,38289.735595703125,4700,1,0.30000000000000004,23635156.083114624,400,400,400,400,400,400,4691,400,400,400,4690,400,400,4690,400,400,400,400,4690,4690,400,4690,400,400,100,0,0,0,0,0,0,0,0,0,0,0,0,0,0,0,0,0,0,0,0,0,0,0,66480525312,2147479552,32875851776,0
99,1713877656663,101431.80592346191,4700,1,0.30000000000000004,35558.119369506836,4700,1,0.30000000000000004,92017.08969116211,4700,1,0.30000000000000004,40475.84111022949,4700,1,0.30000000000000004,42114.79376220703,4700,1,0.30000000000000004,39189.19744873047,4700,1,0.30000000000000004,39782.52462768555,4700,1,0.30000000000000004,40526.93412780762,4700,1,0.30000000000000004,35605.68424987793,4700,1,0.30000000000000004,34179.43859863281,4700,1,0.30000000000000004,33665.98487854004,4700,1,0.30000000000000004,38289.737243652344,4700,1,0.30000000000000004,23635159.69166565,400,400,400,400,400,400,4691,400,400,400,4690,400,400,4690,400,400,400,400,4690,4690,400,4690,400,400,100,0,0,0,0,0,0,0,0,0,0,0,0,0,0,0,0,0,0,0,4.761904716491699,0,0,0,66480525312,2147479552,33109643264,0
99,1713877656763,101432.32437133789,4700,1,0.30000000000000004,35558.12098693848,4700,1,0.30000000000000004,92017.0919342041,4700,1,0.30000000000000004,40475.84451293945,4700,1,0.30000000000000004,42114.79685974121,4700,1,0.30000000000000004,39189.200927734375,4700,1,0.30000000000000004,39782.52780151367,4700,1,0.30000000000000004,40526.93898010254,4700,1,0.30000000000000004,35605.70082092285,4700,1,0.30000000000000004,34179.44046020508,4700,1,0.30000000000000004,33665.988357543945,4700,1,0.30000000000000004,38289.73881530762,4700,1,0.30000000000000004,23635163.330291748,400,400,400,400,400,400,4691,400,400,400,4690,400,400,4690,400,400,400,400,4690,4690,400,4690,400,400,100,0,0,0,0,0,0,0,0,0,0,0,0,0,0,0,0,0,0,0,4.761904716491699,0,0,0,66480525312,2147479552,33343434752,0
99,1713877656863,101432.88049316406,4700,1,0.30000000000000004,35558.12255859375,4700,1,0.30000000000000004,92017.09385681152,4700,1,0.30000000000000004,40475.84780883789,4700,1,0.30000000000000004,42114.79995727539,4700,1,0.30000000000000004,39189.20411682129,4700,1,0.30000000000000004,39782.53184509277,4700,1,0.30000000000000004,40526.9422454834,4700,1,0.30000000000000004,35605.71644592285,4700,1,0.30000000000000004,34179.44242858887,4700,1,0.30000000000000004,33665.989974975586,4700,1,0.30000000000000004,38289.74124145508,4700,1,0.30000000000000004,23635167.037139893,400,400,400,400,400,400,4691,400,400,400,4690,400,400,4690,400,400,400,400,4690,4690,400,4690,400,400,100,0,0,0,0,0,0,0,0,0,0,0,0,0,0,0,0,0,0,0,4.761904716491699,0,0,0,66480525312,2147479552,32173514752,0
99,1713877656963,101433.47570800781,4700,1,0.30000000000000004,35558.12422180176,4700,1,0.30000000000000004,92017.09585571289,4700,1,0.30000000000000004,40475.85108947754,4700,1,0.30000000000000004,42114.80319213867,4700,1,0.30000000000000004,39189.20895385742,4700,1,0.30000000000000004,39782.54086303711,4700,1,0.30000000000000004,40526.945388793945,4700,1,0.30000000000000004,35605.732498168945,4700,1,0.30000000000000004,34179.44468688965,4700,1,0.30000000000000004,33665.991622924805,4700,1,0.30000000000000004,38289.74298095703,4700,1,0.30000000000000004,23635170.928222656,400,400,400,400,400,400,4691,400,400,400,4690,400,400,4690,400,400,400,400,4690,4690,400,4690,400,400,100,0,0,0,0,0,0,0,0,0,0,0,0,0,0,0,0,0,0,0,4.761904716491699,0,0,0,66480525312,2147479552,29831581696,0
99,1713877657063,101434.07704162598,4700,1,0.30000000000000004,35558.12579345703,4700,1,0.30000000000000004,92017.0983581543,4700,1,0.30000000000000004,40475.85447692871,4700,1,0.30000000000000004,42114.8063659668,4700,1,0.30000000000000004,39189.21237182617,4700,1,0.30000000000000004,39782.54393005371,4700,1,0.30000000000000004,40526.948486328125,4700,1,0.30000000000000004,35605.74752807617,4700,1,0.30000000000000004,34179.44676208496,4700,1,0.30000000000000004,33665.99319458008,4700,1,0.30000000000000004,38289.74458312988,4700,1,0.30000000000000004,23635174.781967163,400,400,400,400,400,400,4691,400,400,400,4690,400,400,4690,400,400,400,400,4690,4690,400,4690,400,400,100,0,0,0,0,0,0,0,0,0,0,0,0,0,0,0,0,0,0,0,5,0,0,0,66480525312,2147479552,27447451648,0
99,1713877657163,101434.67784118652,4700,1,0.30000000000000004,35558.127349853516,4700,1,0.30000000000000004,92017.10020446777,4700,1,0.30000000000000004,40475.857666015625,4700,1,0.30000000000000004,42114.80946350098,4700,1,0.30000000000000004,39189.21546936035,4700,1,0.30000000000000004,39782.54702758789,4700,1,0.30000000000000004,40526.95155334473,4700,1,0.30000000000000004,35605.75666809082,4700,1,0.30000000000000004,34179.44883728027,4700,1,0.30000000000000004,33665.99475097656,4700,1,0.30000000000000004,38289.746185302734,4700,1,0.30000000000000004,23635178.65914917,400,400,400,400,400,400,4691,400,400,400,4690,400,400,4690,400,400,400,400,4690,4690,400,4690,400,400,100,0,0,0,0,0,0,0,0,0,0,0,0,0,0,0,0,0,0,0,5,0,0,0,66480525312,2147479552,25084420096,0
99,1713877657263,101435.27880859375,4700,1,0.30000000000000004,35558.12892150879,4700,1,0.30000000000000004,92017.10252380371,4700,1,0.30000000000000004,40475.860900878906,4700,1,0.30000000000000004,42114.81262207031,4700,1,0.30000000000000004,39189.218688964844,4700,1,0.30000000000000004,39782.55012512207,4700,1,0.30000000000000004,40526.95713806152,4700,1,0.30000000000000004,35605.7696685791,4700,1,0.30000000000000004,34179.45095825195,4700,1,0.30000000000000004,33665.99821472168,4700,1,0.30000000000000004,38289.74775695801,4700,1,0.30000000000000004,23635182.443862915,400,400,400,400,400,400,4691,400,400,400,4690,400,400,4690,400,400,400,400,4690,4690,400,4690,400,400,100,0,0,0,0,0,0,0,0,0,0,0,0,0,0,0,0,0,0,0,4.761904716491699,0,0,0,66480525312,2147479552,22721388544,0
99,1713877657363,101435.8798828125,4700,1,0.30000000000000004,35558.13050842285,4700,1,0.30000000000000004,92017.10466003418,4700,1,0.30000000000000004,40475.86408996582,4700,1,0.30000000000000004,42114.816345214844,4700,1,0.30000000000000004,39189.22178649902,4700,1,0.30000000000000004,39782.55322265625,4700,1,0.30000000000000004,40526.9602355957,4700,1,0.30000000000000004,35605.78218078613,4700,1,0.30000000000000004,34179.45277404785,4700,1,0.30000000000000004,33665.99978637695,4700,1,0.30000000000000004,38289.75099182129,4700,1,0.30000000000000004,23635186.322906494,400,400,400,400,400,400,4691,400,400,400,4690,400,400,4690,400,400,400,400,4690,4690,400,4690,400,400,100,0,0,0,0,0,0,0,0,0,0,0,0,0,0,0,0,0,0,0,4.761904716491699,0,0,0,66480525312,2147479552,20531695616,0
99,1713877657463,101436.40934753418,4700,1,0.30000000000000004,35558.132080078125,4700,1,0.30000000000000004,92017.1068572998,4700,1,0.30000000000000004,40475.86735534668,4700,1,0.30000000000000004,42114.81951904297,4700,1,0.30000000000000004,39189.22499084473,4700,1,0.30000000000000004,39782.55645751953,4700,1,0.30000000000000004,40526.96333312988,4700,1,0.30000000000000004,35605.79454040527,4700,1,0.30000000000000004,34179.454818725586,4700,1,0.30000000000000004,33666.001861572266,4700,1,0.30000000000000004,38289.75256347656,4700,1,0.30000000000000004,23635190.06340027,400,400,400,400,400,400,4691,400,400,400,4690,400,400,4690,400,400,400,400,4690,4690,400,4690,400,400,100,0,0,0,0,0,0,0,0,0,0,0,0,0,0,0,0,0,0,0,0,0,0,0,66480525312,2147479552,20688748544,0
99,1713877657563,101436.92134094238,4700,1,0.30000000000000004,35558.1336517334,4700,1,0.30000000000000004,92017.10891723633,4700,1,0.30000000000000004,40475.870513916016,4700,1,0.30000000000000004,42114.82261657715,4700,1,0.30000000000000004,39189.228088378906,4700,1,0.30000000000000004,39782.55955505371,4700,1,0.30000000000000004,40526.96643066406,4700,1,0.30000000000000004,35605.8104095459,4700,1,0.30000000000000004,34179.456802368164,4700,1,0.30000000000000004,33666.00343322754,4700,1,0.30000000000000004,38289.7548828125,4700,1,0.30000000000000004,23635193.68182373,400,400,400,400,400,400,4691,400,400,400,4690,400,400,4690,400,400,400,400,4690,4690,400,4690,400,400,100,0,0,0,0,0,0,0,0,0,0,0,0,0,0,0,0,0,0,0,0,0,0,0,66480525312,2147479552,20915830784,0
99,1713877657663,101437.43148803711,4700,1,0.30000000000000004,35558.135330200195,4700,1,0.30000000000000004,92017.11079406738,4700,1,0.30000000000000004,40475.87371826172,4700,1,0.30000000000000004,42114.82571411133,4700,1,0.30000000000000004,39189.232421875,4700,1,0.30000000000000004,39782.56265258789,4700,1,0.30000000000000004,40526.9695892334,4700,1,0.30000000000000004,35605.825439453125,4700,1,0.30000000000000004,34179.45863342285,4700,1,0.30000000000000004,33666.00500488281,4700,1,0.30000000000000004,38289.75650024414,4700,1,0.30000000000000004,23635197.28630066,400,400,400,400,400,400,4691,400,400,400,4690,400,400,4690,400,400,400,400,4690,4690,400,4690,400,400,100,0,0,0,0,0,0,0,0,0,0,0,0,0,0,0,0,0,0,0,0,0,0,0,66480525312,2147479552,21144977408,0
99,1713877657764,101437.94743347168,4700,1,0.30000000000000004,35558.13708496094,4700,1,0.30000000000000004,92017.11299133301,4700,1,0.30000000000000004,40475.8770904541,4700,1,0.30000000000000004,42114.8288269043,4700,1,0.30000000000000004,39189.2354888916,4700,1,0.30000000000000004,39782.568099975586,4700,1,0.30000000000000004,40526.97265625,4700,1,0.30000000000000004,35605.83973693848,4700,1,0.30000000000000004,34179.460525512695,4700,1,0.30000000000000004,33666.00816345215,4700,1,0.30000000000000004,38289.759994506836,4700,1,0.30000000000000004,23635200.921783447,400,400,400,400,400,400,4691,400,400,400,4690,400,400,4690,400,400,400,400,4690,4690,400,4690,400,400,100,0,0,0,0,0,0,0,0,0,0,0,0,0,0,0,0,0,0,0,0,0,0,0,66480525312,2147479552,21376188416,0
99,1713877657864,101438.46501159668,4700,1,0.30000000000000004,35558.13865661621,4700,1,0.30000000000000004,92017.11483764648,4700,1,0.30000000000000004,40475.88032531738,4700,1,0.30000000000000004,42114.831939697266,4700,1,0.30000000000000004,39189.23858642578,4700,1,0.30000000000000004,39782.571197509766,4700,1,0.30000000000000004,40526.97575378418,4700,1,0.30000000000000004,35605.84846496582,4700,1,0.30000000000000004,34179.46228027344,4700,1,0.30000000000000004,33666.00971984863,4700,1,0.30000000000000004,38289.76156616211,4700,1,0.30000000000000004,23635204.465881348,400,400,400,400,400,400,4691,400,400,400,4690,400,400,4690,400,400,400,400,4690,4690,400,4690,400,400,100,0,0,0,0,0,0,0,0,0,0,0,0,0,0,0,0,0,0,0,0,0,0,0,66480525312,2147479552,21607399424,0
99,1713877657964,101438.9818572998,4700,1,0.30000000000000004,35558.140548706055,4700,1,0.30000000000000004,92017.11689758301,4700,1,0.30000000000000004,40475.883712768555,4700,1,0.30000000000000004,42114.835220336914,4700,1,0.30000000000000004,39189.24465942383,4700,1,0.30000000000000004,39782.578063964844,4700,1,0.30000000000000004,40526.97889709473,4700,1,0.30000000000000004,35605.86183166504,4700,1,0.30000000000000004,34179.464096069336,4700,1,0.30000000000000004,33666.01187133789,4700,1,0.30000000000000004,38289.76322937012,4700,1,0.30000000000000004,23635208.065948486,400,400,400,400,400,400,4691,400,400,400,4690,400,400,4690,400,400,400,400,4690,4690,400,4690,400,400,100,0,0,0,0,0,0,0,0,0,0,0,0,0,0,0,0,0,0,0,0,0,0,0,66480525312,2147479552,21839642624,0
99,1713877658064,101439.5004272461,4700,1,0.30000000000000004,35558.15628051758,4700,1,0.30000000000000004,92017.13636779785,4700,1,0.30000000000000004,40475.910888671875,4700,1,0.30000000000000004,42114.853103637695,4700,1,0.30000000000000004,39189.26150512695,4700,1,0.30000000000000004,39782.601470947266,4700,1,0.30000000000000004,40526.99467468262,4700,1,0.30000000000000004,35605.89051818848,4700,1,0.30000000000000004,34179.47798156738,4700,1,0.30000000000000004,33666.02769470215,4700,1,0.30000000000000004,38289.779693603516,4700,1,0.30000000000000004,23635211.87628174,400,400,400,400,400,400,4691,400,400,400,4690,400,400,4690,400,400,400,400,4690,4690,400,4690,400,400,100,0,0,0,0,4.761904716491699,0,0,0,0,0,0,0,0,0,0,0,0,0,0,0,0,0,0,66480525312,2147479552,22071369728,0
99,1713877658164,101440.01907348633,4700,1,0.30000000000000004,35558.15785217285,4700,1,0.30000000000000004,92017.13816833496,4700,1,0.30000000000000004,40475.914138793945,4700,1,0.30000000000000004,42114.856201171875,4700,1,0.30000000000000004,39189.2646484375,4700,1,0.30000000000000004,39782.604568481445,4700,1,0.30000000000000004,40526.9977722168,4700,1,0.30000000000000004,35605.90278625488,4700,1,0.30000000000000004,34179.47979736328,4700,1,0.30000000000000004,33666.02926635742,4700,1,0.30000000000000004,38289.781311035156,4700,1,0.30000000000000004,23635215.426498413,400,400,400,400,400,400,4691,400,400,400,4690,400,400,4690,400,400,400,400,4690,4690,400,4690,400,400,100,0,0,0,0,4.761904716491699,0,0,0,0,0,0,0,0,0,0,0,0,0,0,0,0,0,0,66480525312,2147479552,22304129024,0
99,1713877658264,101440.53735351563,4700,1,0.30000000000000004,35558.15946960449,4700,1,0.30000000000000004,92017.14050292969,4700,1,0.30000000000000004,40475.91732788086,4700,1,0.30000000000000004,42114.85935974121,4700,1,0.30000000000000004,39189.27507019043,4700,1,0.30000000000000004,39782.607666015625,4700,1,0.30000000000000004,40527.00093078613,4700,1,0.30000000000000004,35605.91831970215,4700,1,0.30000000000000004,34179.481857299805,4700,1,0.30000000000000004,33666.03273010254,4700,1,0.30000000000000004,38289.7829284668,4700,1,0.30000000000000004,23635219.00868225,400,400,400,400,400,400,4691,400,400,400,4690,400,400,4690,400,400,400,400,4690,4690,400,4690,400,400,100,0,0,0,0,0,0,0,0,0,0,0,0,0,0,0,0,0,0,0,0,0,0,0,66480525312,2147479552,22536888320,0
99,1713877658364,101441.05114746094,4700,1,0.30000000000000004,35558.161041259766,4700,1,0.30000000000000004,92017.1423034668,4700,1,0.30000000000000004,40475.92054748535,4700,1,0.30000000000000004,42114.862548828125,4700,1,0.30000000000000004,39189.27827453613,4700,1,0.30000000000000004,39782.610763549805,4700,1,0.30000000000000004,40527.00402832031,4700,1,0.30000000000000004,35605.93330383301,4700,1,0.30000000000000004,34179.48350524902,4700,1,0.30000000000000004,33666.03430175781,4700,1,0.30000000000000004,38289.78450012207,4700,1,0.30000000000000004,23635222.545288086,400,400,400,400,400,400,4691,400,400,400,4690,400,400,4690,400,400,400,400,4690,4690,400,4690,400,400,100,0,0,0,0,0,0,0,0,0,0,0,0,0,0,0,0,0,0,0,0,0,0,0,66480525312,2147479552,22770163712,0
99,1713877658464,101441.57057189941,4700,1,0.30000000000000004,35558.16261291504,4700,1,0.30000000000000004,92017.14431762695,4700,1,0.30000000000000004,40475.9236907959,4700,1,0.30000000000000004,42114.86570739746,4700,1,0.30000000000000004,39189.28157043457,4700,1,0.30000000000000004,39782.61508178711,4700,1,0.30000000000000004,40527.00717163086,4700,1,0.30000000000000004,35605.94938659668,4700,1,0.30000000000000004,34179.48538208008,4700,1,0.30000000000000004,33666.036361694336,4700,1,0.30000000000000004,38289.78614807129,4700,1,0.30000000000000004,23635226.094665527,400,400,400,400,400,400,4691,400,400,400,4690,400,400,4690,400,400,400,400,4690,4690,400,4690,400,400,100,0,0,0,0,0,0,0,0,0,0,0,0,0,0,0,0,0,0,0,0,0,0,0,66480525312,2147479552,23003439104,0
99,1713877658564,101442.0895690918,4700,1,0.30000000000000004,35558.16424560547,4700,1,0.30000000000000004,92017.14666748047,4700,1,0.30000000000000004,40475.9268951416,4700,1,0.30000000000000004,42114.87124633789,4700,1,0.30000000000000004,39189.2854309082,4700,1,0.30000000000000004,39782.61814880371,4700,1,0.30000000000000004,40527.01268005371,4700,1,0.30000000000000004,35605.95846557617,4700,1,0.30000000000000004,34179.487548828125,4700,1,0.30000000000000004,33666.03791809082,4700,1,0.30000000000000004,38289.78855895996,4700,1,0.30000000000000004,23635229.708221436,400,400,400,400,400,400,4691,400,400,400,4690,400,400,4690,400,400,400,400,4690,4690,400,4690,400,400,100,0,0,0,0,0,0,0,0,0,0,0,0,0,0,0,0,0,0,0,0,0,0,0,66480525312,2147479552,23237230592,0
99,1713877658664,101442.609375,4700,1,0.30000000000000004,35558.16589355469,4700,1,0.30000000000000004,92017.14848327637,4700,1,0.30000000000000004,40475.930084228516,4700,1,0.30000000000000004,42114.87440490723,4700,1,0.30000000000000004,39189.288650512695,4700,1,0.30000000000000004,39782.62126159668,4700,1,0.30000000000000004,40527.01579284668,4700,1,0.30000000000000004,35605.97169494629,4700,1,0.30000000000000004,34179.48937988281,4700,1,0.30000000000000004,33666.039489746094,4700,1,0.30000000000000004,38289.790115356445,4700,1,0.30000000000000004,23635233.222061157,400,400,400,400,400,400,4691,400,400,400,4690,400,400,4690,400,400,400,400,4690,4690,400,4690,400,400,100,0,0,0,0,0,0,0,0,0,0,0,0,0,0,0,0,0,0,0,0,0,0,0,66480525312,2147479552,23470505984,0
99,1713877658764,101443.1294555664,4700,1,0.30000000000000004,35558.16746520996,4700,1,0.30000000000000004,92017.1505279541,4700,1,0.30000000000000004,40475.93406677246,4700,1,0.30000000000000004,42114.880310058594,4700,1,0.30000000000000004,39189.29220581055,4700,1,0.30000000000000004,39782.62435913086,4700,1,0.30000000000000004,40527.019439697266,4700,1,0.30000000000000004,35605.984283447266,4700,1,0.30000000000000004,34179.49150085449,4700,1,0.30000000000000004,33666.04295349121,4700,1,0.30000000000000004,38289.79356384277,4700,1,0.30000000000000004,23635236.704971313,400,400,400,400,400,400,4691,400,400,400,4690,400,400,4690,400,400,400,400,4690,4690,400,4690,400,400,100,0,0,0,0,0,0,0,0,0,0,0,0,0,0,0,0,0,0,0,0,0,0,0,66480525312,2147479552,23704039424,0
99,1713877658864,101443.6495513916,4700,1,0.30000000000000004,35558.169036865234,4700,1,0.30000000000000004,92017.15231323242,4700,1,0.30000000000000004,40475.937255859375,4700,1,0.30000000000000004,42114.88381958008,4700,1,0.30000000000000004,39189.29530334473,4700,1,0.30000000000000004,39782.62754821777,4700,1,0.30000000000000004,40527.022537231445,4700,1,0.30000000000000004,35605.99620056152,4700,1,0.30000000000000004,34179.49327087402,4700,1,0.30000000000000004,33666.044525146484,4700,1,0.30000000000000004,38289.79513549805,4700,1,0.30000000000000004,23635240.230026245,400,400,400,400,400,400,4691,400,400,400,4690,400,400,4690,400,400,400,400,4690,4690,400,4690,400,400,100,0,0,0,0,0,0,0,0,0,0,0,0,0,0,0,0,0,0,0,0,0,0,0,66480525312,2147479552,23937830912,0
99,1713877658964,101444.16862487793,4700,1,0.29374999999999996,35558.170669555664,4700,1,0.30000000000000004,92017.15417480469,4700,1,0.30000000000000004,40475.94059753418,4700,1,0.30000000000000004,42114.8869934082,4700,1,0.30000000000000004,39189.298767089844,4700,1,0.30000000000000004,39782.6378326416,4700,1,0.30000000000000004,40527.02577209473,4700,1,0.30000000000000004,35606.01159667969,4700,1,0.30000000000000004,34179.49508666992,4700,1,0.30000000000000004,33666.04658508301,4700,1,0.30000000000000004,38289.798583984375,4700,1,0.30000000000000004,23635243.822250366,400,400,400,400,400,400,4691,400,400,400,4690,400,400,4690,400,400,400,400,4690,4690,400,4690,400,400,100,0,0,0,0,0,0,0,0,0,0,0,0,0,0,0,0,0,0,0,0,0,0,0,66480525312,2147479552,24172138496,0
99,1713877659064,101444.68714904785,4700,1,0.30000000000000004,35558.17224121094,4700,1,0.30000000000000004,92017.15663146973,4700,1,0.30000000000000004,40475.94387817383,4700,1,0.30000000000000004,42114.89016723633,4700,1,0.30000000000000004,39189.30206298828,4700,1,0.30000000000000004,39782.64093017578,4700,1,0.30000000000000004,40527.028869628906,4700,1,0.30000000000000004,35606.02696228027,4700,1,0.30000000000000004,34179.4970703125,4700,1,0.30000000000000004,33666.04815673828,4700,1,0.30000000000000004,38289.800369262695,4700,1,0.30000000000000004,23635247.461364746,400,400,400,400,400,400,4691,400,400,400,4690,400,400,4690,400,400,400,400,4690,4690,400,4690,400,400,100,0,0,0,0,0,0,0,0,0,0,0,0,0,0,0,0,0,0,0,0,0,0,0,66480525312,2147479552,24405929984,0
99,1713877659164,101445.20178222656,4700,1,0.30000000000000004,35558.17381286621,4700,1,0.30000000000000004,92017.15838623047,4700,1,0.30000000000000004,40475.94714355469,4700,1,0.30000000000000004,42114.893295288086,4700,1,0.30000000000000004,39189.30513000488,4700,1,0.30000000000000004,39782.64520263672,4700,1,0.30000000000000004,40527.031967163086,4700,1,0.30000000000000004,35606.041244506836,4700,1,0.30000000000000004,34179.49873352051,4700,1,0.30000000000000004,33666.05059814453,4700,1,0.30000000000000004,38289.80194091797,4700,1,0.30000000000000004,23635251.027175903,400,400,400,400,400,400,4691,400,400,400,4690,400,400,4690,400,400,400,400,4690,4690,400,4690,400,400,100,0,0,0,0,0,0,0,0,0,0,0,0,0,0,0,0,0,0,0,0,0,0,0,66480525312,2147479552,24639721472,0
99,1713877659264,101445.72164916992,4700,1,0.30000000000000004,35558.175384521484,4700,1,0.30000000000000004,92017.16059875488,4700,1,0.30000000000000004,40475.95037841797,4700,1,0.30000000000000004,42114.89643859863,4700,1,0.30000000000000004,39189.30828857422,4700,1,0.30000000000000004,39782.64826965332,4700,1,0.30000000000000004,40527.03503417969,4700,1,0.30000000000000004,35606.05490112305,4700,1,0.30000000000000004,34179.5007019043,4700,1,0.30000000000000004,33666.05221557617,4700,1,0.30000000000000004,38289.80351257324,4700,1,0.30000000000000004,23635254.58229065,400,400,400,400,400,400,4691,400,400,400,4690,400,400,4690,400,400,400,400,4690,4690,400,4690,400,400,100,0,0,0,0,0,0,0,0,0,0,0,0,0,0,0,0,0,0,0,0,0,0,0,66480525312,2147479552,24873512960,0
99,1713877659364,101446.24136352539,4700,1,0.30000000000000004,35558.17694091797,4700,1,0.30000000000000004,92017.16235351563,4700,1,0.30000000000000004,40475.95356750488,4700,1,0.30000000000000004,42114.901443481445,4700,1,0.30000000000000004,39189.31140136719,4700,1,0.30000000000000004,39782.6513671875,4700,1,0.30000000000000004,40527.03813171387,4700,1,0.30000000000000004,35606.06280517578,4700,1,0.30000000000000004,34179.502349853516,4700,1,0.30000000000000004,33666.053771972656,4700,1,0.30000000000000004,38289.80506896973,4700,1,0.30000000000000004,23635258.11909485,400,400,400,400,400,400,4691,400,400,400,4690,400,400,4690,400,400,400,400,4690,4690,400,4690,400,400,100,0,0,0,0,0,0,0,0,0,0,0,0,0,0,0,0,0,0,0,0,0,0,0,66480525312,2147479552,25107820544,0
99,1713877659464,101446.7596282959,4700,1,0.30000000000000004,35558.17851257324,4700,1,0.30000000000000004,92017.16427612305,4700,1,0.30000000000000004,40475.95686340332,4700,1,0.30000000000000004,42114.90458679199,4700,1,0.30000000000000004,39189.31455993652,4700,1,0.30000000000000004,39782.65473937988,4700,1,0.30000000000000004,40527.04122924805,4700,1,0.30000000000000004,35606.075103759766,4700,1,0.30000000000000004,34179.50425720215,4700,1,0.30000000000000004,33666.05535888672,4700,1,0.30000000000000004,38289.80665588379,4700,1,0.30000000000000004,23635261.788223267,400,400,400,400,400,400,4691,400,400,400,4690,400,400,4690,400,400,400,400,4690,4690,400,4690,400,400,100,0,0,0,0,0,0,0,0,0,0,0,0,0,0,0,0,0,0,0,0,0,0,0,66480525312,2147479552,25341612032,0
99,1713877659565,101447.27810668945,4700,1,0.30000000000000004,35558.180084228516,4700,1,0.30000000000000004,92017.16636657715,4700,1,0.30000000000000004,40475.96006774902,4700,1,0.30000000000000004,42114.90768432617,4700,1,0.30000000000000004,39189.3176574707,4700,1,0.30000000000000004,39782.65783691406,4700,1,0.30000000000000004,40527.04432678223,4700,1,0.30000000000000004,35606.08755493164,4700,1,0.30000000000000004,34179.506256103516,4700,1,0.30000000000000004,33666.058990478516,4700,1,0.30000000000000004,38289.80892944336,4700,1,0.30000000000000004,23635265.40310669,400,400,400,400,400,400,4691,400,400,400,4690,400,400,4690,400,400,400,400,4690,4690,400,4690,400,400,100,0,0,0,0,0,0,0,0,0,0,0,0,0,0,0,0,0,0,0,0,0,0,0,66480525312,2147479552,25575403520,0
99,1713877659665,101447.79626464844,4700,1,0.30000000000000004,35558.18176269531,4700,1,0.30000000000000004,92017.16816711426,4700,1,0.30000000000000004,40475.96321105957,4700,1,0.30000000000000004,42114.91078186035,4700,1,0.30000000000000004,39189.32957458496,4700,1,0.30000000000000004,39782.66093444824,4700,1,0.30000000000000004,40527.04747009277,4700,1,0.30000000000000004,35606.09880065918,4700,1,0.30000000000000004,34179.507873535156,4700,1,0.30000000000000004,33666.060791015625,4700,1,0.30000000000000004,38289.81050109863,4700,1,0.30000000000000004,23635269.053604126,400,400,400,400,400,400,4691,400,400,400,4690,400,400,4690,400,400,400,400,4690,4690,400,4690,400,400,100,0,0,0,0,0,0,0,0,0,0,0,0,0,0,0,0,0,0,0,0,0,0,0,66480525312,2147479552,25809711104,0
99,1713877659765,101448.31497192383,4700,1,0.30000000000000004,35558.183334350586,4700,1,0.30000000000000004,92017.17036437988,4700,1,0.30000000000000004,40475.96649169922,4700,1,0.30000000000000004,42114.91387939453,4700,1,0.30000000000000004,39189.33267211914,4700,1,0.30000000000000004,39782.66407775879,4700,1,0.30000000000000004,40527.05056762695,4700,1,0.30000000000000004,35606.11343383789,4700,1,0.30000000000000004,34179.50944519043,4700,1,0.30000000000000004,33666.06254577637,4700,1,0.30000000000000004,38289.81396484375,4700,1,0.30000000000000004,23635272.647979736,400,400,400,400,400,400,4691,400,400,400,4690,400,400,4690,400,400,400,400,4690,4690,400,4690,400,400,100,0,0,0,0,0,0,0,0,0,0,0,0,0,0,0,0,0,0,0,0,0,0,0,66480525312,2147479552,26043244544,0
99,1713877659865,101448.82809448242,4700,1,0.30000000000000004,35558.18490600586,4700,1,0.30000000000000004,92017.17216491699,4700,1,0.30000000000000004,40475.969650268555,4700,1,0.30000000000000004,42114.91697692871,4700,1,0.30000000000000004,39189.33576965332,4700,1,0.30000000000000004,39782.66717529297,4700,1,0.30000000000000004,40527.05366516113,4700,1,0.30000000000000004,35606.127670288086,4700,1,0.30000000000000004,34179.5110168457,4700,1,0.30000000000000004,33666.06446838379,4700,1,0.30000000000000004,38289.81553649902,4700,1,0.30000000000000004,23635276.310302734,400,400,400,400,400,400,4691,400,400,400,4690,400,400,4690,400,400,400,400,4690,4690,400,4690,400,400,100,0,0,0,0,0,0,0,0,0,0,0,0,0,0,0,0,0,0,0,0,0,0,0,66480525312,2147479552,26277552128,0
99,1713877659965,101449.3472290039,4700,1,0.30000000000000004,35558.1865234375,4700,1,0.30000000000000004,92017.17401123047,4700,1,0.30000000000000004,40475.97309875488,4700,1,0.30000000000000004,42114.92254638672,4700,1,0.30000000000000004,39189.34353637695,4700,1,0.30000000000000004,39782.67094421387,4700,1,0.30000000000000004,40527.05679321289,4700,1,0.30000000000000004,35606.13624572754,4700,1,0.30000000000000004,34179.51264953613,4700,1,0.30000000000000004,33666.06625366211,4700,1,0.30000000000000004,38289.8171081543,4700,1,0.30000000000000004,23635279.886123657,400,400,400,400,400,400,4691,400,400,400,4690,400,400,4690,400,400,400,400,4690,4690,400,4690,400,400,100,0,0,0,0,0,0,0,0,0,0,0,0,0,0,0,0,0,0,0,0,0,0,0,66480525312,2147479552,26511343616,0
99,1713877660065,101449.86598205566,4700,1,0.30000000000000004,35558.18809509277,4700,1,0.30000000000000004,92017.17617797852,4700,1,0.30000000000000004,40475.9765625,4700,1,0.30000000000000004,42114.92578125,4700,1,0.30000000000000004,39189.34700012207,4700,1,0.30000000000000004,39782.674057006836,4700,1,0.30000000000000004,40527.05989074707,4700,1,0.30000000000000004,35606.149337768555,4700,1,0.30000000000000004,34179.51420593262,4700,1,0.30000000000000004,33666.06802368164,4700,1,0.30000000000000004,38289.81874084473,4700,1,0.30000000000000004,23635283.478485107,400,400,400,400,400,400,4691,400,400,400,4690,400,400,4690,400,400,400,400,4690,4690,400,4690,400,400,100,0,0,0,0,0,0,0,0,0,0,0,0,0,0,0,0,0,0,0,0,0,0,0,66480525312,2147479552,26745651200,0
99,1713877660165,101450.38456726074,4700,1,0.30000000000000004,35558.18965148926,4700,1,0.30000000000000004,92017.17791748047,4700,1,0.30000000000000004,40475.979919433594,4700,1,0.30000000000000004,42114.92887878418,4700,1,0.30000000000000004,39189.35009765625,4700,1,0.30000000000000004,39782.677154541016,4700,1,0.30000000000000004,40527.06298828125,4700,1,0.30000000000000004,35606.16146850586,4700,1,0.30000000000000004,34179.51579284668,4700,1,0.30000000000000004,33666.06967163086,4700,1,0.30000000000000004,38289.8203125,4700,1,0.30000000000000004,23635287.076293945,400,400,400,400,400,400,4691,400,400,400,4690,400,400,4690,400,400,400,400,4690,4690,400,4690,400,400,100,0,0,0,0,0,0,0,0,0,0,0,0,0,0,0,0,0,0,0,0,0,0,0,66480525312,2147479552,26979442688,0
99,1713877660265,101450.9034576416,4700,1,0.30000000000000004,35558.19122314453,4700,1,0.30000000000000004,92017.17997741699,4700,1,0.30000000000000004,40475.98306274414,4700,1,0.30000000000000004,42114.932052612305,4700,1,0.30000000000000004,39189.353256225586,4700,1,0.30000000000000004,39782.680252075195,4700,1,0.30000000000000004,40527.06608581543,4700,1,0.30000000000000004,35606.173248291016,4700,1,0.30000000000000004,34179.51747131348,4700,1,0.30000000000000004,33666.0715637207,4700,1,0.30000000000000004,38289.82188415527,4700,1,0.30000000000000004,23635290.677963257,400,400,400,400,400,400,4691,400,400,400,4690,400,400,4690,400,400,400,400,4690,4690,400,4690,400,400,100,0,0,0,0,0,0,0,0,0,0,0,0,0,0,0,0,0,0,0,0,0,0,0,66480525312,2147479552,27213750272,0
99,1713877660365,101451.4225769043,4700,1,0.30000000000000004,35558.192794799805,4700,1,0.30000000000000004,92017.18173217773,4700,1,0.30000000000000004,40475.986251831055,4700,1,0.30000000000000004,42114.93647766113,4700,1,0.30000000000000004,39189.356353759766,4700,1,0.30000000000000004,39782.683349609375,4700,1,0.30000000000000004,40527.06918334961,4700,1,0.30000000000000004,35606.18455505371,4700,1,0.30000000000000004,34179.51904296875,4700,1,0.30000000000000004,33666.07327270508,4700,1,0.30000000000000004,38289.82377624512,4700,1,0.30000000000000004,23635294.28967285,400,400,400,400,400,400,4691,400,400,400,4690,400,400,4690,400,400,400,400,4690,4690,400,4690,400,400,100,0,0,0,0,0,0,0,0,0,0,0,0,0,0,0,0,0,0,0,0,0,0,0,66480525312,2147479552,27447541760,0
99,1713877660465,101451.94071960449,4700,1,0.29374999999999996,35558.19436645508,4700,1,0.30000000000000004,92017.18371582031,4700,1,0.30000000000000004,40475.98956298828,4700,1,0.30000000000000004,42114.93962097168,4700,1,0.30000000000000004,39189.3595123291,4700,1,0.30000000000000004,39782.686584472656,4700,1,0.30000000000000004,40527.07228088379,4700,1,0.30000000000000004,35606.19902038574,4700,1,0.30000000000000004,34179.52061462402,4700,1,0.30000000000000004,33666.07507324219,4700,1,0.30000000000000004,38289.82537841797,4700,1,0.30000000000000004,23635297.955184937,400,400,400,400,400,400,4691,400,400,400,4690,400,400,4690,400,400,400,400,4690,4690,400,4690,400,400,100,0,0,0,0,0,0,0,0,0,0,0,0,0,0,0,0,0,0,0,0,0,0,0,66480525312,2147479552,27681849344,0
99,1713877660565,101452.45500183105,4700,1,0.30000000000000004,35558.19593811035,4700,1,0.30000000000000004,92017.18572998047,4700,1,0.30000000000000004,40475.992767333984,4700,1,0.30000000000000004,42114.94271850586,4700,1,0.30000000000000004,39189.36260986328,4700,1,0.30000000000000004,39782.689682006836,4700,1,0.30000000000000004,40527.07539367676,4700,1,0.30000000000000004,35606.213439941406,4700,1,0.30000000000000004,34179.52374267578,4700,1,0.30000000000000004,33666.07678222656,4700,1,0.30000000000000004,38289.827713012695,4700,1,0.30000000000000004,23635301.528823853,400,400,400,400,400,400,4691,400,400,400,4690,400,400,4690,400,400,400,400,4690,4690,400,4690,400,400,100,0,0,0,0,0,0,0,0,0,0,0,0,0,0,0,0,0,0,0,0,0,0,0,66480525312,2147479552,27915640832,0
99,1713877660665,101452.9743347168,4700,1,0.30000000000000004,35558.19761657715,4700,1,0.30000000000000004,92017.18753051758,4700,1,0.30000000000000004,40475.9959564209,4700,1,0.30000000000000004,42114.94819641113,4700,1,0.30000000000000004,39189.3664855957,4700,1,0.30000000000000004,39782.69274902344,4700,1,0.30000000000000004,40527.08094787598,4700,1,0.30000000000000004,35606.22717285156,4700,1,0.30000000000000004,34179.52536010742,4700,1,0.30000000000000004,33666.07850646973,4700,1,0.30000000000000004,38289.829330444336,4700,1,0.30000000000000004,23635305.140975952,400,400,400,400,400,400,4691,400,400,400,4690,400,400,4690,400,400,400,400,4690,4690,400,4690,400,400,100,0,0,0,0,0,0,0,0,0,0,0,0,0,0,0,0,0,0,0,0,0,0,0,66480525312,2147479552,28149948416,0
99,1713877660765,101453.49310302734,4700,1,0.30000000000000004,35558.19923400879,4700,1,0.30000000000000004,92017.18955993652,4700,1,0.30000000000000004,40475.99937438965,4700,1,0.30000000000000004,42114.95129394531,4700,1,0.30000000000000004,39189.3698425293,4700,1,0.30000000000000004,39782.69584655762,4700,1,0.30000000000000004,40527.084060668945,4700,1,0.30000000000000004,35606.23506164551,4700,1,0.30000000000000004,34179.526916503906,4700,1,0.30000000000000004,33666.08027648926,4700,1,0.30000000000000004,38289.83088684082,4700,1,0.30000000000000004,23635308.726409912,400,400,400,400,400,400,4691,400,400,400,4690,400,400,4690,400,400,400,400,4690,4690,400,4690,400,400,100,0,0,0,0,0,0,0,0,0,0,0,0,0,0,0,0,0,0,0,0,0,0,0,66480525312,2147479552,28383481856,0
99,1713877660865,101454.01260375977,4700,1,0.30000000000000004,35558.20079040527,4700,1,0.30000000000000004,92017.19140625,4700,1,0.30000000000000004,40476.00256347656,4700,1,0.30000000000000004,42114.95439147949,4700,1,0.30000000000000004,39189.37294006348,4700,1,0.30000000000000004,39782.69903564453,4700,1,0.30000000000000004,40527.087173461914,4700,1,0.30000000000000004,35606.247314453125,4700,1,0.30000000000000004,34179.52850341797,4700,1,0.30000000000000004,33666.08206176758,4700,1,0.30000000000000004,38289.832458496094,4700,1,0.30000000000000004,23635312.257995605,400,400,400,400,400,400,4691,400,400,400,4690,400,400,4690,400,400,400,400,4690,4690,400,4690,400,400,100,0,0,0,0,0,0,0,0,0,0,0,0,0,0,0,0,0,0,0,0,0,0,0,66480525312,2147479552,28617789440,0
99,1713877660965,101454.53160095215,4700,1,0.30000000000000004,35558.20249938965,4700,1,0.30000000000000004,92017.19326782227,4700,1,0.30000000000000004,40476.006088256836,4700,1,0.30000000000000004,42114.95997619629,4700,1,0.30000000000000004,39189.37745666504,4700,1,0.30000000000000004,39782.7028503418,4700,1,0.30000000000000004,40527.09031677246,4700,1,0.30000000000000004,35606.25895690918,4700,1,0.30000000000000004,34179.53007507324,4700,1,0.30000000000000004,33666.083908081055,4700,1,0.30000000000000004,38289.83598327637,4700,1,0.30000000000000004,23635315.899032593,400,400,400,400,400,400,4691,400,400,400,4690,400,400,4690,400,400,400,400,4690,4690,400,4690,400,400,100,0,0,0,0,0,0,0,0,0,0,0,0,0,0,0,0,0,0,0,0,0,0,0,66480525312,2147479552,28851580928,0
99,1713877661065,101455.05099487305,4700,1,0.30000000000000004,35558.20407104492,4700,1,0.30000000000000004,92017.19540405273,4700,1,0.30000000000000004,40476.0094909668,4700,1,0.30000000000000004,42114.963150024414,4700,1,0.30000000000000004,39189.38081359863,4700,1,0.30000000000000004,39782.70594787598,4700,1,0.30000000000000004,40527.09341430664,4700,1,0.30000000000000004,35606.27095031738,4700,1,0.30000000000000004,34179.531646728516,4700,1,0.30000000000000004,33666.08575439453,4700,1,0.30000000000000004,38289.83767700195,4700,1,0.30000000000000004,23635319.457717896,400,400,400,400,400,400,4691,400,400,400,4690,400,400,4690,400,400,400,400,4690,4690,400,4690,400,400,100,0,0,0,0,0,0,0,0,0,0,0,0,0,0,0,0,0,0,0,0,0,0,0,66480525312,2147479552,29085888512,0
99,1713877661165,101455.56970214844,4700,1,0.30000000000000004,35558.205642700195,4700,1,0.30000000000000004,92017.19715881348,4700,1,0.30000000000000004,40476.012786865234,4700,1,0.30000000000000004,42114.966247558594,4700,1,0.30000000000000004,39189.38391113281,4700,1,0.30000000000000004,39782.709045410156,4700,1,0.30000000000000004,40527.09651184082,4700,1,0.30000000000000004,35606.28546142578,4700,1,0.30000000000000004,34179.53321838379,4700,1,0.30000000000000004,33666.08743286133,4700,1,0.30000000000000004,38289.839294433594,4700,1,0.30000000000000004,23635323.063980103,400,400,400,400,400,400,4691,400,400,400,4690,400,400,4690,400,400,400,400,4690,4690,400,4690,400,400,100,0,0,0,0,0,0,0,0,0,0,0,0,0,0,0,0,0,0,0,0,0,0,0,66480525312,2147479552,29320196096,0
99,1713877661265,101456.08917236328,4700,1,0.30000000000000004,35558.20721435547,4700,1,0.30000000000000004,92017.19923400879,4700,1,0.30000000000000004,40476.01594543457,4700,1,0.30000000000000004,42114.96940612793,4700,1,0.30000000000000004,39189.38706970215,4700,1,0.30000000000000004,39782.712142944336,4700,1,0.30000000000000004,40527.099609375,4700,1,0.30000000000000004,35606.29959106445,4700,1,0.30000000000000004,34179.534896850586,4700,1,0.30000000000000004,33666.089294433594,4700,1,0.30000000000000004,38289.84086608887,4700,1,0.30000000000000004,23635326.62387085,400,400,400,400,400,400,4691,400,400,400,4690,400,400,4690,400,400,400,400,4690,4690,400,4690,400,400,100,0,0,0,0,0,0,0,0,0,0,0,0,0,0,0,0,0,0,0,0,0,0,0,66480525312,2147479552,29553987584,0
99,1713877661366,101456.60244750977,4700,1,0.30000000000000004,35558.20878601074,4700,1,0.30000000000000004,92017.20098876953,4700,1,0.30000000000000004,40476.01914978027,4700,1,0.30000000000000004,42114.973220825195,4700,1,0.30000000000000004,39189.39013671875,4700,1,0.30000000000000004,39782.71520996094,4700,1,0.30000000000000004,40527.10270690918,4700,1,0.30000000000000004,35606.314865112305,4700,1,0.30000000000000004,34179.53646850586,4700,1,0.30000000000000004,33666.09098815918,4700,1,0.30000000000000004,38289.84243774414,4700,1,0.30000000000000004,23635330.235610962,400,400,400,400,400,400,4691,400,400,400,4690,400,400,4690,400,400,400,400,4690,4690,400,4690,400,400,100,0,0,0,0,0,0,0,0,0,0,0,0,0,0,0,0,0,0,0,0,0,0,0,66480525312,2147479552,29788295168,0
99,1713877661466,101457.12112426758,4700,1,0.30000000000000004,35558.21041870117,4700,1,0.30000000000000004,92017.20295715332,4700,1,0.30000000000000004,40476.0224609375,4700,1,0.30000000000000004,42114.97639465332,4700,1,0.30000000000000004,39189.393295288086,4700,1,0.30000000000000004,39782.71842956543,4700,1,0.30000000000000004,40527.10577392578,4700,1,0.30000000000000004,35606.3244934082,4700,1,0.30000000000000004,34179.538024902344,4700,1,0.30000000000000004,33666.09274291992,4700,1,0.30000000000000004,38289.844009399414,4700,1,0.30000000000000004,23635333.7948761,400,400,400,400,400,400,4691,400,400,400,4690,400,400,4690,400,400,400,400,4690,4690,400,4690,400,400,100,0,0,0,0,0,0,0,0,0,0,0,0,0,0,0,0,0,0,0,0,0,0,0,66480525312,2147479552,30022086656,0
99,1713877661566,101457.64004516602,4700,1,0.30000000000000004,35558.211975097656,4700,1,0.30000000000000004,92017.20487976074,4700,1,0.30000000000000004,40476.025650024414,4700,1,0.30000000000000004,42114.9794921875,4700,1,0.30000000000000004,39189.396408081055,4700,1,0.30000000000000004,39782.7215423584,4700,1,0.30000000000000004,40527.10887145996,4700,1,0.30000000000000004,35606.33695983887,4700,1,0.30000000000000004,34179.54168701172,4700,1,0.30000000000000004,33666.094497680664,4700,1,0.30000000000000004,38289.846267700195,4700,1,0.30000000000000004,23635337.321228027,400,400,400,400,400,400,4691,400,400,400,4690,400,400,4690,400,400,400,400,4690,4690,400,4690,400,400,100,0,0,0,0,0,0,0,0,0,0,0,0,0,0,0,0,0,0,0,0,0,0,0,66480525312,2147479552,30256394240,0
99,1713877661666,101458.15887451172,4700,1,0.30000000000000004,35558.21369934082,4700,1,0.30000000000000004,92017.20671081543,4700,1,0.30000000000000004,40476.028884887695,4700,1,0.30000000000000004,42114.98258972168,4700,1,0.30000000000000004,39189.408615112305,4700,1,0.30000000000000004,39782.72463989258,4700,1,0.30000000000000004,40527.11201477051,4700,1,0.30000000000000004,35606.35069274902,4700,1,0.30000000000000004,34179.54331970215,4700,1,0.30000000000000004,33666.09631347656,4700,1,0.30000000000000004,38289.84794616699,4700,1,0.30000000000000004,23635340.916137695,400,400,400,400,400,400,4691,400,400,400,4690,400,400,4690,400,400,400,400,4690,4690,400,4690,400,400,100,0,0,0,0,0,0,0,0,0,0,0,0,0,0,0,0,0,0,0,0,0,0,0,66480525312,2147479552,30490701824,0
99,1713877661766,101458.6778717041,4700,1,0.30000000000000004,35558.215881347656,4700,1,0.30000000000000004,92017.20880126953,4700,1,0.30000000000000004,40476.03221130371,4700,1,0.30000000000000004,42114.98568725586,4700,1,0.30000000000000004,39189.411712646484,4700,1,0.30000000000000004,39782.727783203125,4700,1,0.30000000000000004,40527.11511230469,4700,1,0.30000000000000004,35606.363525390625,4700,1,0.30000000000000004,34179.54489135742,4700,1,0.30000000000000004,33666.09829711914,4700,1,0.30000000000000004,38289.85144042969,4700,1,0.30000000000000004,23635344.52772522,400,400,400,400,400,400,4691,400,400,400,4690,400,400,4690,400,400,400,400,4690,4690,400,4690,400,400,100,0,0,0,0,0,0,0,0,0,0,0,0,0,0,0,0,0,0,0,0,0,0,0,66480525312,2147479552,30724751360,0
99,1713877661866,101459.19644165039,4700,1,0.30000000000000004,35558.21745300293,4700,1,0.30000000000000004,92017.21058654785,4700,1,0.30000000000000004,40476.035415649414,4700,1,0.30000000000000004,42114.98878479004,4700,1,0.30000000000000004,39189.414810180664,4700,1,0.30000000000000004,39782.730880737305,4700,1,0.30000000000000004,40527.118225097656,4700,1,0.30000000000000004,35606.379791259766,4700,1,0.30000000000000004,34179.546463012695,4700,1,0.30000000000000004,33666.10014343262,4700,1,0.30000000000000004,38289.85301208496,4700,1,0.30000000000000004,23635348.15826416,400,400,400,400,400,400,4691,400,400,400,4690,400,400,4690,400,400,400,400,4690,4690,400,4690,400,400,100,0,0,0,0,0,0,0,0,0,0,0,0,0,0,0,0,0,0,0,4.761904716491699,0,0,0,66480525312,2147479552,30959058944,0
99,1713877661966,101459.716796875,4700,1,0.30000000000000004,35558.21920776367,4700,1,0.30000000000000004,92017.21249389648,4700,1,0.30000000000000004,40476.039001464844,4700,1,0.30000000000000004,42114.99447631836,4700,1,0.30000000000000004,39189.41812133789,4700,1,0.30000000000000004,39782.7353515625,4700,1,0.30000000000000004,40527.12138366699,4700,1,0.30000000000000004,35606.395568847656,4700,1,0.30000000000000004,34179.54803466797,4700,1,0.30000000000000004,33666.101959228516,4700,1,0.30000000000000004,38289.854583740234,4700,1,0.30000000000000004,23635351.68977356,400,400,400,400,400,400,4691,400,400,400,4690,400,400,4690,400,400,400,400,4690,4690,400,4690,400,400,100,0,0,0,0,0,0,0,0,0,0,0,0,0,0,0,0,0,0,0,4.761904716491699,0,0,0,66480525312,2147479552,31193366528,0
99,1713877662066,101460.23106384277,4700,1,0.30000000000000004,35558.222076416016,4700,1,0.30000000000000004,92017.21505737305,4700,1,0.30000000000000004,40476.04234313965,4700,1,0.30000000000000004,42114.9977722168,4700,1,0.30000000000000004,39189.42143249512,4700,1,0.30000000000000004,39782.74240112305,4700,1,0.30000000000000004,40527.124603271484,4700,1,0.30000000000000004,35606.4114074707,4700,1,0.30000000000000004,34179.549728393555,4700,1,0.30000000000000004,33666.10403442383,4700,1,0.30000000000000004,38289.857360839844,4700,1,0.30000000000000004,23635355.29005432,400,400,400,400,400,400,4691,400,400,400,4690,400,400,4690,400,400,400,400,4690,4690,400,4690,400,400,100,0,0,0,0,0,0,0,0,0,0,0,0,0,0,0,0,0,0,0,0,0,0,0,66480525312,2147479552,31427158016,0
99,1713877662166,101460.75024414063,4700,1,0.30000000000000004,35558.22364807129,4700,1,0.30000000000000004,92017.21681213379,4700,1,0.30000000000000004,40476.045669555664,4700,1,0.30000000000000004,42115.00093078613,4700,1,0.30000000000000004,39189.42449951172,4700,1,0.30000000000000004,39782.74546813965,4700,1,0.30000000000000004,40527.127670288086,4700,1,0.30000000000000004,35606.42143249512,4700,1,0.30000000000000004,34179.55128479004,4700,1,0.30000000000000004,33666.10595703125,4700,1,0.30000000000000004,38289.85893249512,4700,1,0.30000000000000004,23635358.88078308,400,400,400,400,400,400,4691,400,400,400,4690,400,400,4690,400,400,400,400,4690,4690,400,4690,400,400,100,0,0,0,0,0,0,0,0,0,0,0,0,0,0,0,0,0,0,0,0,0,0,0,66480525312,2147479552,31661465600,0
99,1713877662266,101461.26876831055,4700,1,0.30000000000000004,35558.22520446777,4700,1,0.30000000000000004,92017.21885681152,4700,1,0.30000000000000004,40476.048919677734,4700,1,0.30000000000000004,42115.00408935547,4700,1,0.30000000000000004,39189.4275970459,4700,1,0.30000000000000004,39782.74858093262,4700,1,0.30000000000000004,40527.130767822266,4700,1,0.30000000000000004,35606.4356842041,4700,1,0.30000000000000004,34179.55294799805,4700,1,0.30000000000000004,33666.10792541504,4700,1,0.30000000000000004,38289.8604888916,4700,1,0.30000000000000004,23635362.512298584,400,400,400,400,400,400,4691,400,400,400,4690,400,400,4690,400,400,400,400,4690,4690,400,4690,400,400,100,0,0,0,0,0,0,0,0,0,0,0,0,0,0,0,0,0,0,0,0,0,0,0,66480525312,2147479552,31895257088,0
99,1713877662366,101461.7879486084,4700,1,0.30000000000000004,35558.22677612305,4700,1,0.30000000000000004,92017.22059631348,4700,1,0.30000000000000004,40476.05221557617,4700,1,0.30000000000000004,42115.007400512695,4700,1,0.30000000000000004,39189.43310546875,4700,1,0.30000000000000004,39782.7516784668,4700,1,0.30000000000000004,40527.13394165039,4700,1,0.30000000000000004,35606.44921875,4700,1,0.30000000000000004,34179.55453491211,4700,1,0.30000000000000004,33666.10971069336,4700,1,0.30000000000000004,38289.862060546875,4700,1,0.30000000000000004,23635366.093566895,400,400,400,400,400,400,4691,400,400,400,4690,400,400,4690,400,400,400,400,4690,4690,400,4690,400,400,100,0,0,0,0,0,0,0,0,0,0,0,0,0,0,0,0,0,0,0,0,0,0,0,66480525312,2147479552,32129564672,0
99,1713877662466,101462.30722045898,4700,1,0.30000000000000004,35558.22834777832,4700,1,0.30000000000000004,92017.22247314453,4700,1,0.30000000000000004,40476.0555267334,4700,1,0.30000000000000004,42115.01055908203,4700,1,0.30000000000000004,39189.4362487793,4700,1,0.30000000000000004,39782.755432128906,4700,1,0.30000000000000004,40527.13703918457,4700,1,0.30000000000000004,35606.46244812012,4700,1,0.30000000000000004,34179.55610656738,4700,1,0.30000000000000004,33666.111587524414,4700,1,0.30000000000000004,38289.86363220215,4700,1,0.30000000000000004,23635369.674194336,400,400,400,400,400,400,4691,400,400,400,4690,400,400,4690,400,400,400,400,4690,4690,400,4690,400,400,100,0,0,0,0,0,0,0,0,0,0,0,0,0,0,0,0,0,0,0,4.761904716491699,0,0,0,66480525312,2147479552,32363872256,0
99,1713877662566,101462.82681274414,4700,1,0.30000000000000004,35558.229919433594,4700,1,0.30000000000000004,92017.2244720459,4700,1,0.30000000000000004,40476.058822631836,4700,1,0.30000000000000004,42115.01365661621,4700,1,0.30000000000000004,39189.43934631348,4700,1,0.30000000000000004,39782.758529663086,4700,1,0.30000000000000004,40527.14013671875,4700,1,0.30000000000000004,35606.47492980957,4700,1,0.30000000000000004,34179.55825805664,4700,1,0.30000000000000004,33666.113372802734,4700,1,0.30000000000000004,38289.86584472656,4700,1,0.30000000000000004,23635373.242889404,400,400,400,400,400,400,4691,400,400,400,4690,400,400,4690,400,400,400,400,4690,4690,400,4690,400,400,100,0,0,0,0,0,0,0,0,0,0,0,0,0,0,0,0,0,0,0,4.761904716491699,0,0,0,66480525312,2147479552,32598179840,0
99,1713877662666,101463.34600830078,4700,1,0.30000000000000004,35558.23162841797,4700,1,0.30000000000000004,92017.22633361816,4700,1,0.30000000000000004,40476.06202697754,4700,1,0.30000000000000004,42115.019287109375,4700,1,0.30000000000000004,39189.46290588379,4700,1,0.30000000000000004,39782.761627197266,4700,1,0.30000000000000004,40527.14323425293,4700,1,0.30000000000000004,35606.4919128418,4700,1,0.30000000000000004,34179.55987548828,4700,1,0.30000000000000004,33666.11543273926,4700,1,0.30000000000000004,38289.867416381836,4700,1,0.30000000000000004,23635376.846221924,400,400,400,400,400,400,4691,400,400,400,4690,400,400,4690,400,400,400,400,4690,4690,400,4690,400,400,100,0,0,0,0,0,0,0,0,0,0,0,0,0,0,0,0,0,0,0,5,0,0,0,66480525312,2147479552,32832487424,0
99,1713877662766,101463.85995483398,4700,1,0.30000000000000004,35558.233642578125,4700,1,0.30000000000000004,92017.22853088379,4700,1,0.30000000000000004,40476.06573486328,4700,1,0.30000000000000004,42115.02275085449,4700,1,0.30000000000000004,39189.466857910156,4700,1,0.30000000000000004,39782.76695251465,4700,1,0.30000000000000004,40527.146911621094,4700,1,0.30000000000000004,35606.50761413574,4700,1,0.30000000000000004,34179.561447143555,4700,1,0.30000000000000004,33666.1174621582,4700,1,0.30000000000000004,38289.86898803711,4700,1,0.30000000000000004,23635380.41368103,400,400,400,400,400,400,4691,400,400,400,4690,400,400,4690,400,400,400,400,4690,4690,400,4690,400,400,100,0,0,0,0,0,0,0,0,0,0,0,0,0,0,0,0,0,0,0,5,0,0,0,66480525312,2147479552,33066278912,0
99,1713877662866,101464.3797454834,4700,1,0.30000000000000004,35558.23565673828,4700,1,0.30000000000000004,92017.2303314209,4700,1,0.30000000000000004,40476.068908691406,4700,1,0.30000000000000004,42115.026290893555,4700,1,0.30000000000000004,39189.46992492676,4700,1,0.30000000000000004,39782.770111083984,4700,1,0.30000000000000004,40527.15000915527,4700,1,0.30000000000000004,35606.52267456055,4700,1,0.30000000000000004,34179.56301879883,4700,1,0.30000000000000004,33666.119369506836,4700,1,0.30000000000000004,38289.87055969238,4700,1,0.30000000000000004,23635383.955444336,400,400,400,400,400,400,4691,400,400,400,4690,400,400,4690,400,400,400,400,4690,4690,400,4690,400,400,100,0,0,0,0,0,0,0,0,0,0,0,0,0,0,0,0,0,0,0,4.761904716491699,0,0,0,66480525312,2147479552,33300586496,0
99,1713877662966,101464.92172241211,4700,1,0.30000000000000004,35558.23727416992,4700,1,0.30000000000000004,92017.23236083984,4700,1,0.30000000000000004,40476.072662353516,4700,1,0.30000000000000004,42115.03207397461,4700,1,0.30000000000000004,39189.477142333984,4700,1,0.30000000000000004,39782.77639770508,4700,1,0.30000000000000004,40527.15319824219,4700,1,0.30000000000000004,35606.53190612793,4700,1,0.30000000000000004,34179.56462097168,4700,1,0.30000000000000004,33666.12129211426,4700,1,0.30000000000000004,38289.87422180176,4700,1,0.30000000000000004,23635387.625350952,400,400,400,400,400,400,4691,400,400,400,4690,400,400,4690,400,400,400,400,4690,4690,400,4690,400,400,100,0,0,0,0,0,0,0,0,0,0,0,0,0,0,0,0,0,0,0,4.761904716491699,0,0,0,66480525312,2147479552,32593817600,0
99,1713877663067,101465.52146911621,4700,1,0.30000000000000004,35558.238830566406,4700,1,0.30000000000000004,92017.2348022461,4700,1,0.30000000000000004,40476.075912475586,4700,1,0.30000000000000004,42115.035247802734,4700,1,0.30000000000000004,39189.481033325195,4700,1,0.30000000000000004,39782.77949523926,4700,1,0.30000000000000004,40527.156311035156,4700,1,0.30000000000000004,35606.54609680176,4700,1,0.30000000000000004,34179.56620788574,4700,1,0.30000000000000004,33666.12341308594,4700,1,0.30000000000000004,38289.87596130371,4700,1,0.30000000000000004,23635391.419326782,400,400,400,400,400,400,4691,400,400,400,4690,400,400,4690,400,400,400,400,4690,4690,400,4690,400,400,100,0,0,0,0,0,0,0,0,0,0,0,0,0,0,0,0,0,0,0,4.761904716491699,0,0,0,66480525312,2147479552,30232440832,0
99,1713877663167,101466.12184143066,4700,1,0.30000000000000004,35558.249603271484,4700,1,0.30000000000000004,92017.25170898438,4700,1,0.30000000000000004,40476.103286743164,4700,1,0.30000000000000004,42115.051986694336,4700,1,0.30000000000000004,39189.49496459961,4700,1,0.30000000000000004,39782.80191040039,4700,1,0.30000000000000004,40527.17012023926,4700,1,0.30000000000000004,35606.57682800293,4700,1,0.30000000000000004,34179.582122802734,4700,1,0.30000000000000004,33666.140228271484,4700,1,0.30000000000000004,38289.88977050781,4700,1,0.30000000000000004,23635395.488128662,400,400,400,400,400,400,4691,400,400,400,4690,400,400,4690,400,400,400,400,4690,4690,400,4690,400,400,100,0,0,0,0,0,0,0,0,0,0,0,0,0,0,0,0,0,0,0,4.761904716491699,0,0,0,66480525312,2147479552,27873546240,0
99,1713877663267,101466.72050476074,4700,1,0.30000000000000004,35558.25117492676,4700,1,0.30000000000000004,92017.25370788574,4700,1,0.30000000000000004,40476.106521606445,4700,1,0.30000000000000004,42115.05513000488,4700,1,0.30000000000000004,39189.49806213379,4700,1,0.30000000000000004,39782.80500793457,4700,1,0.30000000000000004,40527.17321777344,4700,1,0.30000000000000004,35606.589279174805,4700,1,0.30000000000000004,34179.58378601074,4700,1,0.30000000000000004,33666.142181396484,4700,1,0.30000000000000004,38289.891342163086,4700,1,0.30000000000000004,23635399.435546875,400,400,400,400,400,400,4691,400,400,400,4690,400,400,4690,400,400,400,400,4690,4690,400,4690,400,400,100,0,0,0,0,0,0,0,0,0,0,0,0,0,0,0,0,0,0,0,5,0,0,0,66480525312,2147479552,25499758592,0
99,1713877663367,101467.31907653809,4700,1,0.30000000000000004,35558.2527923584,4700,1,0.30000000000000004,92017.25546264648,4700,1,0.30000000000000004,40476.10966491699,4700,1,0.30000000000000004,42115.06024169922,4700,1,0.30000000000000004,39189.501205444336,4700,1,0.30000000000000004,39782.80810546875,4700,1,0.30000000000000004,40527.17631530762,4700,1,0.30000000000000004,35606.6056060791,4700,1,0.30000000000000004,34179.587158203125,4700,1,0.30000000000000004,33666.14418029785,4700,1,0.30000000000000004,38289.89392089844,4700,1,0.30000000000000004,23635403.369873047,400,400,400,400,400,400,4691,400,400,400,4690,400,400,4690,400,400,400,400,4690,4690,400,4690,400,400,100,0,0,0,0,0,0,0,0,0,0,0,0,0,0,0,0,0,0,0,5,0,0,0,66480525312,2147479552,23115628544,0
99,1713877663467,101467.91777038574,4700,1,0.30000000000000004,35558.25436401367,4700,1,0.30000000000000004,92017.25733947754,4700,1,0.30000000000000004,40476.113052368164,4700,1,0.30000000000000004,42115.06352233887,4700,1,0.30000000000000004,39189.5065612793,4700,1,0.30000000000000004,39782.81378173828,4700,1,0.30000000000000004,40527.1794128418,4700,1,0.30000000000000004,35606.62104797363,4700,1,0.30000000000000004,34179.5887298584,4700,1,0.30000000000000004,33666.14604187012,4700,1,0.30000000000000004,38289.89569091797,4700,1,0.30000000000000004,23635407.30593872,400,400,400,400,400,400,4691,400,400,400,4690,400,400,4690,400,400,400,400,4690,4690,400,4690,400,400,100,0,0,0,0,0,0,0,0,0,0,0,0,0,0,0,0,0,0,0,4.761904716491699,0,0,0,66480525312,2147479552,20736876544,0
99,1713877663567,101468.45733642578,4700,1,0.30000000000000004,35558.255935668945,4700,1,0.30000000000000004,92017.25971984863,4700,1,0.30000000000000004,40476.11625671387,4700,1,0.30000000000000004,42115.06658935547,4700,1,0.30000000000000004,39189.5096282959,4700,1,0.30000000000000004,39782.81687927246,4700,1,0.30000000000000004,40527.18251037598,4700,1,0.30000000000000004,35606.6364440918,4700,1,0.30000000000000004,34179.592346191406,4700,1,0.30000000000000004,33666.14791870117,4700,1,0.30000000000000004,38289.89790344238,4700,1,0.30000000000000004,23635411.107147217,400,400,400,400,400,400,4691,400,400,400,4690,400,400,4690,400,400,400,400,4690,4690,400,4690,400,400,100,0,0,0,0,0,0,0,0,0,0,0,0,0,0,0,0,0,0,0,4.761904716491699,0,0,0,66480525312,2147479552,20651061248,0
99,1713877663667,101468.96781921387,4700,1,0.30000000000000004,35558.25761413574,4700,1,0.30000000000000004,92017.26152038574,4700,1,0.30000000000000004,40476.11952209473,4700,1,0.30000000000000004,42115.069747924805,4700,1,0.30000000000000004,39189.516342163086,4700,1,0.30000000000000004,39782.82264709473,4700,1,0.30000000000000004,40527.185638427734,4700,1,0.30000000000000004,35606.64566040039,4700,1,0.30000000000000004,34179.59396362305,4700,1,0.30000000000000004,33666.14971923828,4700,1,0.30000000000000004,38289.89952087402,4700,1,0.30000000000000004,23635414.860717773,400,400,400,400,400,400,4691,400,400,400,4690,400,400,4690,400,400,400,400,4690,4690,400,4690,400,400,100,0,0,0,0,0,0,0,0,0,0,0,0,0,0,0,0,0,0,0,0,0,0,0,66480525312,2147479552,20877111296,0
99,1713877663767,101469.48358154297,4700,1,0.30000000000000004,35558.25917053223,4700,1,0.30000000000000004,92017.2635345459,4700,1,0.30000000000000004,40476.12275695801,4700,1,0.30000000000000004,42115.07286071777,4700,1,0.30000000000000004,39189.51950073242,4700,1,0.30000000000000004,39782.82580566406,4700,1,0.30000000000000004,40527.188735961914,4700,1,0.30000000000000004,35606.659103393555,4700,1,0.30000000000000004,34179.59552001953,4700,1,0.30000000000000004,33666.151458740234,4700,1,0.30000000000000004,38289.90298461914,4700,1,0.30000000000000004,23635418.45437622,400,400,400,400,400,400,4691,400,400,400,4690,400,400,4690,400,400,400,400,4690,4690,400,4690,400,400,100,0,0,0,0,0,0,0,0,0,0,0,0,0,0,0,0,0,0,0,0,0,0,0,66480525312,2147479552,21105999872,0
99,1713877663867,101470.00099182129,4700,1,0.30000000000000004,35558.2607421875,4700,1,0.30000000000000004,92017.26531982422,4700,1,0.30000000000000004,40476.12594604492,4700,1,0.30000000000000004,42115.07595825195,4700,1,0.30000000000000004,39189.5225982666,4700,1,0.30000000000000004,39782.82890319824,4700,1,0.30000000000000004,40527.191833496094,4700,1,0.30000000000000004,35606.67207336426,4700,1,0.30000000000000004,34179.59730529785,4700,1,0.30000000000000004,33666.153244018555,4700,1,0.30000000000000004,38289.904556274414,4700,1,0.30000000000000004,23635422.04685974,400,400,400,400,400,400,4691,400,400,400,4690,400,400,4690,400,400,400,400,4690,4690,400,4690,400,400,100,0,0,0,0,0,0,0,0,0,0,0,0,0,0,0,0,0,0,0,5,0,0,0,66480525312,2147479552,21337210880,0
99,1713877663967,101470.51856994629,4700,1,0.30000000000000004,35558.26235961914,4700,1,0.30000000000000004,92017.26736450195,4700,1,0.30000000000000004,40476.12971496582,4700,1,0.30000000000000004,42115.08151245117,4700,1,0.30000000000000004,39189.5281829834,4700,1,0.30000000000000004,39782.83627319336,4700,1,0.30000000000000004,40527.19499206543,4700,1,0.30000000000000004,35606.68453979492,4700,1,0.30000000000000004,34179.59942626953,4700,1,0.30000000000000004,33666.15481567383,4700,1,0.30000000000000004,38289.90612792969,4700,1,0.30000000000000004,23635425.64680481,400,400,400,400,400,400,4691,400,400,400,4690,400,400,4690,400,400,400,400,4690,4690,400,4690,400,400,100,0,0,0,0,0,0,0,0,0,0,0,0,0,0,0,0,0,0,0,5,0,0,0,66480525312,2147479552,21568937984,0
99,1713877664067,101471.03779602051,4700,1,0.30000000000000004,35558.263931274414,4700,1,0.30000000000000004,92017.2698059082,4700,1,0.30000000000000004,40476.13313293457,4700,1,0.30000000000000004,42115.0846862793,4700,1,0.30000000000000004,39189.53157043457,4700,1,0.30000000000000004,39782.83937072754,4700,1,0.30000000000000004,40527.1981048584,4700,1,0.30000000000000004,35606.70063781738,4700,1,0.30000000000000004,34179.60125732422,4700,1,0.30000000000000004,33666.1563873291,4700,1,0.30000000000000004,38289.907775878906,4700,1,0.30000000000000004,23635429.19319153,400,400,400,400,400,400,4691,400,400,400,4690,400,400,4690,400,400,400,400,4690,4690,400,4690,400,400,100,0,0,0,0,0,0,0,0,0,0,0,0,0,0,0,0,0,0,0,4.761904716491699,0,0,0,66480525312,2147479552,21800665088,0
99,1713877664167,101471.55628967285,4700,1,0.30000000000000004,35558.26550292969,4700,1,0.30000000000000004,92017.27156066895,4700,1,0.30000000000000004,40476.136489868164,4700,1,0.30000000000000004,42115.08778381348,4700,1,0.30000000000000004,39189.53466796875,4700,1,0.30000000000000004,39782.84246826172,4700,1,0.30000000000000004,40527.20120239258,4700,1,0.30000000000000004,35606.71598815918,4700,1,0.30000000000000004,34179.60290527344,4700,1,0.30000000000000004,33666.15803527832,4700,1,0.30000000000000004,38289.90934753418,4700,1,0.30000000000000004,23635432.768615723,400,400,400,400,400,400,4691,400,400,400,4690,400,400,4690,400,400,400,400,4690,4690,400,4690,400,400,100,0,0,0,0,0,0,0,0,0,0,0,0,0,0,0,0,0,0,0,4.761904716491699,0,0,0,66480525312,2147479552,22032908288,0
99,1713877664267,101472.07000732422,4700,1,0.30000000000000004,35558.26707458496,4700,1,0.30000000000000004,92017.27360534668,4700,1,0.30000000000000004,40476.139892578125,4700,1,0.30000000000000004,42115.09097290039,4700,1,0.30000000000000004,39189.53776550293,4700,1,0.30000000000000004,39782.8455657959,4700,1,0.30000000000000004,40527.20429992676,4700,1,0.30000000000000004,35606.73063659668,4700,1,0.30000000000000004,34179.604904174805,4700,1,0.30000000000000004,33666.159606933594,4700,1,0.30000000000000004,38289.91091918945,4700,1,0.30000000000000004,23635436.36846924,400,400,400,400,400,400,4691,400,400,400,4690,400,400,4690,400,400,400,400,4690,4690,400,4690,400,400,100,0,0,0,0,0,0,0,0,0,0,0,0,0,0,0,0,0,0,0,4.761904716491699,0,0,0,66480525312,2147479552,22265667584,0
99,1713877664367,101472.58985900879,4700,1,0.30000000000000004,35558.268646240234,4700,1,0.30000000000000004,92017.27537536621,4700,1,0.30000000000000004,40476.14317321777,4700,1,0.30000000000000004,42115.09408569336,4700,1,0.30000000000000004,39189.54089355469,4700,1,0.30000000000000004,39782.8486328125,4700,1,0.30000000000000004,40527.20736694336,4700,1,0.30000000000000004,35606.73991394043,4700,1,0.30000000000000004,34179.606536865234,4700,1,0.30000000000000004,33666.16117858887,4700,1,0.30000000000000004,38289.91249084473,4700,1,0.30000000000000004,23635439.929153442,400,400,400,400,400,400,4691,400,400,400,4690,400,400,4690,400,400,400,400,4690,4690,400,4690,400,400,100,0,0,0,0,0,0,0,0,0,0,0,0,0,0,0,0,0,0,0,4.761904716491699,0,0,0,66480525312,2147479552,22499459072,0
99,1713877664467,101473.11039733887,4700,1,0.30000000000000004,35558.27021789551,4700,1,0.30000000000000004,92017.27729797363,4700,1,0.30000000000000004,40476.146484375,4700,1,0.30000000000000004,42115.097229003906,4700,1,0.30000000000000004,39189.54405212402,4700,1,0.30000000000000004,39782.85191345215,4700,1,0.30000000000000004,40527.21292114258,4700,1,0.30000000000000004,35606.753509521484,4700,1,0.30000000000000004,34179.608306884766,4700,1,0.30000000000000004,33666.16279602051,4700,1,0.30000000000000004,38289.91404724121,4700,1,0.30000000000000004,23635443.474472046,400,400,400,400,400,400,4691,400,400,400,4690,400,400,4690,400,400,400,400,4690,4690,400,4690,400,400,100,0,0,0,0,0,0,0,0,0,0,0,0,0,0,0,0,0,0,0,0,0,0,0,66480525312,2147479552,22732734464,0
99,1713877664567,101473.63082885742,4700,1,0.30000000000000004,35558.27177429199,4700,1,0.30000000000000004,92017.27928161621,4700,1,0.30000000000000004,40476.149673461914,4700,1,0.30000000000000004,42115.100326538086,4700,1,0.30000000000000004,39189.5471496582,4700,1,0.30000000000000004,39782.85501098633,4700,1,0.30000000000000004,40527.21603393555,4700,1,0.30000000000000004,35606.76657104492,4700,1,0.30000000000000004,34179.61016845703,4700,1,0.30000000000000004,33666.16436767578,4700,1,0.30000000000000004,38289.916244506836,4700,1,0.30000000000000004,23635446.9737854,400,400,400,400,400,400,4691,400,400,400,4690,400,400,4690,400,400,400,400,4690,4690,400,4690,400,400,100,0,0,0,0,0,0,0,0,0,0,0,0,0,0,0,0,0,0,0,0,0,0,0,66480525312,2147479552,22966525952,0
99,1713877664667,101474.15153503418,4700,1,0.30000000000000004,35558.27346801758,4700,1,0.30000000000000004,92017.28134155273,4700,1,0.30000000000000004,40476.15286254883,4700,1,0.30000000000000004,42115.10591125488,4700,1,0.30000000000000004,39189.55125427246,4700,1,0.30000000000000004,39782.85810852051,4700,1,0.30000000000000004,40527.219146728516,4700,1,0.30000000000000004,35606.78283691406,4700,1,0.30000000000000004,34179.61198425293,4700,1,0.30000000000000004,33666.165939331055,4700,1,0.30000000000000004,38289.91781616211,4700,1,0.30000000000000004,23635450.533966064,400,400,400,400,400,400,4691,400,400,400,4690,400,400,4690,400,400,400,400,4690,4690,400,4690,400,400,100,0,0,0,0,0,0,0,0,0,0,0,0,0,0,0,0,0,0,0,0,0,0,0,66480525312,2147479552,23200317440,0
99,1713877664767,101474.67149353027,4700,1,0.30000000000000004,35558.27508544922,4700,1,0.30000000000000004,92017.28450012207,4700,1,0.30000000000000004,40476.15621948242,4700,1,0.30000000000000004,42115.10900878906,4700,1,0.30000000000000004,39189.55531311035,4700,1,0.30000000000000004,39782.86373901367,4700,1,0.30000000000000004,40527.224060058594,4700,1,0.30000000000000004,35606.79479980469,4700,1,0.30000000000000004,34179.61405944824,4700,1,0.30000000000000004,33666.16751098633,4700,1,0.30000000000000004,38289.91938781738,4700,1,0.30000000000000004,23635454.133529663,400,400,400,400,400,400,4691,400,400,400,4690,400,400,4690,400,400,400,400,4690,4690,400,4690,400,400,100,0,0,0,0,0,0,0,0,0,0,0,0,0,0,0,0,0,0,0,0,0,0,0,66480525312,2147479552,23434108928,0
99,1713877664868,101475.19194030762,4700,1,0.30000000000000004,35558.27665710449,4700,1,0.30000000000000004,92017.28633117676,4700,1,0.30000000000000004,40476.159408569336,4700,1,0.30000000000000004,42115.11210632324,4700,1,0.30000000000000004,39189.55841064453,4700,1,0.30000000000000004,39782.866928100586,4700,1,0.30000000000000004,40527.22715759277,4700,1,0.30000000000000004,35606.81007385254,4700,1,0.30000000000000004,34179.615814208984,4700,1,0.30000000000000004,33666.1690826416,4700,1,0.30000000000000004,38289.92108154297,4700,1,0.30000000000000004,23635457.69432068,400,400,400,400,400,400,4691,400,400,400,4690,400,400,4690,400,400,400,400,4690,4690,400,4690,400,400,100,0,0,0,0,0,0,0,0,0,0,0,0,0,0,0,0,0,0,0,0,0,0,0,66480525312,2147479552,23667900416,0
99,1713877664968,101475.70709228516,4700,1,0.30000000000000004,35558.2783203125,4700,1,0.30000000000000004,92017.28840637207,4700,1,0.30000000000000004,40476.1628112793,4700,1,0.30000000000000004,42115.11753845215,4700,1,0.30000000000000004,39189.56726074219,4700,1,0.30000000000000004,39782.87071228027,4700,1,0.30000000000000004,40527.230377197266,4700,1,0.30000000000000004,35606.82490539551,4700,1,0.30000000000000004,34179.61755371094,4700,1,0.30000000000000004,33666.17071533203,4700,1,0.30000000000000004,38289.9245300293,4700,1,0.30000000000000004,23635461.26350403,400,400,400,400,400,400,4691,400,400,400,4690,400,400,4690,400,400,400,400,4690,4690,400,4690,400,400,100,0,0,0,0,0,0,0,0,0,0,0,0,0,0,0,0,0,0,0,0,0,0,0,66480525312,2147479552,23901691904,0
99,1713877665068,101476.22750854492,4700,1,0.30000000000000004,35558.27989196777,4700,1,0.30000000000000004,92017.29130554199,4700,1,0.30000000000000004,40476.16612243652,4700,1,0.30000000000000004,42115.12077331543,4700,1,0.30000000000000004,39189.5705871582,4700,1,0.30000000000000004,39782.873779296875,4700,1,0.30000000000000004,40527.233474731445,4700,1,0.30000000000000004,35606.839279174805,4700,1,0.30000000000000004,34179.619400024414,4700,1,0.30000000000000004,33666.172286987305,4700,1,0.30000000000000004,38289.926193237305,4700,1,0.30000000000000004,23635464.83695984,400,400,400,400,400,400,4691,400,400,400,4690,400,400,4690,400,400,400,400,4690,4690,400,4690,400,400,100,4.761904716491699,0,0,0,0,0,0,0,0,0,0,0,0,0,0,0,0,0,0,0,0,0,0,66480525312,2147479552,24135999488,0
99,1713877665168,101476.74702453613,4700,1,0.30000000000000004,35558.28144836426,4700,1,0.30000000000000004,92017.29307556152,4700,1,0.30000000000000004,40476.16943359375,4700,1,0.30000000000000004,42115.1238861084,4700,1,0.30000000000000004,39189.57368469238,4700,1,0.30000000000000004,39782.876876831055,4700,1,0.30000000000000004,40527.23654174805,4700,1,0.30000000000000004,35606.8475189209,4700,1,0.30000000000000004,34179.62104797363,4700,1,0.30000000000000004,33666.17384338379,4700,1,0.30000000000000004,38289.927795410156,4700,1,0.30000000000000004,23635468.418258667,400,400,400,400,400,400,4691,400,400,400,4690,400,400,4690,400,400,400,400,4690,4690,400,4690,400,400,100,4.761904716491699,0,0,0,0,0,0,0,0,0,0,0,0,0,0,0,0,0,0,0,0,0,0,66480525312,2147479552,24369790976,0
99,1713877665268,101477.2667388916,4700,1,0.30000000000000004,35558.28302001953,4700,1,0.30000000000000004,92017.29512023926,4700,1,0.30000000000000004,40476.17274475098,4700,1,0.30000000000000004,42115.127044677734,4700,1,0.30000000000000004,39189.57678222656,4700,1,0.30000000000000004,39782.879974365234,4700,1,0.30000000000000004,40527.23963928223,4700,1,0.30000000000000004,35606.86036682129,4700,1,0.30000000000000004,34179.623138427734,4700,1,0.30000000000000004,33666.17541503906,4700,1,0.30000000000000004,38289.92936706543,4700,1,0.30000000000000004,23635471.996414185,400,400,400,400,400,400,4691,400,400,400,4690,400,400,4690,400,400,400,400,4690,4690,400,4690,400,400,100,0,0,0,0,0,0,0,0,0,0,0,0,0,0,0,0,0,0,0,0,0,0,0,66480525312,2147479552,24603582464,0
99,1713877665368,101477.7865447998,4700,1,0.30000000000000004,35558.284591674805,4700,1,0.30000000000000004,92017.29690551758,4700,1,0.30000000000000004,40476.17593383789,4700,1,0.30000000000000004,42115.1309967041,4700,1,0.30000000000000004,39189.5799407959,4700,1,0.30000000000000004,39782.883071899414,4700,1,0.30000000000000004,40527.242736816406,4700,1,0.30000000000000004,35606.87268066406,4700,1,0.30000000000000004,34179.62480163574,4700,1,0.30000000000000004,33666.176986694336,4700,1,0.30000000000000004,38289.9309387207,4700,1,0.30000000000000004,23635475.636138916,400,400,400,400,400,400,4691,400,400,400,4690,400,400,4690,400,400,400,400,4690,4690,400,4690,400,400,100,0,0,0,0,0,0,0,0,0,0,0,0,0,0,0,0,0,0,0,0,0,0,0,66480525312,2147479552,24837890048,0
99,1713877665468,101478.3070678711,4700,1,0.30000000000000004,35558.28616333008,4700,1,0.30000000000000004,92017.29884338379,4700,1,0.30000000000000004,40476.17919921875,4700,1,0.30000000000000004,42115.13414001465,4700,1,0.30000000000000004,39189.583084106445,4700,1,0.30000000000000004,39782.886306762695,4700,1,0.30000000000000004,40527.245834350586,4700,1,0.30000000000000004,35606.88441467285,4700,1,0.30000000000000004,34179.626541137695,4700,1,0.30000000000000004,33666.178619384766,4700,1,0.30000000000000004,38289.93251037598,4700,1,0.30000000000000004,23635479.20487976,400,400,400,400,400,400,4691,400,400,400,4690,400,400,4690,400,400,400,400,4690,4690,400,4690,400,400,100,0,0,0,0,0,0,0,0,0,0,0,0,0,0,0,0,0,0,0,0,0,0,0,66480525312,2147479552,25072197632,0
99,1713877665568,101478.82746887207,4700,1,0.30000000000000004,35558.28773498535,4700,1,0.30000000000000004,92017.30096435547,4700,1,0.30000000000000004,40476.182388305664,4700,1,0.30000000000000004,42115.13723754883,4700,1,0.30000000000000004,39189.586181640625,4700,1,0.30000000000000004,39782.889404296875,4700,1,0.30000000000000004,40527.248931884766,4700,1,0.30000000000000004,35606.89978027344,4700,1,0.30000000000000004,34179.628494262695,4700,1,0.30000000000000004,33666.18019104004,4700,1,0.30000000000000004,38289.934646606445,4700,1,0.30000000000000004,23635482.807540894,400,400,400,400,400,400,4691,400,400,400,4690,400,400,4690,400,400,400,400,4690,4690,400,4690,400,400,100,0,0,0,0,0,0,0,0,0,0,0,0,0,0,0,0,0,0,0,0,0,0,0,66480525312,2147479552,25306505216,0
99,1713877665668,101479.34230041504,4700,1,0.30000000000000004,35558.28942871094,4700,1,0.30000000000000004,92017.30305480957,4700,1,0.30000000000000004,40476.18571472168,4700,1,0.30000000000000004,42115.14033508301,4700,1,0.30000000000000004,39189.596740722656,4700,1,0.30000000000000004,39782.892501831055,4700,1,0.30000000000000004,40527.25207519531,4700,1,0.30000000000000004,35606.914459228516,4700,1,0.30000000000000004,34179.63032531738,4700,1,0.30000000000000004,33666.18176269531,4700,1,0.30000000000000004,38289.93621826172,4700,1,0.30000000000000004,23635486.436660767,400,400,400,400,400,400,4691,400,400,400,4690,400,400,4690,400,400,400,400,4690,4690,400,4690,400,400,100,0,0,0,0,0,0,0,0,0,0,0,0,0,0,0,0,0,0,0,0,0,0,0,66480525312,2147479552,25540812800,0
99,1713877665768,101479.86180114746,4700,1,0.30000000000000004,35558.29196166992,4700,1,0.30000000000000004,92017.30534362793,4700,1,0.30000000000000004,40476.18891906738,4700,1,0.30000000000000004,42115.14340209961,4700,1,0.30000000000000004,39189.59980773926,4700,1,0.30000000000000004,39782.895599365234,4700,1,0.30000000000000004,40527.255142211914,4700,1,0.30000000000000004,35606.928955078125,4700,1,0.30000000000000004,34179.63235473633,4700,1,0.30000000000000004,33666.183334350586,4700,1,0.30000000000000004,38289.93965148926,4700,1,0.30000000000000004,23635490.08113098,400,400,400,400,400,400,4691,400,400,400,4690,400,400,4690,400,400,400,400,4690,4690,400,4690,400,400,100,0,0,0,0,0,0,0,0,0,0,0,0,0,0,0,0,0,0,0,0,0,0,0,66480525312,2147479552,25774862336,0
99,1713877665868,101480.38229370117,4700,1,0.30000000000000004,35558.293533325195,4700,1,0.30000000000000004,92017.3072052002,4700,1,0.30000000000000004,40476.1921081543,4700,1,0.30000000000000004,42115.14651489258,4700,1,0.30000000000000004,39189.60290527344,4700,1,0.30000000000000004,39782.898696899414,4700,1,0.30000000000000004,40527.258239746094,4700,1,0.30000000000000004,35606.93730163574,4700,1,0.30000000000000004,34179.63407897949,4700,1,0.30000000000000004,33666.18490600586,4700,1,0.30000000000000004,38289.94129943848,4700,1,0.30000000000000004,23635493.63874817,400,400,400,400,400,400,4691,400,400,400,4690,400,400,4690,400,400,400,400,4690,4690,400,4690,400,400,100,0,0,0,0,0,0,0,0,0,0,0,0,0,0,0,0,0,0,0,0,0,0,0,66480525312,2147479552,26009169920,0
99,1713877665968,101480.90173339844,4700,1,0.30000000000000004,35558.29525756836,4700,1,0.30000000000000004,92017.30912780762,4700,1,0.30000000000000004,40476.19552612305,4700,1,0.30000000000000004,42115.15197753906,4700,1,0.30000000000000004,39189.60626220703,4700,1,0.30000000000000004,39782.90336608887,4700,1,0.30000000000000004,40527.26139831543,4700,1,0.30000000000000004,35606.9501953125,4700,1,0.30000000000000004,34179.63591003418,4700,1,0.30000000000000004,33666.1865234375,4700,1,0.30000000000000004,38289.94285583496,4700,1,0.30000000000000004,23635497.19908142,400,400,400,400,400,400,4691,400,400,400,4690,400,400,4690,400,400,400,400,4690,4690,400,4690,400,400,100,0,0,0,0,0,0,0,0,0,0,0,0,0,0,0,0,0,0,0,0,0,0,0,66480525312,2147479552,26243477504,0
99,1713877666068,101481.42156982422,4700,1,0.30000000000000004,35558.298110961914,4700,1,0.30000000000000004,92017.31173706055,4700,1,0.30000000000000004,40476.19889831543,4700,1,0.30000000000000004,42115.15525817871,4700,1,0.30000000000000004,39189.609619140625,4700,1,0.30000000000000004,39782.912826538086,4700,1,0.30000000000000004,40527.26463317871,4700,1,0.30000000000000004,35606.962814331055,4700,1,0.30000000000000004,34179.637939453125,4700,1,0.30000000000000004,33666.188217163086,4700,1,0.30000000000000004,38289.945556640625,4700,1,0.30000000000000004,23635500.786224365,400,400,400,400,400,400,4691,400,400,400,4690,400,400,4690,400,400,400,400,4690,4690,400,4690,400,400,100,0,0,0,0,0,0,0,0,0,0,0,0,0,0,0,0,0,0,0,0,0,0,0,66480525312,2147479552,26477268992,0
99,1713877666168,101481.94145202637,4700,1,0.30000000000000004,35558.29968261719,4700,1,0.30000000000000004,92017.31356811523,4700,1,0.30000000000000004,40476.20217895508,4700,1,0.30000000000000004,42115.15835571289,4700,1,0.30000000000000004,39189.612716674805,4700,1,0.30000000000000004,39782.915924072266,4700,1,0.30000000000000004,40527.26773071289,4700,1,0.30000000000000004,35606.9744720459,4700,1,0.30000000000000004,34179.63960266113,4700,1,0.30000000000000004,33666.18978881836,4700,1,0.30000000000000004,38289.947174072266,4700,1,0.30000000000000004,23635504.389297485,400,400,400,400,400,400,4691,400,400,400,4690,400,400,4690,400,400,400,400,4690,4690,400,4690,400,400,100,0,0,0,0,0,0,0,0,0,0,0,0,0,0,0,0,0,0,0,0,0,0,0,66480525312,2147479552,26711576576,0
99,1713877666268,101482.4616394043,4700,1,0.30000000000000004,35558.30125427246,4700,1,0.30000000000000004,92017.31614685059,4700,1,0.30000000000000004,40476.20545959473,4700,1,0.30000000000000004,42115.16151428223,4700,1,0.30000000000000004,39189.615814208984,4700,1,0.30000000000000004,39782.919021606445,4700,1,0.30000000000000004,40527.27082824707,4700,1,0.30000000000000004,35606.98959350586,4700,1,0.30000000000000004,34179.64161682129,4700,1,0.30000000000000004,33666.19136047363,4700,1,0.30000000000000004,38289.94874572754,4700,1,0.30000000000000004,23635508.008117676,400,400,400,400,400,400,4691,400,400,400,4690,400,400,4690,400,400,400,400,4690,4690,400,4690,400,400,100,0,0,0,0,0,0,0,0,0,0,0,0,0,0,0,0,0,0,0,0,0,0,0,66480525312,2147479552,26945884160,0
99,1713877666368,101482.9759979248,4700,1,0.30000000000000004,35558.302825927734,4700,1,0.30000000000000004,92017.31796264648,4700,1,0.30000000000000004,40476.20864868164,4700,1,0.30000000000000004,42115.16491699219,4700,1,0.30000000000000004,39189.61897277832,4700,1,0.30000000000000004,39782.922119140625,4700,1,0.30000000000000004,40527.27392578125,4700,1,0.30000000000000004,35607.00407409668,4700,1,0.30000000000000004,34179.6432800293,4700,1,0.30000000000000004,33666.192932128906,4700,1,0.30000000000000004,38289.95167541504,4700,1,0.30000000000000004,23635511.64389038,400,400,400,400,400,400,4691,400,400,400,4690,400,400,4690,400,400,400,400,4690,4690,400,4690,400,400,100,0,0,0,0,0,0,0,0,0,0,0,0,0,0,0,0,0,0,0,0,0,0,0,66480525312,2147479552,27180191744,0
99,1713877666468,101483.49668884277,4700,1,0.30000000000000004,35558.30439758301,4700,1,0.30000000000000004,92017.3199005127,4700,1,0.30000000000000004,40476.21195983887,4700,1,0.30000000000000004,42115.168029785156,4700,1,0.30000000000000004,39189.62208557129,4700,1,0.30000000000000004,39782.925521850586,4700,1,0.30000000000000004,40527.27702331543,4700,1,0.30000000000000004,35607.018157958984,4700,1,0.30000000000000004,34179.64501953125,4700,1,0.30000000000000004,33666.1946105957,4700,1,0.30000000000000004,38289.95327758789,4700,1,0.30000000000000004,23635515.202911377,400,400,400,400,400,400,4691,400,400,400,4690,400,400,4690,400,400,400,400,4690,4690,400,4690,400,400,100,0,0,0,0,0,0,0,0,0,0,0,0,0,0,0,0,0,0,0,0,0,0,0,66480525312,2147479552,27414499328,0
99,1713877666568,101484.01640319824,4700,1,0.30000000000000004,35558.30596923828,4700,1,0.30000000000000004,92017.32188415527,4700,1,0.30000000000000004,40476.21516418457,4700,1,0.30000000000000004,42115.171127319336,4700,1,0.30000000000000004,39189.62518310547,4700,1,0.30000000000000004,39782.92858886719,4700,1,0.30000000000000004,40527.28009033203,4700,1,0.30000000000000004,35607.02674865723,4700,1,0.30000000000000004,34179.6467590332,4700,1,0.30000000000000004,33666.19616699219,4700,1,0.30000000000000004,38289.95489501953,4700,1,0.30000000000000004,23635518.811538696,400,400,400,400,400,400,4691,400,400,400,4690,400,400,4690,400,400,400,400,4690,4690,400,4690,400,400,100,0,0,0,0,0,0,0,0,0,0,0,0,0,0,0,0,0,0,0,0,0,0,0,66480525312,2147479552,27648806912,0
99,1713877666669,101484.5355682373,4700,1,0.30000000000000004,35558.30764770508,4700,1,0.30000000000000004,92017.32374572754,4700,1,0.30000000000000004,40476.21836853027,4700,1,0.30000000000000004,42115.17674255371,4700,1,0.30000000000000004,39189.628829956055,4700,1,0.30000000000000004,39782.931701660156,4700,1,0.30000000000000004,40527.283203125,4700,1,0.30000000000000004,35607.039627075195,4700,1,0.30000000000000004,34179.64859008789,4700,1,0.30000000000000004,33666.19773864746,4700,1,0.30000000000000004,38289.95649719238,4700,1,0.30000000000000004,23635522.440856934,400,400,400,400,400,400,4691,400,400,400,4690,400,400,4690,400,400,400,400,4690,4690,400,4690,400,400,100,0,0,0,0,0,0,0,0,0,0,0,0,0,0,0,0,0,0,0,0,0,0,0,66480525312,2147479552,27883114496,0
99,1713877666769,101485.05516052246,4700,1,0.30000000000000004,35558.30921936035,4700,1,0.30000000000000004,92017.32633972168,4700,1,0.30000000000000004,40476.2219543457,4700,1,0.30000000000000004,42115.180435180664,4700,1,0.30000000000000004,39189.63261413574,4700,1,0.30000000000000004,39782.934799194336,4700,1,0.30000000000000004,40527.287033081055,4700,1,0.30000000000000004,35607.0520324707,4700,1,0.30000000000000004,34179.65071105957,4700,1,0.30000000000000004,33666.199310302734,4700,1,0.30000000000000004,38289.958084106445,4700,1,0.30000000000000004,23635526.042663574,400,400,400,400,400,400,4691,400,400,400,4690,400,400,4690,400,400,400,400,4690,4690,400,4690,400,400,100,0,0,0,0,0,0,0,0,0,0,0,0,0,0,0,0,0,0,0,0,0,0,0,66480525312,2147479552,28117422080,0
99,1713877666869,101485.57528686523,4700,1,0.30000000000000004,35558.310791015625,4700,1,0.30000000000000004,92017.3282623291,4700,1,0.30000000000000004,40476.22514343262,4700,1,0.30000000000000004,42115.18388366699,4700,1,0.30000000000000004,39189.63571166992,4700,1,0.30000000000000004,39782.93798828125,4700,1,0.30000000000000004,40527.290130615234,4700,1,0.30000000000000004,35607.06391906738,4700,1,0.30000000000000004,34179.6524810791,4700,1,0.30000000000000004,33666.20088195801,4700,1,0.30000000000000004,38289.95965576172,4700,1,0.30000000000000004,23635529.662628174,400,400,400,400,400,400,4691,400,400,400,4690,400,400,4690,400,400,400,400,4690,4690,400,4690,400,400,100,0,0,0,0,0,0,0,0,0,0,0,0,0,0,0,0,0,0,0,0,0,0,0,66480525312,2147479552,28351729664,0
99,1713877666969,101486.09490966797,4700,1,0.29374999999999996,35558.31428527832,4700,1,0.30000000000000004,92017.33029174805,4700,1,0.30000000000000004,40476.228759765625,4700,1,0.30000000000000004,42115.18928527832,4700,1,0.30000000000000004,39189.64320373535,4700,1,0.30000000000000004,39782.94258117676,4700,1,0.30000000000000004,40527.29333496094,4700,1,0.30000000000000004,35607.07662963867,4700,1,0.30000000000000004,34179.654220581055,4700,1,0.30000000000000004,33666.20251464844,4700,1,0.30000000000000004,38289.96142578125,4700,1,0.30000000000000004,23635533.310455322,400,400,400,400,400,400,4691,400,400,400,4690,400,400,4690,400,400,400,400,4690,4690,400,4690,400,400,100,0,0,0,0,0,0,0,0,0,0,0,0,0,0,0,0,0,0,0,0,0,0,0,66480525312,2147479552,28586037248,0
99,1713877667069,101486.61515808105,4700,1,0.30000000000000004,35558.315856933594,4700,1,0.30000000000000004,92017.33271789551,4700,1,0.30000000000000004,40476.23210144043,4700,1,0.30000000000000004,42115.192459106445,4700,1,0.30000000000000004,39189.646560668945,4700,1,0.30000000000000004,39782.94567871094,4700,1,0.30000000000000004,40527.29643249512,4700,1,0.30000000000000004,35607.09147644043,4700,1,0.30000000000000004,34179.656005859375,4700,1,0.30000000000000004,33666.20408630371,4700,1,0.30000000000000004,38289.963439941406,4700,1,0.30000000000000004,23635536.877487183,400,400,400,400,400,400,4691,400,400,400,4690,400,400,4690,400,400,400,400,4690,4690,400,4690,400,400,100,0,0,0,0,0,0,0,0,0,0,0,0,0,0,0,0,0,0,0,0,0,0,0,66480525312,2147479552,28819828736,0
99,1713877667169,101487.12901306152,4700,1,0.30000000000000004,35558.31742858887,4700,1,0.30000000000000004,92017.33447265625,4700,1,0.30000000000000004,40476.2353515625,4700,1,0.30000000000000004,42115.19552612305,4700,1,0.30000000000000004,39189.64962768555,4700,1,0.30000000000000004,39782.94877624512,4700,1,0.30000000000000004,40527.2995300293,4700,1,0.30000000000000004,35607.10545349121,4700,1,0.30000000000000004,34179.65766906738,4700,1,0.30000000000000004,33666.205657958984,4700,1,0.30000000000000004,38289.96501159668,4700,1,0.30000000000000004,23635540.537628174,400,400,400,400,400,400,4691,400,400,400,4690,400,400,4690,400,400,400,400,4690,4690,400,4690,400,400,100,0,0,0,0,0,0,0,0,0,0,0,0,0,0,0,0,0,0,0,0,0,0,0,66480525312,2147479552,29054652416,0
99,1713877667269,101487.64797973633,4700,1,0.30000000000000004,35558.31900024414,4700,1,0.30000000000000004,92017.33671569824,4700,1,0.30000000000000004,40476.23863220215,4700,1,0.30000000000000004,42115.19868469238,4700,1,0.30000000000000004,39189.65272521973,4700,1,0.30000000000000004,39782.95184326172,4700,1,0.30000000000000004,40527.3025970459,4700,1,0.30000000000000004,35607.11405944824,4700,1,0.30000000000000004,34179.65968322754,4700,1,0.30000000000000004,33666.20722961426,4700,1,0.30000000000000004,38289.96662902832,4700,1,0.30000000000000004,23635544.224700928,400,400,400,400,400,400,4691,400,400,400,4690,400,400,4690,400,400,400,400,4690,4690,400,4690,400,400,100,0,0,0,0,0,0,0,0,0,0,0,0,0,0,0,0,0,0,0,0,0,0,0,66480525312,2147479552,29288443904,0
99,1713877667369,101488.16835021973,4700,1,0.30000000000000004,35558.320556640625,4700,1,0.30000000000000004,92017.3384552002,4700,1,0.30000000000000004,40476.24186706543,4700,1,0.30000000000000004,42115.203842163086,4700,1,0.30000000000000004,39189.65589904785,4700,1,0.30000000000000004,39782.95495605469,4700,1,0.30000000000000004,40527.30569458008,4700,1,0.30000000000000004,35607.12678527832,4700,1,0.30000000000000004,34179.66131591797,4700,1,0.30000000000000004,33666.20878601074,4700,1,0.30000000000000004,38289.968185424805,4700,1,0.30000000000000004,23635547.767990112,400,400,400,400,400,400,4691,400,400,400,4690,400,400,4690,400,400,400,400,4690,4690,400,4690,400,400,100,0,0,0,0,0,0,0,0,0,0,0,0,0,0,0,0,0,0,0,0,0,0,0,66480525312,2147479552,29522751488,0
99,1713877667469,101488.68815612793,4700,1,0.30000000000000004,35558.322189331055,4700,1,0.30000000000000004,92017.34042358398,4700,1,0.30000000000000004,40476.245178222656,4700,1,0.30000000000000004,42115.20698547363,4700,1,0.30000000000000004,39189.659118652344,4700,1,0.30000000000000004,39782.958267211914,4700,1,0.30000000000000004,40527.30879211426,4700,1,0.30000000000000004,35607.13882446289,4700,1,0.30000000000000004,34179.66305541992,4700,1,0.30000000000000004,33666.21041870117,4700,1,0.30000000000000004,38289.96977233887,4700,1,0.30000000000000004,23635551.3286438,400,400,400,400,400,400,4691,400,400,400,4690,400,400,4690,400,400,400,400,4690,4690,400,4690,400,400,100,0,0,0,0,0,0,0,0,0,0,0,0,0,0,0,0,0,0,0,0,0,0,0,66480525312,2147479552,29757059072,0
99,1713877667569,101489.2085571289,4700,1,0.30000000000000004,35558.32376098633,4700,1,0.30000000000000004,92017.34245300293,4700,1,0.30000000000000004,40476.24839782715,4700,1,0.30000000000000004,42115.21008300781,4700,1,0.30000000000000004,39189.66221618652,4700,1,0.30000000000000004,39782.961364746094,4700,1,0.30000000000000004,40527.31188964844,4700,1,0.30000000000000004,35607.15049743652,4700,1,0.30000000000000004,34179.664962768555,4700,1,0.30000000000000004,33666.21202087402,4700,1,0.30000000000000004,38289.97186279297,4700,1,0.30000000000000004,23635554.86250305,400,400,400,400,400,400,4691,400,400,400,4690,400,400,4690,400,400,400,400,4690,4690,400,4690,400,400,100,0,0,0,0,0,0,0,0,0,0,0,0,0,0,0,0,0,0,0,0,0,0,0,66480525312,2147479552,29991366656,0
99,1713877667669,101489.72776794434,4700,1,0.30000000000000004,35558.32563781738,4700,1,0.30000000000000004,92017.34451293945,4700,1,0.30000000000000004,40476.2516784668,4700,1,0.30000000000000004,42115.21318054199,4700,1,0.30000000000000004,39189.674224853516,4700,1,0.30000000000000004,39782.96446228027,4700,1,0.30000000000000004,40527.31512451172,4700,1,0.30000000000000004,35607.16157531738,4700,1,0.30000000000000004,34179.66662597656,4700,1,0.30000000000000004,33666.213790893555,4700,1,0.30000000000000004,38289.97343444824,4700,1,0.30000000000000004,23635558.495147705,400,400,400,400,400,400,4691,400,400,400,4690,400,400,4690,400,400,400,400,4690,4690,400,4690,400,400,100,0,0,0,0,0,0,0,0,0,0,0,0,0,0,0,0,0,0,0,0,0,0,0,66480525312,2147479552,30225674240,0
99,1713877667769,101490.24694824219,4700,1,0.30000000000000004,35558.327209472656,4700,1,0.30000000000000004,92017.34768676758,4700,1,0.30000000000000004,40476.25508117676,4700,1,0.30000000000000004,42115.21633911133,4700,1,0.30000000000000004,39189.677322387695,4700,1,0.30000000000000004,39782.96983337402,4700,1,0.30000000000000004,40527.3182220459,4700,1,0.30000000000000004,35607.17613220215,4700,1,0.30000000000000004,34179.668197631836,4700,1,0.30000000000000004,33666.21562194824,4700,1,0.30000000000000004,38289.97686767578,4700,1,0.30000000000000004,23635562.11329651,400,400,400,400,400,400,4691,400,400,400,4690,400,400,4690,400,400,400,400,4690,4690,400,4690,400,400,100,0,0,0,0,0,0,0,0,0,0,0,0,0,0,0,0,0,0,0,0,0,0,0,66480525312,2147479552,30459981824,0
99,1713877667869,101490.76142883301,4700,1,0.30000000000000004,35558.32878112793,4700,1,0.30000000000000004,92017.34959411621,4700,1,0.30000000000000004,40476.258239746094,4700,1,0.30000000000000004,42115.21951293945,4700,1,0.30000000000000004,39189.6813659668,4700,1,0.30000000000000004,39782.9729309082,4700,1,0.30000000000000004,40527.32131958008,4700,1,0.30000000000000004,35607.19026184082,4700,1,0.30000000000000004,34179.66976928711,4700,1,0.30000000000000004,33666.21743774414,4700,1,0.30000000000000004,38289.97846984863,4700,1,0.30000000000000004,23635565.72038269,400,400,400,400,400,400,4691,400,400,400,4690,400,400,4690,400,400,400,400,4690,4690,400,4690,400,400,100,0,0,0,0,0,0,0,0,0,0,0,0,0,0,0,0,0,0,0,0,0,0,0,66480525312,2147479552,30694289408,0
99,1713877667969,101491.2807006836,4700,1,0.30000000000000004,35558.33039855957,4700,1,0.30000000000000004,92017.3515625,4700,1,0.30000000000000004,40476.26176452637,4700,1,0.30000000000000004,42115.22482299805,4700,1,0.30000000000000004,39189.68734741211,4700,1,0.30000000000000004,39782.97700500488,4700,1,0.30000000000000004,40527.32443237305,4700,1,0.30000000000000004,35607.19874572754,4700,1,0.30000000000000004,34179.67143249512,4700,1,0.30000000000000004,33666.21923828125,4700,1,0.30000000000000004,38289.98017883301,4700,1,0.30000000000000004,23635569.342147827,400,400,400,400,400,400,4691,400,400,400,4690,400,400,4690,400,400,400,400,4690,4690,400,4690,400,400,100,0,0,0,0,0,0,0,0,0,0,0,0,0,0,0,0,0,0,0,0,0,0,0,66480525312,2147479552,30928596992,0
99,1713877668069,101491.80097961426,4700,1,0.30000000000000004,35558.331970214844,4700,1,0.30000000000000004,92017.35398864746,4700,1,0.30000000000000004,40476.26502990723,4700,1,0.30000000000000004,42115.22801208496,4700,1,0.30000000000000004,39189.690826416016,4700,1,0.30000000000000004,39782.98011779785,4700,1,0.30000000000000004,40527.32752990723,4700,1,0.30000000000000004,35607.211654663086,4700,1,0.30000000000000004,34179.6729888916,4700,1,0.30000000000000004,33666.22108459473,4700,1,0.30000000000000004,38289.98182678223,4700,1,0.30000000000000004,23635572.907608032,400,400,400,400,400,400,4691,400,400,400,4690,400,400,4690,400,400,400,400,4690,4690,400,4690,400,400,100,0,0,0,0,0,0,0,0,0,0,0,0,0,0,0,0,0,0,0,0,0,0,0,66480525312,2147479552,31162388480,0
99,1713877668169,101492.32026672363,4700,1,0.30000000000000004,35558.33352661133,4700,1,0.30000000000000004,92017.35572814941,4700,1,0.30000000000000004,40476.268325805664,4700,1,0.30000000000000004,42115.23110961914,4700,1,0.30000000000000004,39189.693923950195,4700,1,0.30000000000000004,39782.98321533203,4700,1,0.30000000000000004,40527.330642700195,4700,1,0.30000000000000004,35607.2237701416,4700,1,0.30000000000000004,34179.674560546875,4700,1,0.30000000000000004,33666.222732543945,4700,1,0.30000000000000004,38289.98342895508,4700,1,0.30000000000000004,23635576.511871338,400,400,400,400,400,400,4691,400,400,400,4690,400,400,4690,400,400,400,400,4690,4690,400,4690,400,400,100,0,0,0,0,0,0,0,0,0,0,0,0,0,0,0,0,0,0,0,0,0,0,0,66480525312,2147479552,31396696064,0
99,1713877668269,101492.84111022949,4700,1,0.30000000000000004,35558.34931945801,4700,1,0.30000000000000004,92017.37319946289,4700,1,0.30000000000000004,40476.2928314209,4700,1,0.30000000000000004,42115.24784851074,4700,1,0.30000000000000004,39189.715423583984,4700,1,0.30000000000000004,39783.00314331055,4700,1,0.30000000000000004,40527.34925842285,4700,1,0.30000000000000004,35607.248596191406,4700,1,0.30000000000000004,34179.687072753906,4700,1,0.30000000000000004,33666.23568725586,4700,1,0.30000000000000004,38290.00001525879,4700,1,0.30000000000000004,23635580.285186768,400,400,400,400,400,400,4691,400,400,400,4690,400,400,4690,400,400,400,400,4690,4690,400,4690,400,400,100,0,0,0,0,0,0,0,0,0,0,0,0,0,0,0,0,0,0,0,0,0,0,0,66480525312,2147479552,31631003648,0
99,1713877668369,101493.36056518555,4700,1,0.30000000000000004,35558.35089111328,4700,1,0.30000000000000004,92017.37495422363,4700,1,0.30000000000000004,40476.29634094238,4700,1,0.30000000000000004,42115.25099182129,4700,1,0.30000000000000004,39189.71856689453,4700,1,0.30000000000000004,39783.00624084473,4700,1,0.30000000000000004,40527.35241699219,4700,1,0.30000000000000004,35607.259689331055,4700,1,0.30000000000000004,34179.68867492676,4700,1,0.30000000000000004,33666.23742675781,4700,1,0.30000000000000004,38290.00158691406,4700,1,0.30000000000000004,23635583.91824341,400,400,400,400,400,400,4691,400,400,400,4690,400,400,4690,400,400,400,400,4690,4690,400,4690,400,400,100,0,0,0,0,0,0,0,0,0,0,0,0,0,0,0,0,0,0,0,0,0,0,0,66480525312,2147479552,31864795136,0
99,1713877668470,101493.88024902344,4700,1,0.30000000000000004,35558.352462768555,4700,1,0.30000000000000004,92017.37699890137,4700,1,0.30000000000000004,40476.29968261719,4700,1,0.30000000000000004,42115.25421142578,4700,1,0.30000000000000004,39189.72334289551,4700,1,0.30000000000000004,39783.01086425781,4700,1,0.30000000000000004,40527.35557556152,4700,1,0.30000000000000004,35607.274154663086,4700,1,0.30000000000000004,34179.69024658203,4700,1,0.30000000000000004,33666.23921203613,4700,1,0.30000000000000004,38290.00325012207,4700,1,0.30000000000000004,23635587.538757324,400,400,400,400,400,400,4691,400,400,400,4690,400,400,4690,400,400,400,400,4690,4690,400,4690,400,400,100,0,0,0,0,0,0,0,0,0,0,0,0,0,0,0,0,0,0,0,0,0,0,0,66480525312,2147479552,32099102720,0
99,1713877668570,101494.3952331543,4700,1,0.30000000000000004,35558.354080200195,4700,1,0.30000000000000004,92017.37890625,4700,1,0.30000000000000004,40476.30294799805,4700,1,0.30000000000000004,42115.25730895996,4700,1,0.30000000000000004,39189.72644042969,4700,1,0.30000000000000004,39783.01396179199,4700,1,0.30000000000000004,40527.35873413086,4700,1,0.30000000000000004,35607.29019165039,4700,1,0.30000000000000004,34179.693786621094,4700,1,0.30000000000000004,33666.24101257324,4700,1,0.30000000000000004,38290.00535583496,4700,1,0.30000000000000004,23635591.121154785,400,400,400,400,400,400,4691,400,400,400,4690,400,400,4690,400,400,400,400,4690,4690,400,4690,400,400,100,0,0,0,0,0,0,0,0,0,0,0,0,0,0,0,0,0,0,0,0,0,0,0,66480525312,2147479552,32333410304,0
99,1713877668670,101494.91499328613,4700,1,0.30000000000000004,35558.35595703125,4700,1,0.30000000000000004,92017.38076782227,4700,1,0.30000000000000004,40476.306091308594,4700,1,0.30000000000000004,42115.26287841797,4700,1,0.30000000000000004,39189.730377197266,4700,1,0.30000000000000004,39783.01705932617,4700,1,0.30000000000000004,40527.361877441406,4700,1,0.30000000000000004,35607.30528259277,4700,1,0.30000000000000004,34179.6954498291,4700,1,0.30000000000000004,33666.24287414551,4700,1,0.30000000000000004,38290.006927490234,4700,1,0.30000000000000004,23635594.7575531,400,400,400,400,400,400,4691,400,400,400,4690,400,400,4690,400,400,400,400,4690,4690,400,4690,400,400,100,0,0,0,0,0,0,0,0,0,0,0,0,0,0,0,0,0,0,0,0,0,0,0,66480525312,2147479552,32567717888,0
99,1713877668770,101495.43508911133,4700,1,0.30000000000000004,35558.35757446289,4700,1,0.30000000000000004,92017.38301086426,4700,1,0.30000000000000004,40476.309478759766,4700,1,0.30000000000000004,42115.26597595215,4700,1,0.30000000000000004,39189.734466552734,4700,1,0.30000000000000004,39783.02012634277,4700,1,0.30000000000000004,40527.36689758301,4700,1,0.30000000000000004,35607.315032958984,4700,1,0.30000000000000004,34179.697006225586,4700,1,0.30000000000000004,33666.244720458984,4700,1,0.30000000000000004,38290.00848388672,4700,1,0.30000000000000004,23635598.327697754,400,400,400,400,400,400,4691,400,400,400,4690,400,400,4690,400,400,400,400,4690,4690,400,4690,400,400,100,0,0,0,0,0,0,0,0,0,0,0,0,0,0,0,0,0,0,0,0,0,0,0,66480525312,2147479552,32801509376,0
99,1713877668870,101495.95411682129,4700,1,0.30000000000000004,35558.359130859375,4700,1,0.30000000000000004,92017.38482666016,4700,1,0.30000000000000004,40476.312759399414,4700,1,0.30000000000000004,42115.26907348633,4700,1,0.30000000000000004,39189.737564086914,4700,1,0.30000000000000004,39783.02331542969,4700,1,0.30000000000000004,40527.370056152344,4700,1,0.30000000000000004,35607.32946777344,4700,1,0.30000000000000004,34179.69859313965,4700,1,0.30000000000000004,33666.24662780762,4700,1,0.30000000000000004,38290.01005554199,4700,1,0.30000000000000004,23635601.975234985,400,400,400,400,400,400,4691,400,400,400,4690,400,400,4690,400,400,400,400,4690,4690,400,4690,400,400,100,0,0,0,0,0,0,0,0,0,0,0,0,0,0,0,0,0,0,0,4.761904716491699,0,0,0,66480525312,2147479552,33035816960,0
99,1713877668970,101496.47361755371,4700,1,0.30000000000000004,35558.36079406738,4700,1,0.30000000000000004,92017.38674926758,4700,1,0.30000000000000004,40476.31636047363,4700,1,0.30000000000000004,42115.27439880371,4700,1,0.30000000000000004,39189.743423461914,4700,1,0.30000000000000004,39783.03379821777,4700,1,0.30000000000000004,40527.37319946289,4700,1,0.30000000000000004,35607.34274291992,4700,1,0.30000000000000004,34179.70016479492,4700,1,0.30000000000000004,33666.248474121094,4700,1,0.30000000000000004,38290.01347351074,4700,1,0.30000000000000004,23635605.612823486,400,400,400,400,400,400,4691,400,400,400,4690,400,400,4690,400,400,400,400,4690,4690,400,4690,400,400,100,0,0,0,0,0,0,0,0,0,0,0,0,0,0,0,0,0,0,0,4.761904716491699,0,0,0,66480525312,2147479552,33269608448,0
99,1713877669070,101497.00325012207,4700,1,0.30000000000000004,35558.362365722656,4700,1,0.30000000000000004,92017.38887023926,4700,1,0.30000000000000004,40476.31979370117,4700,1,0.30000000000000004,42115.277572631836,4700,1,0.30000000000000004,39189.74685668945,4700,1,0.30000000000000004,39783.04037475586,4700,1,0.30000000000000004,40527.37635803223,4700,1,0.30000000000000004,35607.35551452637,4700,1,0.30000000000000004,34179.70372009277,4700,1,0.30000000000000004,33666.25032043457,4700,1,0.30000000000000004,38290.01527404785,4700,1,0.30000000000000004,23635609.25315857,400,400,400,400,400,400,4691,400,400,400,4690,400,400,4690,400,400,400,400,4690,4690,400,4690,400,400,100,0,0,0,0,0,0,0,4.761904716491699,0,0,0,0,0,0,0,0,0,0,0,5,0,0,0,66480525312,2147479552,32908627968,0
99,1713877669170,101497.60194396973,4700,1,0.30000000000000004,35558.36393737793,4700,1,0.30000000000000004,92017.390625,4700,1,0.30000000000000004,40476.32312011719,4700,1,0.30000000000000004,42115.28071594238,4700,1,0.30000000000000004,39189.74995422363,4700,1,0.30000000000000004,39783.04365539551,4700,1,0.30000000000000004,40527.38186645508,4700,1,0.30000000000000004,35607.37223815918,4700,1,0.30000000000000004,34179.70585632324,4700,1,0.30000000000000004,33666.25193786621,4700,1,0.30000000000000004,38290.01690673828,4700,1,0.30000000000000004,23635613.119033813,400,400,400,400,400,400,4691,400,400,400,4690,400,400,4690,400,400,400,400,4690,4690,400,4690,400,400,100,0,0,0,0,0,0,0,4.761904716491699,0,0,0,0,0,0,0,0,0,0,0,5,0,0,0,66480525312,2147479552,30561730560,0
99,1713877669270,101498.2000579834,4700,1,0.30000000000000004,35558.3655090332,4700,1,0.30000000000000004,92017.3929901123,4700,1,0.30000000000000004,40476.3263092041,4700,1,0.30000000000000004,42115.28385925293,4700,1,0.30000000000000004,39189.75305175781,4700,1,0.30000000000000004,39783.04675292969,4700,1,0.30000000000000004,40527.38496398926,4700,1,0.30000000000000004,35607.38871765137,4700,1,0.30000000000000004,34179.7080078125,4700,1,0.30000000000000004,33666.253509521484,4700,1,0.30000000000000004,38290.018478393555,4700,1,0.30000000000000004,23635616.95780945,400,400,400,400,400,400,4691,400,400,400,4690,400,400,4690,400,400,400,400,4690,4690,400,4690,400,400,100,0,0,0,0,0,0,0,0,0,0,0,0,0,0,0,0,0,0,0,4.761904716491699,0,0,0,66480525312,2147479552,28198699008,0
99,1713877669370,101498.7921295166,4700,1,0.30000000000000004,35558.36708068848,4700,1,0.30000000000000004,92017.3948059082,4700,1,0.30000000000000004,40476.32945251465,4700,1,0.30000000000000004,42115.28787231445,4700,1,0.30000000000000004,39189.75622558594,4700,1,0.30000000000000004,39783.04985046387,4700,1,0.30000000000000004,40527.38806152344,4700,1,0.30000000000000004,35607.40507507324,4700,1,0.30000000000000004,34179.710357666016,4700,1,0.30000000000000004,33666.25508117676,4700,1,0.30000000000000004,38290.021728515625,4700,1,0.30000000000000004,23635620.862472534,400,400,400,400,400,400,4691,400,400,400,4690,400,400,4690,400,400,400,400,4690,4690,400,4690,400,400,100,0,0,0,0,0,0,0,0,0,0,0,0,0,0,0,0,0,0,0,4.761904716491699,0,0,0,66480525312,2147479552,25819947008,0
99,1713877669470,101499.39022827148,4700,1,0.30000000000000004,35558.36865234375,4700,1,0.30000000000000004,92017.39701843262,4700,1,0.30000000000000004,40476.33264160156,4700,1,0.30000000000000004,42115.29116821289,4700,1,0.30000000000000004,39189.759368896484,4700,1,0.30000000000000004,39783.05349731445,4700,1,0.30000000000000004,40527.39112854004,4700,1,0.30000000000000004,35607.420166015625,4700,1,0.30000000000000004,34179.71228027344,4700,1,0.30000000000000004,33666.25845336914,4700,1,0.30000000000000004,38290.0233001709,4700,1,0.30000000000000004,23635624.756729126,400,400,400,400,400,400,4691,400,400,400,4690,400,400,4690,400,400,400,400,4690,4690,400,4690,400,400,100,0,0,0,0,0,0,0,0,0,0,0,0,0,0,0,0,0,0,0,4.761904716491699,0,0,0,66480525312,2147479552,23435816960,0
99,1713877669570,101499.98844909668,4700,1,0.30000000000000004,35558.370208740234,4700,1,0.30000000000000004,92017.39933776855,4700,1,0.30000000000000004,40476.33578491211,4700,1,0.30000000000000004,42115.29428100586,4700,1,0.30000000000000004,39189.76248168945,4700,1,0.30000000000000004,39783.05659484863,4700,1,0.30000000000000004,40527.39422607422,4700,1,0.30000000000000004,35607.42951965332,4700,1,0.30000000000000004,34179.71418762207,4700,1,0.30000000000000004,33666.26022338867,4700,1,0.30000000000000004,38290.025329589844,4700,1,0.30000000000000004,23635628.615249634,400,400,400,400,400,400,4691,400,400,400,4690,400,400,4690,400,400,400,400,4690,4690,400,4690,400,400,100,0,0,0,0,0,0,0,0,0,0,0,0,0,0,0,0,0,0,0,4.761904716491699,0,0,0,66480525312,2147479552,21072785408,0
99,1713877669670,101500.54656982422,4700,1,0.30000000000000004,35558.37190246582,4700,1,0.30000000000000004,92017.40116882324,4700,1,0.30000000000000004,40476.33901977539,4700,1,0.30000000000000004,42115.29737854004,4700,1,0.30000000000000004,39189.76612854004,4700,1,0.30000000000000004,39783.05969238281,4700,1,0.30000000000000004,40527.397399902344,4700,1,0.30000000000000004,35607.443359375,4700,1,0.30000000000000004,34179.71583557129,4700,1,0.30000000000000004,33666.26234436035,4700,1,0.30000000000000004,38290.026947021484,4700,1,0.30000000000000004,23635632.340408325,400,400,400,400,400,400,4691,400,400,400,4690,400,400,4690,400,400,400,400,4690,4690,400,4690,400,400,100,0,0,0,0,0,0,0,0,0,0,0,0,0,0,0,0,0,0,0,5,0,0,0,66480525312,2147479552,20620083200,0
99,1713877669770,101501.05700683594,4700,1,0.30000000000000004,35558.37413024902,4700,1,0.30000000000000004,92017.40321350098,4700,1,0.30000000000000004,40476.34225463867,4700,1,0.30000000000000004,42115.30047607422,4700,1,0.30000000000000004,39189.76922607422,4700,1,0.30000000000000004,39783.06283569336,4700,1,0.30000000000000004,40527.40049743652,4700,1,0.30000000000000004,35607.456481933594,4700,1,0.30000000000000004,34179.71745300293,4700,1,0.30000000000000004,33666.26429748535,4700,1,0.30000000000000004,38290.03039550781,4700,1,0.30000000000000004,23635635.90156555,400,400,400,400,400,400,4691,400,400,400,4690,400,400,4690,400,400,400,400,4690,4690,400,4690,400,400,100,0,0,0,0,0,0,0,0,0,0,0,0,0,0,0,0,0,0,0,5,0,0,0,66480525312,2147479552,20845359104,0
99,1713877669870,101501.57179260254,4700,1,0.30000000000000004,35558.3757019043,4700,1,0.30000000000000004,92017.40501403809,4700,1,0.30000000000000004,40476.34548950195,4700,1,0.30000000000000004,42115.3035736084,4700,1,0.30000000000000004,39189.7723236084,4700,1,0.30000000000000004,39783.06593322754,4700,1,0.30000000000000004,40527.4035949707,4700,1,0.30000000000000004,35607.46910095215,4700,1,0.30000000000000004,34179.7190246582,4700,1,0.30000000000000004,33666.26612854004,4700,1,0.30000000000000004,38290.03201293945,4700,1,0.30000000000000004,23635639.465682983,400,400,400,400,400,400,4691,400,400,400,4690,400,400,4690,400,400,400,400,4690,4690,400,4690,400,400,100,0,0,0,0,0,0,0,0,0,0,0,0,0,0,0,0,0,0,0,4.761904716491699,0,0,0,66480525312,2147479552,21074505728,0
99,1713877669970,101502.08847045898,4700,1,0.30000000000000004,35558.37744140625,4700,1,0.30000000000000004,92017.4069519043,4700,1,0.30000000000000004,40476.348892211914,4700,1,0.30000000000000004,42115.309005737305,4700,1,0.30000000000000004,39189.77571105957,4700,1,0.30000000000000004,39783.070373535156,4700,1,0.30000000000000004,40527.40676879883,4700,1,0.30000000000000004,35607.48518371582,4700,1,0.30000000000000004,34179.72059631348,4700,1,0.30000000000000004,33666.26802062988,4700,1,0.30000000000000004,38290.03358459473,4700,1,0.30000000000000004,23635643.00326538,400,400,400,400,400,400,4691,400,400,400,4690,400,400,4690,400,400,400,400,4690,4690,400,4690,400,400,100,0,0,0,0,0,0,0,0,0,0,0,0,0,0,0,0,0,0,0,4.761904716491699,0,0,0,66480525312,2147479552,21305200640,0
99,1713877670071,101502.59980773926,4700,1,0.30000000000000004,35558.38053894043,4700,1,0.30000000000000004,92017.40905761719,4700,1,0.30000000000000004,40476.35232543945,4700,1,0.30000000000000004,42115.31233215332,4700,1,0.30000000000000004,39189.7790222168,4700,1,0.30000000000000004,39783.077392578125,4700,1,0.30000000000000004,40527.41000366211,4700,1,0.30000000000000004,35607.5007019043,4700,1,0.30000000000000004,34179.72229003906,4700,1,0.30000000000000004,33666.27005004883,4700,1,0.30000000000000004,38290.0362701416,4700,1,0.30000000000000004,23635646.56562805,400,400,400,400,400,400,4691,400,400,400,4690,400,400,4690,400,400,400,400,4690,4690,400,4690,400,400,100,0,0,0,0,0,0,0,0,0,0,0,0,0,0,0,0,0,0,0,4.761904716491699,0,0,0,66480525312,2147479552,21536411648,0
99,1713877670171,101503.11837768555,4700,1,0.30000000000000004,35558.3821105957,4700,1,0.30000000000000004,92017.41081237793,4700,1,0.30000000000000004,40476.355545043945,4700,1,0.30000000000000004,42115.31539916992,4700,1,0.30000000000000004,39189.7820892334,4700,1,0.30000000000000004,39783.08045959473,4700,1,0.30000000000000004,40527.41307067871,4700,1,0.30000000000000004,35607.51559448242,4700,1,0.30000000000000004,34179.723861694336,4700,1,0.30000000000000004,33666.271713256836,4700,1,0.30000000000000004,38290.03793334961,4700,1,0.30000000000000004,23635650.08821106,400,400,400,400,400,400,4691,400,400,400,4690,400,400,4690,400,400,400,400,4690,4690,400,4690,400,400,100,0,0,0,0,0,0,0,0,0,0,0,0,0,0,0,0,0,0,0,4.761904716491699,0,0,0,66480525312,2147479552,21768138752,0
99,1713877670271,101503.63577270508,4700,1,0.30000000000000004,35558.38368225098,4700,1,0.30000000000000004,92017.41282653809,4700,1,0.30000000000000004,40476.35885620117,4700,1,0.30000000000000004,42115.31857299805,4700,1,0.30000000000000004,39189.78520202637,4700,1,0.30000000000000004,39783.083557128906,4700,1,0.30000000000000004,40527.41616821289,4700,1,0.30000000000000004,35607.52456665039,4700,1,0.30000000000000004,34179.72546386719,4700,1,0.30000000000000004,33666.27355957031,4700,1,0.30000000000000004,38290.03950500488,4700,1,0.30000000000000004,23635653.622528076,400,400,400,400,400,400,4691,400,400,400,4690,400,400,4690,400,400,400,400,4690,4690,400,4690,400,400,100,0,0,0,0,0,0,0,0,0,0,0,0,0,0,0,0,0,0,0,5,0,0,0,66480525312,2147479552,22000381952,0
99,1713877670371,101504.15393066406,4700,1,0.30000000000000004,35558.38523864746,4700,1,0.30000000000000004,92017.41458129883,4700,1,0.30000000000000004,40476.36212158203,4700,1,0.30000000000000004,42115.32208251953,4700,1,0.30000000000000004,39189.78837585449,4700,1,0.30000000000000004,39783.086669921875,4700,1,0.30000000000000004,40527.41926574707,4700,1,0.30000000000000004,35607.53819274902,4700,1,0.30000000000000004,34179.72706604004,4700,1,0.30000000000000004,33666.27526855469,4700,1,0.30000000000000004,38290.04106140137,4700,1,0.30000000000000004,23635657.12258911,400,400,400,400,400,400,4691,400,400,400,4690,400,400,4690,400,400,400,400,4690,4690,400,4690,400,400,100,0,0,0,0,0,0,0,0,0,0,0,0,0,0,0,0,0,0,0,5,0,0,0,66480525312,2147479552,22232625152,0
99,1713877670471,101504.67269897461,4700,1,0.30000000000000004,35558.38682556152,4700,1,0.30000000000000004,92017.4165649414,4700,1,0.30000000000000004,40476.3653717041,4700,1,0.30000000000000004,42115.32530212402,4700,1,0.30000000000000004,39189.79153442383,4700,1,0.30000000000000004,39783.09001159668,4700,1,0.30000000000000004,40527.42240905762,4700,1,0.30000000000000004,35607.55113220215,4700,1,0.30000000000000004,34179.72863769531,4700,1,0.30000000000000004,33666.277114868164,4700,1,0.30000000000000004,38290.04263305664,4700,1,0.30000000000000004,23635660.690338135,400,400,400,400,400,400,4691,400,400,400,4690,400,400,4690,400,400,400,400,4690,4690,400,4690,400,400,100,0,0,0,0,0,0,0,0,0,0,0,0,0,0,0,0,0,0,0,0,0,0,0,66480525312,2147479552,22465900544,0
99,1713877670571,101505.19136047363,4700,1,0.30000000000000004,35558.3883972168,4700,1,0.30000000000000004,92017.41850280762,4700,1,0.30000000000000004,40476.36860656738,4700,1,0.30000000000000004,42115.3283996582,4700,1,0.30000000000000004,39189.79463195801,4700,1,0.30000000000000004,39783.09310913086,4700,1,0.30000000000000004,40527.4255065918,4700,1,0.30000000000000004,35607.56381225586,4700,1,0.30000000000000004,34179.7307434082,4700,1,0.30000000000000004,33666.27891540527,4700,1,0.30000000000000004,38290.044662475586,4700,1,0.30000000000000004,23635664.257629395,400,400,400,400,400,400,4691,400,400,400,4690,400,400,4690,400,400,400,400,4690,4690,400,4690,400,400,100,0,0,0,0,0,0,0,0,0,0,0,0,0,0,0,0,0,0,0,0,0,0,0,66480525312,2147479552,22699175936,0
99,1713877670671,101505.71058654785,4700,1,0.30000000000000004,35558.39009094238,4700,1,0.30000000000000004,92017.42057800293,4700,1,0.30000000000000004,40476.37178039551,4700,1,0.30000000000000004,42115.33396911621,4700,1,0.30000000000000004,39189.79847717285,4700,1,0.30000000000000004,39783.09620666504,4700,1,0.30000000000000004,40527.428619384766,4700,1,0.30000000000000004,35607.57946777344,4700,1,0.30000000000000004,34179.732360839844,4700,1,0.30000000000000004,33666.280700683594,4700,1,0.30000000000000004,38290.04623413086,4700,1,0.30000000000000004,23635667.817642212,400,400,400,400,400,400,4691,400,400,400,4690,400,400,4690,400,400,400,400,4690,4690,400,4690,400,400,100,0,0,0,0,0,0,0,0,0,0,0,0,0,0,0,0,0,0,0,4.761904716491699,0,0,0,66480525312,2147479552,22932451328,0
99,1713877670771,101506.22450256348,4700,1,0.30000000000000004,35558.391662597656,4700,1,0.30000000000000004,92017.42390441895,4700,1,0.30000000000000004,40476.3757019043,4700,1,0.30000000000000004,42115.33744812012,4700,1,0.30000000000000004,39189.802169799805,4700,1,0.30000000000000004,39783.09930419922,4700,1,0.30000000000000004,40527.4324798584,4700,1,0.30000000000000004,35607.59503173828,4700,1,0.30000000000000004,34179.733978271484,4700,1,0.30000000000000004,33666.28271484375,4700,1,0.30000000000000004,38290.04780578613,4700,1,0.30000000000000004,23635671.35621643,400,400,400,400,400,400,4691,400,400,400,4690,400,400,4690,400,400,400,400,4690,4690,400,4690,400,400,100,0,0,0,0,0,0,0,0,0,0,0,0,0,0,0,0,0,0,0,4.761904716491699,0,0,0,66480525312,2147479552,23166242816,0
99,1713877670871,101506.74342346191,4700,1,0.30000000000000004,35558.39323425293,4700,1,0.30000000000000004,92017.42578125,4700,1,0.30000000000000004,40476.378967285156,4700,1,0.30000000000000004,42115.34051513672,4700,1,0.30000000000000004,39189.805236816406,4700,1,0.30000000000000004,39783.10249328613,4700,1,0.30000000000000004,40527.43557739258,4700,1,0.30000000000000004,35607.6106262207,4700,1,0.30000000000000004,34179.73554992676,4700,1,0.30000000000000004,33666.28463745117,4700,1,0.30000000000000004,38290.04945373535,4700,1,0.30000000000000004,23635674.920013428,400,400,400,400,400,400,4691,400,400,400,4690,400,400,4690,400,400,400,400,4690,4690,400,4690,400,400,100,0,0,0,0,0,0,0,0,0,0,0,0,0,0,0,0,0,0,0,4.761904716491699,0,0,0,66480525312,2147479552,23399518208,0
99,1713877670971,101507.2621307373,4700,1,0.29374999999999996,35558.39486694336,4700,1,0.29374999999999996,92017.427734375,4700,1,0.29374999999999996,40476.382385253906,4700,1,0.29374999999999996,42115.34580993652,4700,1,0.29374999999999996,39189.80871582031,4700,1,0.29374999999999996,39783.112213134766,4700,1,0.29374999999999996,40527.43878173828,4700,1,0.29374999999999996,35607.619705200195,4700,1,0.29374999999999996,34179.73710632324,4700,1,0.29374999999999996,33666.28663635254,4700,1,0.29374999999999996,38290.05284118652,4700,1,0.29374999999999996,23635678.542648315,400,400,400,400,400,400,4691,400,400,400,4690,400,400,4690,400,400,400,400,4690,4690,400,4690,400,400,100,0,0,0,0,0,0,0,0,0,0,0,0,0,0,0,0,0,0,0,4.761904716491699,0,0,0,66480525312,2147479552,23633309696,0
99,1713877671071,101507.78118896484,4700,1,0.30000000000000004,35558.396423339844,4700,1,0.30000000000000004,92017.42965698242,4700,1,0.30000000000000004,40476.38571166992,4700,1,0.30000000000000004,42115.34898376465,4700,1,0.30000000000000004,39189.81202697754,4700,1,0.30000000000000004,39783.115310668945,4700,1,0.30000000000000004,40527.44189453125,4700,1,0.30000000000000004,35607.63310241699,4700,1,0.30000000000000004,34179.738677978516,4700,1,0.30000000000000004,33666.288513183594,4700,1,0.30000000000000004,38290.05448913574,4700,1,0.30000000000000004,23635682.05317688,400,400,400,400,400,400,4691,400,400,400,4690,400,400,4690,400,400,400,400,4690,4690,400,4690,400,400,100,0,0,0,0,0,0,0,0,0,0,0,0,0,0,0,0,0,0,0,0,0,0,0,66480525312,2147479552,23866585088,0
99,1713877671171,101508.3003692627,4700,1,0.30000000000000004,35558.39799499512,4700,1,0.30000000000000004,92017.43141174316,4700,1,0.30000000000000004,40476.38902282715,4700,1,0.30000000000000004,42115.35208129883,4700,1,0.30000000000000004,39189.81512451172,4700,1,0.30000000000000004,39783.118408203125,4700,1,0.30000000000000004,40527.44499206543,4700,1,0.30000000000000004,35607.64601135254,4700,1,0.30000000000000004,34179.74024963379,4700,1,0.30000000000000004,33666.29019165039,4700,1,0.30000000000000004,38290.05619812012,4700,1,0.30000000000000004,23635685.611083984,400,400,400,400,400,400,4691,400,400,400,4690,400,400,4690,400,400,400,400,4690,4690,400,4690,400,400,100,0,0,0,0,0,0,0,0,0,0,0,0,0,0,0,0,0,0,0,0,0,0,0,66480525312,2147479552,24100892672,0
99,1713877671271,101508.81993103027,4700,1,0.30000000000000004,35558.39956665039,4700,1,0.30000000000000004,92017.4334564209,4700,1,0.30000000000000004,40476.39225769043,4700,1,0.30000000000000004,42115.355239868164,4700,1,0.30000000000000004,39189.8182220459,4700,1,0.30000000000000004,39783.121505737305,4700,1,0.30000000000000004,40527.44808959961,4700,1,0.30000000000000004,35607.65835571289,4700,1,0.30000000000000004,34179.74189758301,4700,1,0.30000000000000004,33666.292083740234,4700,1,0.30000000000000004,38290.05776977539,4700,1,0.30000000000000004,23635689.1693573,400,400,400,400,400,400,4691,400,400,400,4690,400,400,4690,400,400,400,400,4690,4690,400,4690,400,400,100,0,0,0,0,0,0,0,0,0,0,0,0,0,0,0,0,0,0,0,4.761904716491699,0,0,0,66480525312,2147479552,24334684160,0
99,1713877671371,101509.33918762207,4700,1,0.30000000000000004,35558.401138305664,4700,1,0.30000000000000004,92017.43521118164,4700,1,0.30000000000000004,40476.395599365234,4700,1,0.30000000000000004,42115.3606262207,4700,1,0.30000000000000004,39189.821380615234,4700,1,0.30000000000000004,39783.124603271484,4700,1,0.30000000000000004,40527.45118713379,4700,1,0.30000000000000004,35607.67419433594,4700,1,0.30000000000000004,34179.74349975586,4700,1,0.30000000000000004,33666.29373168945,4700,1,0.30000000000000004,38290.059341430664,4700,1,0.30000000000000004,23635692.729431152,400,400,400,400,400,400,4691,400,400,400,4690,400,400,4690,400,400,400,400,4690,4690,400,4690,400,400,100,0,0,0,0,0,0,0,0,0,0,0,0,0,0,0,0,0,0,0,4.761904716491699,0,0,0,66480525312,2147479552,24568475648,0
99,1713877671471,101509.85830688477,4700,1,0.30000000000000004,35558.40270996094,4700,1,0.30000000000000004,92017.43713378906,4700,1,0.30000000000000004,40476.398849487305,4700,1,0.30000000000000004,42115.363845825195,4700,1,0.30000000000000004,39189.82452392578,4700,1,0.30000000000000004,39783.12789916992,4700,1,0.30000000000000004,40527.45429992676,4700,1,0.30000000000000004,35607.68992614746,4700,1,0.30000000000000004,34179.74507141113,4700,1,0.30000000000000004,33666.2956237793,4700,1,0.30000000000000004,38290.06091308594,4700,1,0.30000000000000004,23635696.27244568,400,400,400,400,400,400,4691,400,400,400,4690,400,400,4690,400,400,400,400,4690,4690,400,4690,400,400,100,0,0,0,0,0,0,0,0,0,0,0,0,0,0,0,0,0,0,0,4.761904716491699,0,0,0,66480525312,2147479552,24802267136,0
99,1713877671571,101510.37176513672,4700,1,0.30000000000000004,35558.40428161621,4700,1,0.30000000000000004,92017.43934631348,4700,1,0.30000000000000004,40476.40197753906,4700,1,0.30000000000000004,42115.3669128418,4700,1,0.30000000000000004,39189.82759094238,4700,1,0.30000000000000004,39783.13096618652,4700,1,0.30000000000000004,40527.45739746094,4700,1,0.30000000000000004,35607.704528808594,4700,1,0.30000000000000004,34179.748611450195,4700,1,0.30000000000000004,33666.297424316406,4700,1,0.30000000000000004,38290.062911987305,4700,1,0.30000000000000004,23635699.84124756,400,400,400,400,400,400,4691,400,400,400,4690,400,400,4690,400,400,400,400,4690,4690,400,4690,400,400,100,0,0,0,0,0,0,0,0,0,0,0,0,0,0,0,0,0,0,0,4.761904716491699,0,0,0,66480525312,2147479552,25036058624,0
99,1713877671671,101510.89088439941,4700,1,0.30000000000000004,35558.405990600586,4700,1,0.30000000000000004,92017.44120788574,4700,1,0.30000000000000004,40476.40524291992,4700,1,0.30000000000000004,42115.37001037598,4700,1,0.30000000000000004,39189.839920043945,4700,1,0.30000000000000004,39783.1340637207,4700,1,0.30000000000000004,40527.460540771484,4700,1,0.30000000000000004,35607.713317871094,4700,1,0.30000000000000004,34179.75021362305,4700,1,0.30000000000000004,33666.29914855957,4700,1,0.30000000000000004,38290.06448364258,4700,1,0.30000000000000004,23635703.436187744,400,400,400,400,400,400,4691,400,400,400,4690,400,400,4690,400,400,400,400,4690,4690,400,4690,400,400,100,0,0,0,0,0,0,0,0,0,0,0,0,0,0,0,0,0,0,0,0,0,0,0,66480525312,2147479552,25270366208,0
99,1713877671771,101511.4104309082,4700,1,0.30000000000000004,35558.40754699707,4700,1,0.30000000000000004,92017.44337463379,4700,1,0.30000000000000004,40476.4084777832,4700,1,0.30000000000000004,42115.373107910156,4700,1,0.30000000000000004,39189.843032836914,4700,1,0.30000000000000004,39783.13731384277,4700,1,0.30000000000000004,40527.463638305664,4700,1,0.30000000000000004,35607.72668457031,4700,1,0.30000000000000004,34179.75183105469,4700,1,0.30000000000000004,33666.30093383789,4700,1,0.30000000000000004,38290.06790161133,4700,1,0.30000000000000004,23635706.91999817,400,400,400,400,400,400,4691,400,400,400,4690,400,400,4690,400,400,400,400,4690,4690,400,4690,400,400,100,0,0,0,0,0,0,0,0,0,0,0,0,0,0,0,0,0,0,0,0,0,0,0,66480525312,2147479552,25504157696,0
99,1713877671871,101511.92895507813,4700,1,0.30000000000000004,35558.40913391113,4700,1,0.30000000000000004,92017.4451751709,4700,1,0.30000000000000004,40476.411682128906,4700,1,0.30000000000000004,42115.376205444336,4700,1,0.30000000000000004,39189.846130371094,4700,1,0.30000000000000004,39783.14041137695,4700,1,0.30000000000000004,40527.466735839844,4700,1,0.30000000000000004,35607.73956298828,4700,1,0.30000000000000004,34179.75340270996,4700,1,0.30000000000000004,33666.302673339844,4700,1,0.30000000000000004,38290.06948852539,4700,1,0.30000000000000004,23635710.50982666,400,400,400,400,400,400,4691,400,400,400,4690,400,400,4690,400,400,400,400,4690,4690,400,4690,400,400,100,0,0,0,0,0,0,0,0,0,0,0,0,0,0,0,0,0,0,0,0,0,0,0,66480525312,2147479552,25737949184,0
99,1713877671972,101512.44755554199,4700,1,0.30000000000000004,35558.41075134277,4700,1,0.30000000000000004,92017.44721984863,4700,1,0.30000000000000004,40476.4150390625,4700,1,0.30000000000000004,42115.38166809082,4700,1,0.30000000000000004,39189.854248046875,4700,1,0.30000000000000004,39783.14422607422,4700,1,0.30000000000000004,40527.46987915039,4700,1,0.30000000000000004,35607.7518157959,4700,1,0.30000000000000004,34179.75503540039,4700,1,0.30000000000000004,33666.30451965332,4700,1,0.30000000000000004,38290.071060180664,4700,1,0.30000000000000004,23635714.145401,400,400,400,400,400,400,4691,400,400,400,4690,400,400,4690,400,400,400,400,4690,4690,400,4690,400,400,100,0,0,0,0,0,0,0,0,0,0,0,0,0,0,0,0,0,0,0,0,0,0,0,66480525312,2147479552,25972256768,0
99,1713877672072,101512.96673583984,4700,1,0.30000000000000004,35558.41232299805,4700,1,0.30000000000000004,92017.44917297363,4700,1,0.30000000000000004,40476.41830444336,4700,1,0.30000000000000004,42115.384841918945,4700,1,0.30000000000000004,39189.85758972168,4700,1,0.30000000000000004,39783.1473236084,4700,1,0.30000000000000004,40527.47297668457,4700,1,0.30000000000000004,35607.767501831055,4700,1,0.30000000000000004,34179.756607055664,4700,1,0.30000000000000004,33666.30633544922,4700,1,0.30000000000000004,38290.07270812988,4700,1,0.30000000000000004,23635717.7494812,400,400,400,400,400,400,4691,400,400,400,4690,400,400,4690,400,400,400,400,4690,4690,400,4690,400,400,100,0,0,0,0,0,0,0,0,0,0,0,0,0,0,0,0,0,0,0,0,0,0,0,66480525312,2147479552,26206048256,0
99,1713877672172,101513.48046875,4700,1,0.30000000000000004,35558.41389465332,4700,1,0.30000000000000004,92017.45092773438,4700,1,0.30000000000000004,40476.4216003418,4700,1,0.30000000000000004,42115.387939453125,4700,1,0.30000000000000004,39189.86068725586,4700,1,0.30000000000000004,39783.15042114258,4700,1,0.30000000000000004,40527.47607421875,4700,1,0.30000000000000004,35607.78242492676,4700,1,0.30000000000000004,34179.75817871094,4700,1,0.30000000000000004,33666.30790710449,4700,1,0.30000000000000004,38290.074279785156,4700,1,0.30000000000000004,23635721.342269897,400,400,400,400,400,400,4691,400,400,400,4690,400,400,4690,400,400,400,400,4690,4690,400,4690,400,400,100,0,0,0,0,0,0,0,0,0,0,0,0,0,0,0,0,0,0,0,0,0,0,0,66480525312,2147479552,26440355840,0
99,1713877672272,101513.99884033203,4700,1,0.30000000000000004,35558.415466308594,4700,1,0.30000000000000004,92017.4529876709,4700,1,0.30000000000000004,40476.424728393555,4700,1,0.30000000000000004,42115.39106750488,4700,1,0.30000000000000004,39189.86378479004,4700,1,0.30000000000000004,39783.15351867676,4700,1,0.30000000000000004,40527.47917175293,4700,1,0.30000000000000004,35607.79722595215,4700,1,0.30000000000000004,34179.7599029541,4700,1,0.30000000000000004,33666.309478759766,4700,1,0.30000000000000004,38290.07585144043,4700,1,0.30000000000000004,23635724.98678589,400,400,400,400,400,400,4691,400,400,400,4690,400,400,4690,400,400,400,400,4690,4690,400,4690,400,400,100,0,0,0,0,0,0,0,0,0,0,0,0,0,0,0,0,0,0,0,0,0,0,0,66480525312,2147479552,26674147328,0
99,1713877672372,101514.51745605469,4700,1,0.30000000000000004,35558.41703796387,4700,1,0.30000000000000004,92017.45478820801,4700,1,0.30000000000000004,40476.42807006836,4700,1,0.30000000000000004,42115.395904541016,4700,1,0.30000000000000004,39189.8669128418,4700,1,0.30000000000000004,39783.15658569336,4700,1,0.30000000000000004,40527.48225402832,4700,1,0.30000000000000004,35607.80613708496,4700,1,0.30000000000000004,34179.761627197266,4700,1,0.30000000000000004,33666.31105041504,4700,1,0.30000000000000004,38290.07781982422,4700,1,0.30000000000000004,23635728.617523193,400,400,400,400,400,400,4691,400,400,400,4690,400,400,4690,400,400,400,400,4690,4690,400,4690,400,400,100,0,0,0,0,0,0,0,0,0,0,0,0,0,0,0,0,0,0,0,0,0,0,0,66480525312,2147479552,26907938816,0
99,1713877672472,101515.03616333008,4700,1,0.30000000000000004,35558.41859436035,4700,1,0.30000000000000004,92017.45672607422,4700,1,0.30000000000000004,40476.4313659668,4700,1,0.30000000000000004,42115.39912414551,4700,1,0.30000000000000004,39189.87007141113,4700,1,0.30000000000000004,39783.15983581543,4700,1,0.30000000000000004,40527.4853515625,4700,1,0.30000000000000004,35607.81930541992,4700,1,0.30000000000000004,34179.76335144043,4700,1,0.30000000000000004,33666.31295776367,4700,1,0.30000000000000004,38290.07940673828,4700,1,0.30000000000000004,23635732.20574951,400,400,400,400,400,400,4691,400,400,400,4690,400,400,4690,400,400,400,400,4690,4690,400,4690,400,400,100,0,0,0,0,0,0,0,0,0,0,0,0,0,0,0,0,0,0,0,0,0,0,0,66480525312,2147479552,27142246400,0
99,1713877672572,101515.55487060547,4700,1,0.30000000000000004,35558.420166015625,4700,1,0.30000000000000004,92017.45892333984,4700,1,0.30000000000000004,40476.43455505371,4700,1,0.30000000000000004,42115.402267456055,4700,1,0.30000000000000004,39189.87316894531,4700,1,0.30000000000000004,39783.16305541992,4700,1,0.30000000000000004,40527.48844909668,4700,1,0.30000000000000004,35607.831939697266,4700,1,0.30000000000000004,34179.76516723633,4700,1,0.30000000000000004,33666.31457519531,4700,1,0.30000000000000004,38290.08137512207,4700,1,0.30000000000000004,23635735.78515625,400,400,400,400,400,400,4691,400,400,400,4690,400,400,4690,400,400,400,400,4690,4690,400,4690,400,400,100,0,0,0,0,0,0,0,0,0,0,0,0,0,0,0,0,0,0,0,0,0,0,0,66480525312,2147479552,27376553984,0
99,1713877672672,101516.07426452637,4700,1,0.30000000000000004,35558.42185974121,4700,1,0.30000000000000004,92017.46072387695,4700,1,0.30000000000000004,40476.43769836426,4700,1,0.30000000000000004,42115.40785217285,4700,1,0.30000000000000004,39189.87724304199,4700,1,0.30000000000000004,39783.1661529541,4700,1,0.30000000000000004,40527.49154663086,4700,1,0.30000000000000004,35607.844329833984,4700,1,0.30000000000000004,34179.76693725586,4700,1,0.30000000000000004,33666.316146850586,4700,1,0.30000000000000004,38290.08299255371,4700,1,0.30000000000000004,23635739.34524536,400,400,400,400,400,400,4691,400,400,400,4690,400,400,4690,400,400,400,400,4690,4690,400,4690,400,400,100,0,0,0,0,0,0,0,0,0,0,0,0,0,0,0,0,0,0,0,0,0,0,0,66480525312,2147479552,27610345472,0
99,1713877672772,101516.59257507324,4700,1,0.30000000000000004,35558.42395019531,4700,1,0.30000000000000004,92017.46279907227,4700,1,0.30000000000000004,40476.44105529785,4700,1,0.30000000000000004,42115.41108703613,4700,1,0.30000000000000004,39189.88117980957,4700,1,0.30000000000000004,39783.1716003418,4700,1,0.30000000000000004,40527.4969329834,4700,1,0.30000000000000004,35607.859939575195,4700,1,0.30000000000000004,34179.76901245117,4700,1,0.30000000000000004,33666.31922912598,4700,1,0.30000000000000004,38290.086349487305,4700,1,0.30000000000000004,23635743.00253296,400,400,400,400,400,400,4691,400,400,400,4690,400,400,4690,400,400,400,400,4690,4690,400,4690,400,400,100,0,0,0,0,0,0,0,0,0,0,0,0,0,0,0,0,0,0,0,0,0,0,0,66480525312,2147479552,27843878912,0
99,1713877672872,101517.11100769043,4700,1,0.30000000000000004,35558.425521850586,4700,1,0.30000000000000004,92017.46469116211,4700,1,0.30000000000000004,40476.4441986084,4700,1,0.30000000000000004,42115.414291381836,4700,1,0.30000000000000004,39189.88444519043,4700,1,0.30000000000000004,39783.1748046875,4700,1,0.30000000000000004,40527.50004577637,4700,1,0.30000000000000004,35607.875,4700,1,0.30000000000000004,34179.770736694336,4700,1,0.30000000000000004,33666.32084655762,4700,1,0.30000000000000004,38290.087982177734,4700,1,0.30000000000000004,23635746.65422058,400,400,400,400,400,400,4691,400,400,400,4690,400,400,4690,400,400,400,400,4690,4690,400,4690,400,400,100,0,0,0,0,0,0,0,0,0,0,0,0,0,0,0,0,0,0,0,0,0,0,0,66480525312,2147479552,28078186496,0
99,1713877672972,101517.62480163574,4700,1,0.30000000000000004,35558.42721557617,4700,1,0.30000000000000004,92017.46659851074,4700,1,0.30000000000000004,40476.44744873047,4700,1,0.30000000000000004,42115.41963195801,4700,1,0.30000000000000004,39189.888763427734,4700,1,0.30000000000000004,39783.182067871094,4700,1,0.30000000000000004,40527.503189086914,4700,1,0.30000000000000004,35607.889389038086,4700,1,0.30000000000000004,34179.77250671387,4700,1,0.30000000000000004,33666.32246398926,4700,1,0.30000000000000004,38290.09159851074,4700,1,0.30000000000000004,23635750.284591675,400,400,400,400,400,400,4691,400,400,400,4690,400,400,4690,400,400,400,400,4690,4690,400,4690,400,400,100,0,0,0,0,0,0,0,0,0,0,0,0,0,0,0,0,0,0,0,0,0,0,0,66480525312,2147479552,28311977984,0
99,1713877673072,101518.14315795898,4700,1,0.30000000000000004,35558.428787231445,4700,1,0.30000000000000004,92017.46862792969,4700,1,0.30000000000000004,40476.45071411133,4700,1,0.30000000000000004,42115.42280578613,4700,1,0.30000000000000004,39189.89210510254,4700,1,0.30000000000000004,39783.185134887695,4700,1,0.30000000000000004,40527.506286621094,4700,1,0.30000000000000004,35607.903396606445,4700,1,0.30000000000000004,34179.774322509766,4700,1,0.30000000000000004,33666.32403564453,4700,1,0.30000000000000004,38290.09329223633,4700,1,0.30000000000000004,23635753.927322388,400,400,400,400,400,400,4691,400,400,400,4690,400,400,4690,400,400,400,400,4690,4690,400,4690,400,400,100,0,0,0,0,0,0,0,0,0,0,0,0,0,0,0,0,0,0,0,0,0,0,0,66480525312,2147479552,28546285568,0
99,1713877673172,101518.66235351563,4700,1,0.30000000000000004,35558.43034362793,4700,1,0.30000000000000004,92017.47039794922,4700,1,0.30000000000000004,40476.45407104492,4700,1,0.30000000000000004,42115.42593383789,4700,1,0.30000000000000004,39189.89520263672,4700,1,0.30000000000000004,39783.188232421875,4700,1,0.30000000000000004,40527.509368896484,4700,1,0.30000000000000004,35607.911560058594,4700,1,0.30000000000000004,34179.77604675293,4700,1,0.30000000000000004,33666.327545166016,4700,1,0.30000000000000004,38290.09489440918,4700,1,0.30000000000000004,23635757.54774475,400,400,400,400,400,400,4691,400,400,400,4690,400,400,4690,400,400,400,400,4690,4690,400,4690,400,400,100,0,0,0,0,0,0,0,0,0,0,0,0,0,0,0,0,0,0,0,0,0,0,0,66480525312,2147479552,28780593152,0
99,1713877673272,101519.18141174316,4700,1,0.30000000000000004,35558.4319152832,4700,1,0.30000000000000004,92017.47256469727,4700,1,0.30000000000000004,40476.45721435547,4700,1,0.30000000000000004,42115.42909240723,4700,1,0.30000000000000004,39189.8983001709,4700,1,0.30000000000000004,39783.191329956055,4700,1,0.30000000000000004,40527.512466430664,4700,1,0.30000000000000004,35607.92413330078,4700,1,0.30000000000000004,34179.77798461914,4700,1,0.30000000000000004,33666.32911682129,4700,1,0.30000000000000004,38290.09646606445,4700,1,0.30000000000000004,23635761.078033447,400,400,400,400,400,400,4691,400,400,400,4690,400,400,4690,400,400,400,400,4690,4690,400,4690,400,400,100,0,0,0,0,0,0,0,0,0,0,0,0,0,0,0,0,0,0,0,0,0,0,0,66480525312,2147479552,29014384640,0
99,1713877673372,101519.70239257813,4700,1,0.30000000000000004,35558.44534301758,4700,1,0.30000000000000004,92017.49096679688,4700,1,0.30000000000000004,40476.48042297363,4700,1,0.30000000000000004,42115.44706726074,4700,1,0.30000000000000004,39189.91069030762,4700,1,0.30000000000000004,39783.20831298828,4700,1,0.30000000000000004,40527.532302856445,4700,1,0.30000000000000004,35607.948318481445,4700,1,0.30000000000000004,34179.792419433594,4700,1,0.30000000000000004,33666.34274291992,4700,1,0.30000000000000004,38290.10955810547,4700,1,0.30000000000000004,23635764.814849854,400,400,400,400,400,400,4691,400,400,400,4690,400,400,4690,400,400,400,400,4690,4690,400,4690,400,400,100,0,0,0,0,0,0,0,0,0,0,0,0,0,0,0,0,0,0,0,0,0,0,0,66480525312,2147479552,29248176128,0
99,1713877673472,101520.22068786621,4700,1,0.30000000000000004,35558.44696044922,4700,1,0.30000000000000004,92017.49296569824,4700,1,0.30000000000000004,40476.483627319336,4700,1,0.30000000000000004,42115.45037841797,4700,1,0.30000000000000004,39189.91395568848,4700,1,0.30000000000000004,39783.21171569824,4700,1,0.30000000000000004,40527.535400390625,4700,1,0.30000000000000004,35607.9599609375,4700,1,0.30000000000000004,34179.7942199707,4700,1,0.30000000000000004,33666.34440612793,4700,1,0.30000000000000004,38290.11116027832,4700,1,0.30000000000000004,23635768.460250854,400,400,400,400,400,400,4691,400,400,400,4690,400,400,4690,400,400,400,400,4690,4690,400,4690,400,400,100,0,0,0,0,0,0,0,0,0,0,0,0,0,0,0,4.761904716491699,0,0,0,0,0,0,0,66480525312,2147479552,29481967616,0
99,1713877673572,101520.73974609375,4700,1,0.30000000000000004,35558.44853210449,4700,1,0.30000000000000004,92017.49485778809,4700,1,0.30000000000000004,40476.48683166504,4700,1,0.30000000000000004,42115.45347595215,4700,1,0.30000000000000004,39189.917053222656,4700,1,0.30000000000000004,39783.21481323242,4700,1,0.30000000000000004,40527.538497924805,4700,1,0.30000000000000004,35607.97492980957,4700,1,0.30000000000000004,34179.796142578125,4700,1,0.30000000000000004,33666.34602355957,4700,1,0.30000000000000004,38290.1131439209,4700,1,0.30000000000000004,23635772.080566406,400,400,400,400,400,400,4691,400,400,400,4690,400,400,4690,400,400,400,400,4690,4690,400,4690,400,400,100,0,0,0,0,0,0,0,0,0,0,0,0,0,0,0,4.761904716491699,0,0,0,0,0,0,0,66480525312,2147479552,29716275200,0
99,1713877673672,101521.25299072266,4700,1,0.30000000000000004,35558.45030212402,4700,1,0.30000000000000004,92017.49668884277,4700,1,0.30000000000000004,40476.490173339844,4700,1,0.30000000000000004,42115.456619262695,4700,1,0.30000000000000004,39189.929458618164,4700,1,0.30000000000000004,39783.21798706055,4700,1,0.30000000000000004,40527.54165649414,4700,1,0.30000000000000004,35607.98928833008,4700,1,0.30000000000000004,34179.79782104492,4700,1,0.30000000000000004,33666.34768676758,4700,1,0.30000000000000004,38290.11476135254,4700,1,0.30000000000000004,23635775.716018677,400,400,400,400,400,400,4691,400,400,400,4690,400,400,4690,400,400,400,400,4690,4690,400,4690,400,400,100,0,0,0,0,0,0,0,0,0,0,0,0,0,0,0,0,0,0,0,0,0,0,0,66480525312,2147479552,29950066688,0
99,1713877673773,101521.77177429199,4700,1,0.30000000000000004,35558.45213317871,4700,1,0.30000000000000004,92017.49876403809,4700,1,0.30000000000000004,40476.49333190918,4700,1,0.30000000000000004,42115.4596862793,4700,1,0.30000000000000004,39189.932525634766,4700,1,0.30000000000000004,39783.221099853516,4700,1,0.30000000000000004,40527.54475402832,4700,1,0.30000000000000004,35608.00340270996,4700,1,0.30000000000000004,34179.79943847656,4700,1,0.30000000000000004,33666.34930419922,4700,1,0.30000000000000004,38290.11819458008,4700,1,0.30000000000000004,23635779.33569336,400,400,400,400,400,400,4691,400,400,400,4690,400,400,4690,400,400,400,400,4690,4690,400,4690,400,400,100,0,0,0,0,0,0,0,0,0,0,0,0,0,0,0,0,0,0,0,0,0,0,0,66480525312,2147479552,30184857600,0
99,1713877673873,101522.29116821289,4700,1,0.30000000000000004,35558.453704833984,4700,1,0.30000000000000004,92017.50061035156,4700,1,0.30000000000000004,40476.49659729004,4700,1,0.30000000000000004,42115.462799072266,4700,1,0.30000000000000004,39189.935623168945,4700,1,0.30000000000000004,39783.224197387695,4700,1,0.30000000000000004,40527.54782104492,4700,1,0.30000000000000004,35608.01193237305,4700,1,0.30000000000000004,34179.80099487305,4700,1,0.30000000000000004,33666.35092163086,4700,1,0.30000000000000004,38290.11981201172,4700,1,0.30000000000000004,23635782.913619995,400,400,400,400,400,400,4691,400,400,400,4690,400,400,4690,400,400,400,400,4690,4690,400,4690,400,400,100,0,0,0,0,0,0,0,0,0,0,0,0,0,0,0,0,0,0,0,0,0,0,0,66480525312,2147479552,30418649088,0
99,1713877673973,101522.81024169922,4700,1,0.30000000000000004,35558.455474853516,4700,1,0.30000000000000004,92017.50285339355,4700,1,0.30000000000000004,40476.50015258789,4700,1,0.30000000000000004,42115.46813964844,4700,1,0.30000000000000004,39189.93896484375,4700,1,0.30000000000000004,39783.232162475586,4700,1,0.30000000000000004,40527.55097961426,4700,1,0.30000000000000004,35608.02615356445,4700,1,0.30000000000000004,34179.80256652832,4700,1,0.30000000000000004,33666.35256958008,4700,1,0.30000000000000004,38290.1213684082,4700,1,0.30000000000000004,23635786.472976685,400,400,400,400,400,400,4691,400,400,400,4690,400,400,4690,400,400,400,400,4690,4690,400,4690,400,400,100,0,0,0,0,0,0,0,0,0,0,0,0,0,0,0,0,0,0,0,0,0,0,0,66480525312,2147479552,30652956672,0
99,1713877674073,101523.32934570313,4700,1,0.30000000000000004,35558.458923339844,4700,1,0.30000000000000004,92017.50532531738,4700,1,0.30000000000000004,40476.50357055664,4700,1,0.30000000000000004,42115.4714050293,4700,1,0.30000000000000004,39189.94227600098,4700,1,0.30000000000000004,39783.24186706543,4700,1,0.30000000000000004,40527.55419921875,4700,1,0.30000000000000004,35608.0383605957,4700,1,0.30000000000000004,34179.805236816406,4700,1,0.30000000000000004,33666.354248046875,4700,1,0.30000000000000004,38290.124114990234,4700,1,0.30000000000000004,23635790.08189392,400,400,400,400,400,400,4691,400,400,400,4690,400,400,4690,400,400,400,400,4690,4690,400,4690,400,400,100,0,0,0,0,0,0,0,0,0,0,0,0,0,0,0,0,0,0,0,5,0,0,0,66480525312,2147479552,30886748160,0
99,1713877674173,101523.84805297852,4700,1,0.30000000000000004,35558.46049499512,4700,1,0.30000000000000004,92017.50718688965,4700,1,0.30000000000000004,40476.50682067871,4700,1,0.30000000000000004,42115.474548339844,4700,1,0.30000000000000004,39189.945373535156,4700,1,0.30000000000000004,39783.24496459961,4700,1,0.30000000000000004,40527.55729675293,4700,1,0.30000000000000004,35608.0498046875,4700,1,0.30000000000000004,34179.80680847168,4700,1,0.30000000000000004,33666.355865478516,4700,1,0.30000000000000004,38290.125732421875,4700,1,0.30000000000000004,23635793.660202026,400,400,400,400,400,400,4691,400,400,400,4690,400,400,4690,400,400,400,400,4690,4690,400,4690,400,400,100,0,0,0,0,0,0,0,0,0,0,0,0,0,0,0,0,0,0,0,5,0,0,0,66480525312,2147479552,31121055744,0
99,1713877674273,101524.3676147461,4700,1,0.30000000000000004,35558.46206665039,4700,1,0.30000000000000004,92017.5093383789,4700,1,0.30000000000000004,40476.51008605957,4700,1,0.30000000000000004,42115.47770690918,4700,1,0.30000000000000004,39189.948471069336,4700,1,0.30000000000000004,39783.24806213379,4700,1,0.30000000000000004,40527.56039428711,4700,1,0.30000000000000004,35608.065032958984,4700,1,0.30000000000000004,34179.80842590332,4700,1,0.30000000000000004,33666.35743713379,4700,1,0.30000000000000004,38290.127349853516,4700,1,0.30000000000000004,23635797.227386475,400,400,400,400,400,400,4691,400,400,400,4690,400,400,4690,400,400,400,400,4690,4690,400,4690,400,400,100,0,0,0,0,0,0,0,0,0,0,0,0,0,0,0,0,0,0,0,0,0,0,0,66480525312,2147479552,31354847232,0
99,1713877674373,101524.8807220459,4700,1,0.30000000000000004,35558.463638305664,4700,1,0.30000000000000004,92017.5111694336,4700,1,0.30000000000000004,40476.513275146484,4700,1,0.30000000000000004,42115.4813079834,4700,1,0.30000000000000004,39189.95162963867,4700,1,0.30000000000000004,39783.25115966797,4700,1,0.30000000000000004,40527.56349182129,4700,1,0.30000000000000004,35608.077575683594,4700,1,0.30000000000000004,34179.81004333496,4700,1,0.30000000000000004,33666.35900878906,4700,1,0.30000000000000004,38290.128982543945,4700,1,0.30000000000000004,23635800.860595703,400,400,400,400,400,400,4691,400,400,400,4690,400,400,4690,400,400,400,400,4690,4690,400,4690,400,400,100,0,0,0,0,0,0,0,0,0,0,0,0,0,0,0,0,0,0,0,0,0,0,0,66480525312,2147479552,31589154816,0
99,1713877674473,101525.39978027344,4700,1,0.30000000000000004,35558.46520996094,4700,1,0.30000000000000004,92017.51361083984,4700,1,0.30000000000000004,40476.516540527344,4700,1,0.30000000000000004,42115.48448181152,4700,1,0.30000000000000004,39189.95477294922,4700,1,0.30000000000000004,39783.25444030762,4700,1,0.30000000000000004,40527.56658935547,4700,1,0.30000000000000004,35608.092193603516,4700,1,0.30000000000000004,34179.811614990234,4700,1,0.30000000000000004,33666.36177062988,4700,1,0.30000000000000004,38290.13055419922,4700,1,0.30000000000000004,23635804.441070557,400,400,400,400,400,400,4691,400,400,400,4690,400,400,4690,400,400,400,400,4690,4690,400,4690,400,400,100,0,0,0,0,0,0,0,0,0,0,0,0,0,0,0,0,0,0,0,0,0,0,0,66480525312,2147479552,31822946304,0
99,1713877674573,101525.91854858398,4700,1,0.30000000000000004,35558.46678161621,4700,1,0.30000000000000004,92017.51591491699,4700,1,0.30000000000000004,40476.51972961426,4700,1,0.30000000000000004,42115.4875793457,4700,1,0.30000000000000004,39189.95783996582,4700,1,0.30000000000000004,39783.257553100586,4700,1,0.30000000000000004,40527.56965637207,4700,1,0.30000000000000004,35608.100845336914,4700,1,0.30000000000000004,34179.813705444336,4700,1,0.30000000000000004,33666.363342285156,4700,1,0.30000000000000004,38290.13246154785,4700,1,0.30000000000000004,23635808.076171875,400,400,400,400,400,400,4691,400,400,400,4690,400,400,4690,400,400,400,400,4690,4690,400,4690,400,400,100,0,0,0,0,0,0,0,0,0,0,0,0,0,0,0,0,0,0,0,0,0,0,0,66480525312,2147479552,32057253888,0
99,1713877674673,101526.43731689453,4700,1,0.30000000000000004,35558.46846008301,4700,1,0.30000000000000004,92017.51777648926,4700,1,0.30000000000000004,40476.52291870117,4700,1,0.30000000000000004,42115.49311828613,4700,1,0.30000000000000004,39189.961990356445,4700,1,0.30000000000000004,39783.260665893555,4700,1,0.30000000000000004,40527.57276916504,4700,1,0.30000000000000004,35608.11338806152,4700,1,0.30000000000000004,34179.81532287598,4700,1,0.30000000000000004,33666.366790771484,4700,1,0.30000000000000004,38290.134017944336,4700,1,0.30000000000000004,23635811.662841797,400,400,400,400,400,400,4691,400,400,400,4690,400,400,4690,400,400,400,400,4690,4690,400,4690,400,400,100,0,0,0,0,0,0,0,0,0,0,0,0,0,0,0,0,0,0,0,0,0,0,0,66480525312,2147479552,32291561472,0
99,1713877674773,101526.95588684082,4700,1,0.30000000000000004,35558.47003173828,4700,1,0.30000000000000004,92017.52001953125,4700,1,0.30000000000000004,40476.52690124512,4700,1,0.30000000000000004,42115.49658203125,4700,1,0.30000000000000004,39189.96566772461,4700,1,0.30000000000000004,39783.263763427734,4700,1,0.30000000000000004,40527.576889038086,4700,1,0.30000000000000004,35608.126037597656,4700,1,0.30000000000000004,34179.81690979004,4700,1,0.30000000000000004,33666.36836242676,4700,1,0.30000000000000004,38290.13558959961,4700,1,0.30000000000000004,23635815.231826782,400,400,400,400,400,400,4691,400,400,400,4690,400,400,4690,400,400,400,400,4690,4690,400,4690,400,400,100,0,0,0,0,0,0,0,0,0,0,0,0,0,0,0,0,0,0,0,0,0,0,0,66480525312,2147479552,32525352960,0
99,1713877674873,101527.47463989258,4700,1,0.30000000000000004,35558.471603393555,4700,1,0.30000000000000004,92017.52186584473,4700,1,0.30000000000000004,40476.53251647949,4700,1,0.30000000000000004,42115.49967956543,4700,1,0.30000000000000004,39189.968811035156,4700,1,0.30000000000000004,39783.26695251465,4700,1,0.30000000000000004,40527.579986572266,4700,1,0.30000000000000004,35608.13732910156,4700,1,0.30000000000000004,34179.81848144531,4700,1,0.30000000000000004,33666.36993408203,4700,1,0.30000000000000004,38290.13903808594,4700,1,0.30000000000000004,23635818.83885193,400,400,400,400,400,400,4691,400,400,400,4690,400,400,4690,400,400,400,400,4690,4690,400,4690,400,400,100,0,0,0,0,0,0,0,0,0,0,0,0,0,0,0,0,0,0,0,0,0,0,0,66480525312,2147479552,32759660544,0
99,1713877674973,101527.99374389648,4700,1,0.30000000000000004,35558.473236083984,4700,1,0.30000000000000004,92017.5238494873,4700,1,0.30000000000000004,40476.535888671875,4700,1,0.30000000000000004,42115.505294799805,4700,1,0.30000000000000004,39189.97677612305,4700,1,0.30000000000000004,39783.27503967285,4700,1,0.30000000000000004,40527.58493041992,4700,1,0.30000000000000004,35608.14855957031,4700,1,0.30000000000000004,34179.820053100586,4700,1,0.30000000000000004,33666.37268066406,4700,1,0.30000000000000004,38290.14065551758,4700,1,0.30000000000000004,23635822.40510559,400,400,400,400,400,400,4691,400,400,400,4690,400,400,4690,400,400,400,400,4690,4690,400,4690,400,400,100,0,0,0,0,0,0,0,0,0,0,0,0,0,0,0,0,0,0,0,0,0,0,0,66480525312,2147479552,32993452032,0
99,1713877675073,101528.51197814941,4700,1,0.30000000000000004,35558.47480773926,4700,1,0.30000000000000004,92017.52653503418,4700,1,0.30000000000000004,40476.5391998291,4700,1,0.30000000000000004,42115.508529663086,4700,1,0.30000000000000004,39189.98139953613,4700,1,0.30000000000000004,39783.27819824219,4700,1,0.30000000000000004,40527.588302612305,4700,1,0.30000000000000004,35608.16371154785,4700,1,0.30000000000000004,34179.82162475586,4700,1,0.30000000000000004,33666.37448120117,4700,1,0.30000000000000004,38290.14241027832,4700,1,0.30000000000000004,23635826.046142578,400,400,400,400,400,400,4691,400,400,400,4690,400,400,4690,400,400,400,400,4690,4690,400,4690,400,400,100,0,0,0,0,0,0,0,0,0,0,0,0,0,0,0,0,0,0,0,0,0,0,0,66480525312,2147479552,33227759616,0
99,1713877675173,101529.02532958984,4700,1,0.30000000000000004,35558.47637939453,4700,1,0.30000000000000004,92017.52841186523,4700,1,0.30000000000000004,40476.54252624512,4700,1,0.30000000000000004,42115.511627197266,4700,1,0.30000000000000004,39189.98458862305,4700,1,0.30000000000000004,39783.28137207031,4700,1,0.30000000000000004,40527.59147644043,4700,1,0.30000000000000004,35608.17753601074,4700,1,0.30000000000000004,34179.8232421875,4700,1,0.30000000000000004,33666.37797546387,4700,1,0.30000000000000004,38290.144622802734,4700,1,0.30000000000000004,23635829.620788574,400,400,400,400,400,400,4691,400,400,400,4690,400,400,4690,400,400,400,400,4690,4690,400,4690,400,400,100,0,0,0,0,0,0,0,0,0,0,0,0,0,0,0,0,0,0,0,0,0,0,0,66480525312,2147479552,33292595200,0
99,1713877675273,101529.62271118164,4700,1,0.30000000000000004,35558.477951049805,4700,1,0.30000000000000004,92017.53076171875,4700,1,0.30000000000000004,40476.545669555664,4700,1,0.30000000000000004,42115.51475524902,4700,1,0.30000000000000004,39189.98765563965,4700,1,0.30000000000000004,39783.28446960449,4700,1,0.30000000000000004,40527.59457397461,4700,1,0.30000000000000004,35608.1915435791,4700,1,0.30000000000000004,34179.82487487793,4700,1,0.30000000000000004,33666.37954711914,4700,1,0.30000000000000004,38290.14619445801,4700,1,0.30000000000000004,23635833.487060547,400,400,400,400,400,400,4691,400,400,400,4690,400,400,4690,400,400,400,400,4690,4690,400,4690,400,400,100,0,0,0,0,0,0,0,0,0,0,0,0,0,0,0,0,0,0,0,0,0,0,0,66480525312,2147479552,30982103040,0
99,1713877675374,101530.220703125,4700,1,0.30000000000000004,35558.47952270508,4700,1,0.30000000000000004,92017.53268432617,4700,1,0.30000000000000004,40476.54884338379,4700,1,0.30000000000000004,42115.52018737793,4700,1,0.30000000000000004,39189.990814208984,4700,1,0.30000000000000004,39783.287536621094,4700,1,0.30000000000000004,40527.59764099121,4700,1,0.30000000000000004,35608.19812011719,4700,1,0.30000000000000004,34179.82647705078,4700,1,0.30000000000000004,33666.381103515625,4700,1,0.30000000000000004,38290.14859008789,4700,1,0.30000000000000004,23635837.360214233,400,400,400,400,400,400,4691,400,400,400,4690,400,400,4690,400,400,400,400,4690,4690,400,4690,400,400,100,0,0,0,0,0,0,0,0,0,0,0,0,0,0,0,0,0,0,0,0,0,0,0,66480525312,2147479552,28603351040,0
99,1713877675474,101530.81848144531,4700,1,0.30000000000000004,35558.48107910156,4700,1,0.30000000000000004,92017.53486633301,4700,1,0.30000000000000004,40476.55212402344,4700,1,0.30000000000000004,42115.52360534668,4700,1,0.30000000000000004,39189.996322631836,4700,1,0.30000000000000004,39783.291091918945,4700,1,0.30000000000000004,40527.60075378418,4700,1,0.30000000000000004,35608.20994567871,4700,1,0.30000000000000004,34179.828048706055,4700,1,0.30000000000000004,33666.3826751709,4700,1,0.30000000000000004,38290.150161743164,4700,1,0.30000000000000004,23635841.196365356,400,400,400,400,400,400,4691,400,400,400,4690,400,400,4690,400,400,400,400,4690,4690,400,4690,400,400,100,0,0,0,0,0,0,0,0,0,0,0,0,0,0,0,0,0,0,0,0,0,0,0,66480525312,2147479552,26240319488,0
99,1713877675574,101531.41638183594,4700,1,0.30000000000000004,35558.482666015625,4700,1,0.30000000000000004,92017.53671264648,4700,1,0.30000000000000004,40476.55531311035,4700,1,0.30000000000000004,42115.52674865723,4700,1,0.30000000000000004,39189.999420166016,4700,1,0.30000000000000004,39783.29559326172,4700,1,0.30000000000000004,40527.60385131836,4700,1,0.30000000000000004,35608.223205566406,4700,1,0.30000000000000004,34179.8317565918,4700,1,0.30000000000000004,33666.38461303711,4700,1,0.30000000000000004,38290.1520690918,4700,1,0.30000000000000004,23635845.0783844,400,400,400,400,400,400,4691,400,400,400,4690,400,400,4690,400,400,400,400,4690,4690,400,4690,400,400,100,0,0,0,0,0,0,0,0,0,0,0,0,0,0,0,0,0,0,0,0,0,0,0,66480525312,2147479552,23872323584,0
99,1713877675674,101532.0145111084,4700,1,0.30000000000000004,35558.48435974121,4700,1,0.30000000000000004,92017.5385131836,4700,1,0.30000000000000004,40476.55854797363,4700,1,0.30000000000000004,42115.529846191406,4700,1,0.30000000000000004,39190.00988769531,4700,1,0.30000000000000004,39783.2986907959,4700,1,0.30000000000000004,40527.60694885254,4700,1,0.30000000000000004,35608.23631286621,4700,1,0.30000000000000004,34179.83360290527,4700,1,0.30000000000000004,33666.38798522949,4700,1,0.30000000000000004,38290.15368652344,4700,1,0.30000000000000004,23635848.974121094,400,400,400,400,400,400,4691,400,400,400,4690,400,400,4690,400,400,400,400,4690,4690,400,4690,400,400,100,0,0,0,0,0,0,0,0,0,0,0,0,0,0,0,0,0,0,0,0,0,0,0,66480525312,2147479552,21488193536,0
99,1713877675774,101532.5881652832,4700,1,0.30000000000000004,35558.485931396484,4700,1,0.30000000000000004,92017.54104614258,4700,1,0.30000000000000004,40476.56184387207,4700,1,0.30000000000000004,42115.532943725586,4700,1,0.30000000000000004,39190.01298522949,4700,1,0.30000000000000004,39783.301834106445,4700,1,0.30000000000000004,40527.61004638672,4700,1,0.30000000000000004,35608.252990722656,4700,1,0.30000000000000004,34179.835678100586,4700,1,0.30000000000000004,33666.389556884766,4700,1,0.30000000000000004,38290.15710449219,4700,1,0.30000000000000004,23635852.78694153,400,400,400,400,400,400,4691,400,400,400,4690,400,400,4690,400,400,400,400,4690,4690,400,4690,400,400,100,0,0,0,0,0,0,0,0,0,0,0,0,0,0,0,0,0,0,0,0,0,0,0,66480525312,2147479552,20581072896,0
99,1713877675874,101533.09767150879,4700,1,0.30000000000000004,35558.48750305176,4700,1,0.30000000000000004,92017.54284667969,4700,1,0.30000000000000004,40476.565032958984,4700,1,0.30000000000000004,42115.536041259766,4700,1,0.30000000000000004,39190.01608276367,4700,1,0.30000000000000004,39783.304931640625,4700,1,0.30000000000000004,40527.6131439209,4700,1,0.30000000000000004,35608.26856994629,4700,1,0.30000000000000004,34179.837478637695,4700,1,0.30000000000000004,33666.39112854004,4700,1,0.30000000000000004,38290.15872192383,4700,1,0.30000000000000004,23635856.434265137,400,400,400,400,400,400,4691,400,400,400,4690,400,400,4690,400,400,400,400,4690,4690,400,4690,400,400,100,0,0,0,0,0,0,0,0,0,0,0,0,0,0,0,0,0,0,0,0,0,0,0,66480525312,2147479552,20805574656,0
99,1713877675974,101533.60725402832,4700,1,0.30000000000000004,35558.48913574219,4700,1,0.30000000000000004,92017.54475402832,4700,1,0.30000000000000004,40476.568450927734,4700,1,0.30000000000000004,42115.54116821289,4700,1,0.30000000000000004,39190.02178955078,4700,1,0.30000000000000004,39783.310943603516,4700,1,0.30000000000000004,40527.616302490234,4700,1,0.30000000000000004,35608.283782958984,4700,1,0.30000000000000004,34179.839279174805,4700,1,0.30000000000000004,33666.39270019531,4700,1,0.30000000000000004,38290.1602935791,4700,1,0.30000000000000004,23635860.048965454,400,400,400,400,400,400,4691,400,400,400,4690,400,400,4690,400,400,400,400,4690,4690,400,4690,400,400,100,0,0,0,0,0,0,0,0,0,0,0,0,0,0,0,0,0,0,0,0,0,0,0,66480525312,2147479552,21034721280,0
99,1713877676074,101534.12335205078,4700,1,0.30000000000000004,35558.49070739746,4700,1,0.30000000000000004,92017.54670715332,4700,1,0.30000000000000004,40476.57180786133,4700,1,0.30000000000000004,42115.54446411133,4700,1,0.30000000000000004,39190.025314331055,4700,1,0.30000000000000004,39783.31410217285,4700,1,0.30000000000000004,40527.619369506836,4700,1,0.30000000000000004,35608.293685913086,4700,1,0.30000000000000004,34179.84117126465,4700,1,0.30000000000000004,33666.395446777344,4700,1,0.30000000000000004,38290.16189575195,4700,1,0.30000000000000004,23635863.602371216,400,400,400,400,400,400,4691,400,400,400,4690,400,400,4690,400,400,400,400,4690,4690,400,4690,400,400,100,0,0,0,0,0,0,0,0,0,0,0,0,0,0,0,0,0,0,0,5,0,0,0,66480525312,2147479552,21264900096,0
99,1713877676174,101534.64038085938,4700,1,0.30000000000000004,35558.492263793945,4700,1,0.30000000000000004,92017.54844665527,4700,1,0.30000000000000004,40476.57504272461,4700,1,0.30000000000000004,42115.5475769043,4700,1,0.30000000000000004,39190.02844238281,4700,1,0.30000000000000004,39783.31721496582,4700,1,0.30000000000000004,40527.622467041016,4700,1,0.30000000000000004,35608.30792236328,4700,1,0.30000000000000004,34179.84292602539,4700,1,0.30000000000000004,33666.397048950195,4700,1,0.30000000000000004,38290.16354370117,4700,1,0.30000000000000004,23635867.086914063,400,400,400,400,400,400,4691,400,400,400,4690,400,400,4690,400,400,400,400,4690,4690,400,4690,400,400,100,0,0,0,0,0,0,0,0,0,0,0,0,0,0,0,0,0,0,0,5,0,0,0,66480525312,2147479552,21496627200,0
99,1713877676274,101535.15788269043,4700,1,0.30000000000000004,35558.49383544922,4700,1,0.30000000000000004,92017.55052185059,4700,1,0.30000000000000004,40476.57824707031,4700,1,0.30000000000000004,42115.55073547363,4700,1,0.30000000000000004,39190.03153991699,4700,1,0.30000000000000004,39783.3203125,4700,1,0.30000000000000004,40527.625564575195,4700,1,0.30000000000000004,35608.32130432129,4700,1,0.30000000000000004,34179.844985961914,4700,1,0.30000000000000004,33666.39862060547,4700,1,0.30000000000000004,38290.165130615234,4700,1,0.30000000000000004,23635870.64717102,400,400,400,400,400,400,4691,400,400,400,4690,400,400,4690,400,400,400,400,4690,4690,400,4690,400,400,100,0,0,0,0,0,0,0,0,0,0,0,0,0,0,0,0,0,0,0,4.761904716491699,0,0,0,66480525312,2147479552,21728354304,0
99,1713877676374,101535.67468261719,4700,1,0.30000000000000004,35558.49540710449,4700,1,0.30000000000000004,92017.5523223877,4700,1,0.30000000000000004,40476.58151245117,4700,1,0.30000000000000004,42115.55563354492,4700,1,0.30000000000000004,39190.03469848633,4700,1,0.30000000000000004,39783.32341003418,4700,1,0.30000000000000004,40527.628662109375,4700,1,0.30000000000000004,35608.33451843262,4700,1,0.30000000000000004,34179.84687805176,4700,1,0.30000000000000004,33666.40019226074,4700,1,0.30000000000000004,38290.16670227051,4700,1,0.30000000000000004,23635874.22303772,400,400,400,400,400,400,4691,400,400,400,4690,400,400,4690,400,400,400,400,4690,4690,400,4690,400,400,100,0,0,0,0,0,0,0,0,0,0,0,0,0,0,0,0,0,0,0,4.761904716491699,0,0,0,66480525312,2147479552,21960597504,0
99,1713877676474,101536.1929321289,4700,1,0.30000000000000004,35558.496978759766,4700,1,0.30000000000000004,92017.5542755127,4700,1,0.30000000000000004,40476.58474731445,4700,1,0.30000000000000004,42115.5587310791,4700,1,0.30000000000000004,39190.037857055664,4700,1,0.30000000000000004,39783.326583862305,4700,1,0.30000000000000004,40527.63424682617,4700,1,0.30000000000000004,35608.34716796875,4700,1,0.30000000000000004,34179.8487701416,4700,1,0.30000000000000004,33666.401763916016,4700,1,0.30000000000000004,38290.16827392578,4700,1,0.30000000000000004,23635877.770385742,400,400,400,400,400,400,4691,400,400,400,4690,400,400,4690,400,400,400,400,4690,4690,400,4690,400,400,100,0,0,0,0,0,0,0,0,0,0,0,0,0,0,0,0,0,0,0,0,0,0,0,66480525312,2147479552,22193356800,0
99,1713877676574,101536.71127319336,4700,1,0.30000000000000004,35558.49855041504,4700,1,0.30000000000000004,92017.55613708496,4700,1,0.30000000000000004,40476.58804321289,4700,1,0.30000000000000004,42115.561935424805,4700,1,0.30000000000000004,39190.040954589844,4700,1,0.30000000000000004,39783.32977294922,4700,1,0.30000000000000004,40527.63734436035,4700,1,0.30000000000000004,35608.36358642578,4700,1,0.30000000000000004,34179.85079956055,4700,1,0.30000000000000004,33666.40512084961,4700,1,0.30000000000000004,38290.170150756836,4700,1,0.30000000000000004,23635881.293777466,400,400,400,400,400,400,4691,400,400,400,4690,400,400,4690,400,400,400,400,4690,4690,400,4690,400,400,100,0,0,0,0,0,0,0,0,0,0,0,0,0,0,0,0,0,0,0,0,0,0,0,66480525312,2147479552,22426632192,0
99,1713877676674,101537.22497558594,4700,1,0.30000000000000004,35558.500228881836,4700,1,0.30000000000000004,92017.55793762207,4700,1,0.30000000000000004,40476.59126281738,4700,1,0.30000000000000004,42115.56741333008,4700,1,0.30000000000000004,39190.04458618164,4700,1,0.30000000000000004,39783.3328704834,4700,1,0.30000000000000004,40527.64044189453,4700,1,0.30000000000000004,35608.37936401367,4700,1,0.30000000000000004,34179.85264587402,4700,1,0.30000000000000004,33666.40673828125,4700,1,0.30000000000000004,38290.17172241211,4700,1,0.30000000000000004,23635884.867614746,400,400,400,400,400,400,4691,400,400,400,4690,400,400,4690,400,400,400,400,4690,4690,400,4690,400,400,100,0,0,0,0,0,0,0,0,0,0,0,0,0,0,0,0,0,0,0,5,0,0,0,66480525312,2147479552,22659907584,0
99,1713877676774,101537.74389648438,4700,1,0.30000000000000004,35558.501953125,4700,1,0.30000000000000004,92017.56072998047,4700,1,0.30000000000000004,40476.59490966797,4700,1,0.30000000000000004,42115.57063293457,4700,1,0.30000000000000004,39190.048767089844,4700,1,0.30000000000000004,39783.34065246582,4700,1,0.30000000000000004,40527.64601135254,4700,1,0.30000000000000004,35608.39500427246,4700,1,0.30000000000000004,34179.854736328125,4700,1,0.30000000000000004,33666.40840148926,4700,1,0.30000000000000004,38290.17337036133,4700,1,0.30000000000000004,23635888.42678833,400,400,400,400,400,400,4691,400,400,400,4690,400,400,4690,400,400,400,400,4690,4690,400,4690,400,400,100,0,0,0,0,0,0,0,0,0,0,0,0,0,0,0,0,0,0,0,5,0,0,0,66480525312,2147479552,22893441024,0
99,1713877676874,101538.26248168945,4700,1,0.30000000000000004,35558.50352478027,4700,1,0.30000000000000004,92017.56248474121,4700,1,0.30000000000000004,40476.59814453125,4700,1,0.30000000000000004,42115.57376098633,4700,1,0.30000000000000004,39190.05192565918,4700,1,0.30000000000000004,39783.34413146973,4700,1,0.30000000000000004,40527.64910888672,4700,1,0.30000000000000004,35608.4041595459,4700,1,0.30000000000000004,34179.856506347656,4700,1,0.30000000000000004,33666.40995788574,4700,1,0.30000000000000004,38290.17686462402,4700,1,0.30000000000000004,23635892.002838135,400,400,400,400,400,400,4691,400,400,400,4690,400,400,4690,400,400,400,400,4690,4690,400,4690,400,400,100,0,0,0,0,0,4.761904716491699,0,0,0,0,0,0,0,0,0,0,0,0,0,4.761904716491699,0,0,0,66480525312,2147479552,23126716416,0
99,1713877676974,101538.78115844727,4700,1,0.30000000000000004,35558.50517272949,4700,1,0.30000000000000004,92017.56436157227,4700,1,0.30000000000000004,40476.60145568848,4700,1,0.30000000000000004,42115.57876586914,4700,1,0.30000000000000004,39190.05612182617,4700,1,0.30000000000000004,39783.35090637207,4700,1,0.30000000000000004,40527.65234375,4700,1,0.30000000000000004,35608.418029785156,4700,1,0.30000000000000004,34179.85844421387,4700,1,0.30000000000000004,33666.411529541016,4700,1,0.30000000000000004,38290.178466796875,4700,1,0.30000000000000004,23635895.539413452,400,400,400,400,400,400,4691,400,400,400,4690,400,400,4690,400,400,400,400,4690,4690,400,4690,400,400,100,0,0,0,0,0,4.761904716491699,0,0,0,0,0,0,0,0,0,0,0,0,0,4.761904716491699,0,0,0,66480525312,2147479552,23361024000,0
99,1713877677075,101539.3003540039,4700,1,0.30000000000000004,35558.506744384766,4700,1,0.30000000000000004,92017.56642150879,4700,1,0.30000000000000004,40476.6047668457,4700,1,0.30000000000000004,42115.58204650879,4700,1,0.30000000000000004,39190.05958557129,4700,1,0.30000000000000004,39783.354248046875,4700,1,0.30000000000000004,40527.65544128418,4700,1,0.30000000000000004,35608.43209838867,4700,1,0.30000000000000004,34179.860443115234,4700,1,0.30000000000000004,33666.4137878418,4700,1,0.30000000000000004,38290.18022155762,4700,1,0.30000000000000004,23635899.096984863,400,400,400,400,400,400,4691,400,400,400,4690,400,400,4690,400,400,400,400,4690,4690,400,4690,400,400,100,0,0,0,0,0,0,0,0,0,0,0,0,0,0,0,0,0,0,0,4.761904716491699,0,0,0,66480525312,2147479552,23594299392,0
99,1713877677175,101539.81980895996,4700,1,0.30000000000000004,35558.50831604004,4700,1,0.30000000000000004,92017.56817626953,4700,1,0.30000000000000004,40476.60807800293,4700,1,0.30000000000000004,42115.58514404297,4700,1,0.30000000000000004,39190.06268310547,4700,1,0.30000000000000004,39783.357345581055,4700,1,0.30000000000000004,40527.65853881836,4700,1,0.30000000000000004,35608.4446105957,4700,1,0.30000000000000004,34179.86228942871,4700,1,0.30000000000000004,33666.41535949707,4700,1,0.30000000000000004,38290.18179321289,4700,1,0.30000000000000004,23635902.634643555,400,400,400,400,400,400,4691,400,400,400,4690,400,400,4690,400,400,400,400,4690,4690,400,4690,400,400,100,0,0,0,0,0,0,0,0,0,0,0,0,0,0,0,0,0,0,0,4.761904716491699,0,0,0,66480525312,2147479552,23828606976,0
99,1713877677275,101540.33793640137,4700,1,0.30000000000000004,35558.50988769531,4700,1,0.30000000000000004,92017.57023620605,4700,1,0.30000000000000004,40476.611328125,4700,1,0.30000000000000004,42115.588302612305,4700,1,0.30000000000000004,39190.06578063965,4700,1,0.30000000000000004,39783.360443115234,4700,1,0.30000000000000004,40527.66163635254,4700,1,0.30000000000000004,35608.460372924805,4700,1,0.30000000000000004,34179.8642578125,4700,1,0.30000000000000004,33666.41877746582,4700,1,0.30000000000000004,38290.183364868164,4700,1,0.30000000000000004,23635906.293762207,400,400,400,400,400,400,4691,400,400,400,4690,400,400,4690,400,400,400,400,4690,4690,400,4690,400,400,100,0,0,0,0,0,0,0,0,0,0,0,0,0,0,0,0,0,0,0,5,0,0,0,66480525312,2147479552,24062398464,0
99,1713877677375,101540.8519744873,4700,1,0.30000000000000004,35558.511459350586,4700,1,0.30000000000000004,92017.5719909668,4700,1,0.30000000000000004,40476.61454772949,4700,1,0.30000000000000004,42115.59260559082,4700,1,0.30000000000000004,39190.06895446777,4700,1,0.30000000000000004,39783.363540649414,4700,1,0.30000000000000004,40527.66473388672,4700,1,0.30000000000000004,35608.47575378418,4700,1,0.30000000000000004,34179.865951538086,4700,1,0.30000000000000004,33666.420349121094,4700,1,0.30000000000000004,38290.18501281738,4700,1,0.30000000000000004,23635909.852890015,400,400,400,400,400,400,4691,400,400,400,4690,400,400,4690,400,400,400,400,4690,4690,400,4690,400,400,100,0,0,0,0,0,0,0,0,0,0,0,0,0,0,0,0,0,0,0,5,0,0,0,66480525312,2147479552,24296189952,0
99,1713877677475,101541.3723449707,4700,1,0.30000000000000004,35558.51303100586,4700,1,0.30000000000000004,92017.57395935059,4700,1,0.30000000000000004,40476.61784362793,4700,1,0.30000000000000004,42115.59567260742,4700,1,0.30000000000000004,39190.07208251953,4700,1,0.30000000000000004,39783.36665344238,4700,1,0.30000000000000004,40527.66784667969,4700,1,0.30000000000000004,35608.490661621094,4700,1,0.30000000000000004,34179.86769104004,4700,1,0.30000000000000004,33666.42192077637,4700,1,0.30000000000000004,38290.18667602539,4700,1,0.30000000000000004,23635913.383850098,400,400,400,400,400,400,4691,400,400,400,4690,400,400,4690,400,400,400,400,4690,4690,400,4690,400,400,100,0,0,0,0,0,0,0,0,0,0,0,0,0,0,0,0,0,0,0,4.761904716491699,0,0,0,66480525312,2147479552,24530497536,0
99,1713877677575,101541.89149475098,4700,1,0.30000000000000004,35558.51460266113,4700,1,0.30000000000000004,92017.57580566406,4700,1,0.30000000000000004,40476.62113952637,4700,1,0.30000000000000004,42115.598892211914,4700,1,0.30000000000000004,39190.07518005371,4700,1,0.30000000000000004,39783.369857788086,4700,1,0.30000000000000004,40527.67091369629,4700,1,0.30000000000000004,35608.49984741211,4700,1,0.30000000000000004,34179.86961364746,4700,1,0.30000000000000004,33666.42475891113,4700,1,0.30000000000000004,38290.188537597656,4700,1,0.30000000000000004,23635917.004196167,400,400,400,400,400,400,4691,400,400,400,4690,400,400,4690,400,400,400,400,4690,4690,400,4690,400,400,100,0,0,0,0,0,0,0,0,0,0,0,0,0,0,0,0,0,0,0,4.761904716491699,0,0,0,66480525312,2147479552,24764289024,0
99,1713877677675,101542.41157531738,4700,1,0.30000000000000004,35558.51628112793,4700,1,0.30000000000000004,92017.5775604248,4700,1,0.30000000000000004,40476.624435424805,4700,1,0.30000000000000004,42115.601989746094,4700,1,0.30000000000000004,39190.08653259277,4700,1,0.30000000000000004,39783.372970581055,4700,1,0.30000000000000004,40527.67402648926,4700,1,0.30000000000000004,35608.51368713379,4700,1,0.30000000000000004,34179.87144470215,4700,1,0.30000000000000004,33666.426330566406,4700,1,0.30000000000000004,38290.19009399414,4700,1,0.30000000000000004,23635920.50190735,400,400,400,400,400,400,4691,400,400,400,4690,400,400,4690,400,400,400,400,4690,4690,400,4690,400,400,100,0,0,0,0,0,0,0,0,0,0,0,0,0,0,0,0,0,0,0,0,0,0,0,66480525312,2147479552,24998596608,0
99,1713877677775,101542.93061828613,4700,1,0.30000000000000004,35558.51850891113,4700,1,0.30000000000000004,92017.57972717285,4700,1,0.30000000000000004,40476.627700805664,4700,1,0.30000000000000004,42115.60516357422,4700,1,0.30000000000000004,39190.08963012695,4700,1,0.30000000000000004,39783.378326416016,4700,1,0.30000000000000004,40527.67712402344,4700,1,0.30000000000000004,35608.52668762207,4700,1,0.30000000000000004,34179.87336730957,4700,1,0.30000000000000004,33666.4295501709,4700,1,0.30000000000000004,38290.19351196289,4700,1,0.30000000000000004,23635924.096191406,400,400,400,400,400,400,4691,400,400,400,4690,400,400,4690,400,400,400,400,4690,4690,400,4690,400,400,100,0,0,0,0,0,0,0,0,0,0,0,0,0,0,0,0,0,0,0,0,0,0,0,66480525312,2147479552,25232904192,0
99,1713877677875,101543.4497833252,4700,1,0.30000000000000004,35558.520080566406,4700,1,0.30000000000000004,92017.58166503906,4700,1,0.30000000000000004,40476.63098144531,4700,1,0.30000000000000004,42115.608337402344,4700,1,0.30000000000000004,39190.094009399414,4700,1,0.30000000000000004,39783.381423950195,4700,1,0.30000000000000004,40527.68022155762,4700,1,0.30000000000000004,35608.53918457031,4700,1,0.30000000000000004,34179.875091552734,4700,1,0.30000000000000004,33666.43112182617,4700,1,0.30000000000000004,38290.19515991211,4700,1,0.30000000000000004,23635927.6713562,400,400,400,400,400,400,4691,400,400,400,4690,400,400,4690,400,400,400,400,4690,4690,400,4690,400,400,100,0,0,0,0,0,0,0,0,0,0,0,0,0,0,0,0,0,0,0,5,0,0,0,66480525312,2147479552,25466695680,0
99,1713877677975,101543.96881103516,4700,1,0.30000000000000004,35558.52180480957,4700,1,0.30000000000000004,92017.5837097168,4700,1,0.30000000000000004,40476.634353637695,4700,1,0.30000000000000004,42115.61332702637,4700,1,0.30000000000000004,39190.09982299805,4700,1,0.30000000000000004,39783.38607788086,4700,1,0.30000000000000004,40527.683364868164,4700,1,0.30000000000000004,35608.55522155762,4700,1,0.30000000000000004,34179.87696838379,4700,1,0.30000000000000004,33666.432693481445,4700,1,0.30000000000000004,38290.19868469238,4700,1,0.30000000000000004,23635931.291534424,400,400,400,400,400,400,4691,400,400,400,4690,400,400,4690,400,400,400,400,4690,4690,400,4690,400,400,100,0,0,0,0,0,0,0,0,0,0,0,0,0,0,0,0,0,0,0,5,0,0,0,66480525312,2147479552,25701003264,0
99,1713877678075,101544.48712158203,4700,1,0.30000000000000004,35558.52485656738,4700,1,0.30000000000000004,92017.58572387695,4700,1,0.30000000000000004,40476.637756347656,4700,1,0.30000000000000004,42115.61672973633,4700,1,0.30000000000000004,39190.10314941406,4700,1,0.30000000000000004,39783.39140319824,4700,1,0.30000000000000004,40527.686584472656,4700,1,0.30000000000000004,35608.570861816406,4700,1,0.30000000000000004,34179.878997802734,4700,1,0.30000000000000004,33666.43452453613,4700,1,0.30000000000000004,38290.200424194336,4700,1,0.30000000000000004,23635934.973739624,400,400,400,400,400,400,4691,400,400,400,4690,400,400,4690,400,400,400,400,4690,4690,400,4690,400,400,100,0,0,0,0,0,0,0,0,0,0,0,0,0,0,0,0,0,0,0,4.761904716491699,0,0,0,66480525312,2147479552,25935310848,0
99,1713877678175,101545.00126647949,4700,1,0.30000000000000004,35558.526428222656,4700,1,0.30000000000000004,92017.58749389648,4700,1,0.30000000000000004,40476.641052246094,4700,1,0.30000000000000004,42115.61979675293,4700,1,0.30000000000000004,39190.106216430664,4700,1,0.30000000000000004,39783.39450073242,4700,1,0.30000000000000004,40527.689697265625,4700,1,0.30000000000000004,35608.5859375,4700,1,0.30000000000000004,34179.880798339844,4700,1,0.30000000000000004,33666.436096191406,4700,1,0.30000000000000004,38290.20199584961,4700,1,0.30000000000000004,23635938.539352417,400,400,400,400,400,400,4691,400,400,400,4690,400,400,4690,400,400,400,400,4690,4690,400,4690,400,400,100,0,0,0,0,0,0,0,0,0,0,0,0,0,0,0,0,0,0,0,4.761904716491699,0,0,0,66480525312,2147479552,26169618432,0
99,1713877678275,101545.51905822754,4700,1,0.30000000000000004,35558.52799987793,4700,1,0.30000000000000004,92017.58982849121,4700,1,0.30000000000000004,40476.64442443848,4700,1,0.30000000000000004,42115.622955322266,4700,1,0.30000000000000004,39190.116638183594,4700,1,0.30000000000000004,39783.399993896484,4700,1,0.30000000000000004,40527.692779541016,4700,1,0.30000000000000004,35608.60023498535,4700,1,0.30000000000000004,34179.88276672363,4700,1,0.30000000000000004,33666.439529418945,4700,1,0.30000000000000004,38290.20356750488,4700,1,0.30000000000000004,23635942.155273438,400,400,400,400,400,400,4691,400,400,400,4690,400,400,4690,400,400,400,400,4690,4690,400,4690,400,400,100,0,0,0,0,0,0,0,0,0,0,0,0,0,0,0,0,0,0,0,4.761904716491699,0,0,0,66480525312,2147479552,26403926016,0
99,1713877678375,101546.03712463379,4700,1,0.30000000000000004,35558.529556274414,4700,1,0.30000000000000004,92017.59156799316,4700,1,0.30000000000000004,40476.64765930176,4700,1,0.30000000000000004,42115.626693725586,4700,1,0.30000000000000004,39190.11975097656,4700,1,0.30000000000000004,39783.403091430664,4700,1,0.30000000000000004,40527.695877075195,4700,1,0.30000000000000004,35608.608627319336,4700,1,0.30000000000000004,34179.88446044922,4700,1,0.30000000000000004,33666.44108581543,4700,1,0.30000000000000004,38290.206481933594,4700,1,0.30000000000000004,23635945.764526367,400,400,400,400,400,400,4691,400,400,400,4690,400,400,4690,400,400,400,400,4690,4690,400,4690,400,400,100,0,0,0,0,0,0,0,0,0,0,0,0,0,0,0,0,0,0,0,4.761904716491699,0,0,0,66480525312,2147479552,26638233600,0
99,1713877678475,101546.55751037598,4700,1,0.30000000000000004,35558.54348754883,4700,1,0.30000000000000004,92017.60679626465,4700,1,0.30000000000000004,40476.669662475586,4700,1,0.30000000000000004,42115.645584106445,4700,1,0.30000000000000004,39190.135498046875,4700,1,0.30000000000000004,39783.422927856445,4700,1,0.30000000000000004,40527.71299743652,4700,1,0.30000000000000004,35608.638412475586,4700,1,0.30000000000000004,34179.89920043945,4700,1,0.30000000000000004,33666.455078125,4700,1,0.30000000000000004,38290.2229309082,4700,1,0.30000000000000004,23635949.54197693,400,400,400,400,400,400,4691,400,400,400,4690,400,400,4690,400,400,400,400,4690,4690,400,4690,400,400,100,0,0,0,0,0,0,0,0,0,0,0,0,0,0,0,0,0,0,0,5,0,0,0,66480525312,2147479552,26872025088,0
99,1713877678575,101547.07699584961,4700,1,0.30000000000000004,35558.54553222656,4700,1,0.30000000000000004,92017.6118774414,4700,1,0.30000000000000004,40476.67539978027,4700,1,0.30000000000000004,42115.65151977539,4700,1,0.30000000000000004,39190.13932800293,4700,1,0.30000000000000004,39783.42686462402,4700,1,0.30000000000000004,40527.71887207031,4700,1,0.30000000000000004,35608.65089416504,4700,1,0.30000000000000004,34179.90187072754,4700,1,0.30000000000000004,33666.45669555664,4700,1,0.30000000000000004,38290.22622680664,4700,1,0.30000000000000004,23635953.13470459,400,400,400,400,400,400,4691,400,400,400,4690,400,400,4690,400,400,400,400,4690,4690,400,4690,400,400,100,0,0,0,0,0,0,0,0,0,0,0,0,0,0,0,0,0,0,0,5,0,0,0,66480525312,2147479552,27106332672,0
99,1713877678675,101547.59550476074,4700,1,0.30000000000000004,35558.548904418945,4700,1,0.30000000000000004,92017.6136932373,4700,1,0.30000000000000004,40476.67860412598,4700,1,0.30000000000000004,42115.65478515625,4700,1,0.30000000000000004,39190.14320373535,4700,1,0.30000000000000004,39783.4299621582,4700,1,0.30000000000000004,40527.72198486328,4700,1,0.30000000000000004,35608.66664123535,4700,1,0.30000000000000004,34179.90370178223,4700,1,0.30000000000000004,33666.458267211914,4700,1,0.30000000000000004,38290.22784423828,4700,1,0.30000000000000004,23635956.749572754,400,400,400,400,400,400,4691,400,400,400,4690,400,400,4690,400,400,400,400,4690,4690,400,4690,400,400,100,0,0,0,0,0,0,0,0,0,0,0,0,0,0,0,0,0,0,0,0,0,0,0,66480525312,2147479552,27340640256,0
99,1713877678775,101548.10929870605,4700,1,0.30000000000000004,35558.550521850586,4700,1,0.30000000000000004,92017.61584472656,4700,1,0.30000000000000004,40476.682067871094,4700,1,0.30000000000000004,42115.65832519531,4700,1,0.30000000000000004,39190.14677429199,4700,1,0.30000000000000004,39783.435470581055,4700,1,0.30000000000000004,40527.726135253906,4700,1,0.30000000000000004,35608.68217468262,4700,1,0.30000000000000004,34179.9055480957,4700,1,0.30000000000000004,33666.46176147461,4700,1,0.30000000000000004,38290.22950744629,4700,1,0.30000000000000004,23635960.356277466,400,400,400,400,400,400,4691,400,400,400,4690,400,400,4690,400,400,400,400,4690,4690,400,4690,400,400,100,0,0,0,0,0,0,0,0,0,0,0,0,0,0,0,0,0,0,0,0,0,0,0,66480525312,2147479552,27574661120,0
99,1713877678875,101548.62898254395,4700,1,0.30000000000000004,35558.55285644531,4700,1,0.30000000000000004,92017.6178894043,4700,1,0.30000000000000004,40476.68771362305,4700,1,0.30000000000000004,42115.66143798828,4700,1,0.30000000000000004,39190.14987182617,4700,1,0.30000000000000004,39783.43865966797,4700,1,0.30000000000000004,40527.729232788086,4700,1,0.30000000000000004,35608.697006225586,4700,1,0.30000000000000004,34179.90711975098,4700,1,0.30000000000000004,33666.46333312988,4700,1,0.30000000000000004,38290.23114013672,4700,1,0.30000000000000004,23635963.900634766,400,400,400,400,400,400,4691,400,400,400,4690,400,400,4690,400,400,400,400,4690,4690,400,4690,400,400,100,0,0,0,0,0,0,0,0,0,0,0,0,0,0,0,0,0,0,0,0,0,0,0,66480525312,2147479552,27808968704,0
99,1713877678976,101549.14814758301,4700,1,0.30000000000000004,35558.554611206055,4700,1,0.30000000000000004,92017.62013244629,4700,1,0.30000000000000004,40476.69129943848,4700,1,0.30000000000000004,42115.66458129883,4700,1,0.30000000000000004,39190.15480041504,4700,1,0.30000000000000004,39783.44665527344,4700,1,0.30000000000000004,40527.732345581055,4700,1,0.30000000000000004,35608.704498291016,4700,1,0.30000000000000004,34179.90867614746,4700,1,0.30000000000000004,33666.464904785156,4700,1,0.30000000000000004,38290.23280334473,4700,1,0.30000000000000004,23635967.470230103,400,400,400,400,400,400,4691,400,400,400,4690,400,400,4690,400,400,400,400,4690,4690,400,4690,400,400,100,0,0,0,0,0,0,0,0,0,0,0,0,0,0,0,0,0,0,0,0,0,0,0,66480525312,2147479552,28042760192,0
99,1713877679076,101549.6671295166,4700,1,0.30000000000000004,35558.55618286133,4700,1,0.30000000000000004,92017.62252807617,4700,1,0.30000000000000004,40476.694564819336,4700,1,0.30000000000000004,42115.66795349121,4700,1,0.30000000000000004,39190.15830993652,4700,1,0.30000000000000004,39783.45248413086,4700,1,0.30000000000000004,40527.73545837402,4700,1,0.30000000000000004,35608.71813964844,4700,1,0.30000000000000004,34179.910247802734,4700,1,0.30000000000000004,33666.46781921387,4700,1,0.30000000000000004,38290.234451293945,4700,1,0.30000000000000004,23635971.095092773,400,400,400,400,400,400,4691,400,400,400,4690,400,400,4690,400,400,400,400,4690,4690,400,4690,400,400,100,0,0,0,0,0,0,0,0,0,0,0,0,0,0,0,0,0,0,0,0,0,0,0,66480525312,2147479552,28277067776,0
99,1713877679176,101550.18605041504,4700,1,0.30000000000000004,35558.55773925781,4700,1,0.30000000000000004,92017.6244354248,4700,1,0.30000000000000004,40476.705017089844,4700,1,0.30000000000000004,42115.671325683594,4700,1,0.30000000000000004,39190.1614074707,4700,1,0.30000000000000004,39783.45573425293,4700,1,0.30000000000000004,40527.73857116699,4700,1,0.30000000000000004,35608.73109436035,4700,1,0.30000000000000004,34179.9118347168,4700,1,0.30000000000000004,33666.46943664551,4700,1,0.30000000000000004,38290.236068725586,4700,1,0.30000000000000004,23635974.6428833,400,400,400,400,400,400,4691,400,400,400,4690,400,400,4690,400,400,400,400,4690,4690,400,4690,400,400,100,0,0,0,0,0,0,0,0,0,0,0,0,0,0,0,0,0,0,0,0,0,0,0,66480525312,2147479552,28511375360,0
99,1713877679276,101550.70495605469,4700,1,0.30000000000000004,35558.559310913086,4700,1,0.30000000000000004,92017.62696838379,4700,1,0.30000000000000004,40476.70829772949,4700,1,0.30000000000000004,42115.67446899414,4700,1,0.30000000000000004,39190.16450500488,4700,1,0.30000000000000004,39783.45883178711,4700,1,0.30000000000000004,40527.74166870117,4700,1,0.30000000000000004,35608.743423461914,4700,1,0.30000000000000004,34179.91346740723,4700,1,0.30000000000000004,33666.47105407715,4700,1,0.30000000000000004,38290.23764038086,4700,1,0.30000000000000004,23635978.25453186,400,400,400,400,400,400,4691,400,400,400,4690,400,400,4690,400,400,400,400,4690,4690,400,4690,400,400,100,0,0,0,0,0,0,0,0,0,0,0,0,0,0,0,0,0,0,0,0,0,0,0,66480525312,2147479552,28745682944,0
99,1713877679376,101551.22337341309,4700,1,0.30000000000000004,35558.56088256836,4700,1,0.30000000000000004,92017.62881469727,4700,1,0.30000000000000004,40476.711502075195,4700,1,0.30000000000000004,42115.677642822266,4700,1,0.30000000000000004,39190.16760253906,4700,1,0.30000000000000004,39783.46192932129,4700,1,0.30000000000000004,40527.74476623535,4700,1,0.30000000000000004,35608.75506591797,4700,1,0.30000000000000004,34179.91506958008,4700,1,0.30000000000000004,33666.47262573242,4700,1,0.30000000000000004,38290.23921203613,4700,1,0.30000000000000004,23635981.8959198,400,400,400,400,400,400,4691,400,400,400,4690,400,400,4690,400,400,400,400,4690,4690,400,4690,400,400,100,0,0,0,0,0,0,0,0,0,0,0,0,0,0,0,0,0,0,0,0,0,0,0,66480525312,2147479552,28979990528,0
99,1713877679476,101551.7426147461,4700,1,0.30000000000000004,35558.56251525879,4700,1,0.30000000000000004,92017.63095092773,4700,1,0.30000000000000004,40476.714752197266,4700,1,0.30000000000000004,42115.680740356445,4700,1,0.30000000000000004,39190.170822143555,4700,1,0.30000000000000004,39783.46502685547,4700,1,0.30000000000000004,40527.74786376953,4700,1,0.30000000000000004,35608.77030944824,4700,1,0.30000000000000004,34179.91664123535,4700,1,0.30000000000000004,33666.474197387695,4700,1,0.30000000000000004,38290.240783691406,4700,1,0.30000000000000004,23635985.471206665,400,400,400,400,400,400,4691,400,400,400,4690,400,400,4690,400,400,400,400,4690,4690,400,4690,400,400,100,0,0,0,0,0,0,0,0,0,0,0,0,0,0,0,0,0,0,0,0,0,0,0,66480525312,2147479552,29214298112,0
99,1713877679576,101552.25674438477,4700,1,0.30000000000000004,35558.56408691406,4700,1,0.30000000000000004,92017.63279724121,4700,1,0.30000000000000004,40476.71806335449,4700,1,0.30000000000000004,42115.68380737305,4700,1,0.30000000000000004,39190.173919677734,4700,1,0.30000000000000004,39783.46925354004,4700,1,0.30000000000000004,40527.75096130371,4700,1,0.30000000000000004,35608.78512573242,4700,1,0.30000000000000004,34179.92022705078,4700,1,0.30000000000000004,33666.47772216797,4700,1,0.30000000000000004,38290.242584228516,4700,1,0.30000000000000004,23635989.095687866,400,400,400,400,400,400,4691,400,400,400,4690,400,400,4690,400,400,400,400,4690,4690,400,4690,400,400,100,0,0,0,0,0,0,0,0,0,0,0,0,0,0,0,0,0,0,0,0,0,0,0,66480525312,2147479552,29448605696,0
99,1713877679676,101552.77415466309,4700,1,0.30000000000000004,35558.56748962402,4700,1,0.30000000000000004,92017.63471984863,4700,1,0.30000000000000004,40476.72131347656,4700,1,0.30000000000000004,42115.68690490723,4700,1,0.30000000000000004,39190.18534851074,4700,1,0.30000000000000004,39783.47236633301,4700,1,0.30000000000000004,40527.75405883789,4700,1,0.30000000000000004,35608.79913330078,4700,1,0.30000000000000004,34179.92184448242,4700,1,0.30000000000000004,33666.47929382324,4700,1,0.30000000000000004,38290.24415588379,4700,1,0.30000000000000004,23635992.84361267,400,400,400,400,400,400,4691,400,400,400,4690,400,400,4690,400,400,400,400,4690,4690,400,4690,400,400,100,0,0,0,0,0,0,0,0,0,0,0,0,0,0,0,0,0,0,0,0,0,0,0,66480525312,2147479552,29682397184,0
99,1713877679776,101553.29302978516,4700,1,0.30000000000000004,35558.56904602051,4700,1,0.30000000000000004,92017.6368560791,4700,1,0.30000000000000004,40476.72480773926,4700,1,0.30000000000000004,42115.690017700195,4700,1,0.30000000000000004,39190.18844604492,4700,1,0.30000000000000004,39783.47546386719,4700,1,0.30000000000000004,40527.75712585449,4700,1,0.30000000000000004,35608.80714416504,4700,1,0.30000000000000004,34179.923400878906,4700,1,0.30000000000000004,33666.48274230957,4700,1,0.30000000000000004,38290.24757385254,4700,1,0.30000000000000004,23635996.478622437,400,400,400,400,400,400,4691,400,400,400,4690,400,400,4690,400,400,400,400,4690,4690,400,4690,400,400,100,0,0,0,0,0,0,0,0,0,0,0,0,0,0,0,0,0,0,0,0,0,0,0,66480525312,2147479552,29916704768,0
99,1713877679876,101553.81228637695,4700,1,0.30000000000000004,35558.57061767578,4700,1,0.30000000000000004,92017.63888549805,4700,1,0.30000000000000004,40476.72799682617,4700,1,0.30000000000000004,42115.693115234375,4700,1,0.30000000000000004,39190.1915435791,4700,1,0.30000000000000004,39783.47856140137,4700,1,0.30000000000000004,40527.76022338867,4700,1,0.30000000000000004,35608.81979370117,4700,1,0.30000000000000004,34179.92498779297,4700,1,0.30000000000000004,33666.484313964844,4700,1,0.30000000000000004,38290.24914550781,4700,1,0.30000000000000004,23636000.036254883,400,400,400,400,400,400,4691,400,400,400,4690,400,400,4690,400,400,400,400,4690,4690,400,4690,400,400,100,0,0,0,0,0,0,0,0,0,0,0,0,0,0,0,0,0,0,0,0,0,0,0,66480525312,2147479552,30151012352,0
99,1713877679976,101554.3311920166,4700,1,0.30000000000000004,35558.57223510742,4700,1,0.30000000000000004,92017.64102172852,4700,1,0.30000000000000004,40476.7313079834,4700,1,0.30000000000000004,42115.697982788086,4700,1,0.30000000000000004,39190.19953918457,4700,1,0.30000000000000004,39783.48220825195,4700,1,0.30000000000000004,40527.76338195801,4700,1,0.30000000000000004,35608.832107543945,4700,1,0.30000000000000004,34179.92655944824,4700,1,0.30000000000000004,33666.48588562012,4700,1,0.30000000000000004,38290.25257873535,4700,1,0.30000000000000004,23636003.682998657,400,400,400,400,400,400,4691,400,400,400,4690,400,400,4690,400,400,400,400,4690,4690,400,4690,400,400,100,0,0,0,0,0,0,0,0,0,0,0,0,0,0,0,0,0,0,0,0,0,0,0,66480525312,2147479552,30385319936,0
99,1713877680076,101554.85108947754,4700,1,0.30000000000000004,35558.575439453125,4700,1,0.30000000000000004,92017.64361572266,4700,1,0.30000000000000004,40476.73466491699,4700,1,0.30000000000000004,42115.70115661621,4700,1,0.30000000000000004,39190.20314025879,4700,1,0.30000000000000004,39783.485748291016,4700,1,0.30000000000000004,40527.76649475098,4700,1,0.30000000000000004,35608.84425354004,4700,1,0.30000000000000004,34179.92903137207,4700,1,0.30000000000000004,33666.48794555664,4700,1,0.30000000000000004,38290.25422668457,4700,1,0.30000000000000004,23636007.22541809,400,400,400,400,400,400,4691,400,400,400,4690,400,400,4690,400,400,400,400,4690,4690,400,4690,400,400,100,0,0,0,0,0,0,0,0,0,0,0,0,0,0,0,0,0,0,0,0,0,0,0,66480525312,2147479552,30619627520,0
99,1713877680176,101555.37074279785,4700,1,0.30000000000000004,35558.5770111084,4700,1,0.30000000000000004,92017.64555358887,4700,1,0.30000000000000004,40476.73789978027,4700,1,0.30000000000000004,42115.70425415039,4700,1,0.30000000000000004,39190.20623779297,4700,1,0.30000000000000004,39783.488845825195,4700,1,0.30000000000000004,40527.769592285156,4700,1,0.30000000000000004,35608.85954284668,4700,1,0.30000000000000004,34179.930603027344,4700,1,0.30000000000000004,33666.489517211914,4700,1,0.30000000000000004,38290.255798339844,4700,1,0.30000000000000004,23636010.777557373,400,400,400,400,400,400,4691,400,400,400,4690,400,400,4690,400,400,400,400,4690,4690,400,4690,400,400,100,0,0,0,0,0,0,0,0,0,0,0,0,0,0,0,0,0,0,0,0,0,0,0,66480525312,2147479552,30853935104,0
99,1713877680276,101555.88356018066,4700,1,0.30000000000000004,35558.57858276367,4700,1,0.30000000000000004,92017.64799499512,4700,1,0.30000000000000004,40476.74118041992,4700,1,0.30000000000000004,42115.70741271973,4700,1,0.30000000000000004,39190.20933532715,4700,1,0.30000000000000004,39783.491943359375,4700,1,0.30000000000000004,40527.772705078125,4700,1,0.30000000000000004,35608.8742980957,4700,1,0.30000000000000004,34179.93223571777,4700,1,0.30000000000000004,33666.49298095703,4700,1,0.30000000000000004,38290.25736999512,4700,1,0.30000000000000004,23636014.456222534,400,400,400,400,400,400,4691,400,400,400,4690,400,400,4690,400,400,400,400,4690,4690,400,4690,400,400,100,0,0,0,0,0,0,0,0,0,0,0,0,0,0,0,0,0,0,0,0,0,0,0,66480525312,2147479552,31087726592,0
99,1713877680376,101556.40280151367,4700,1,0.30000000000000004,35558.580154418945,4700,1,0.30000000000000004,92017.64993286133,4700,1,0.30000000000000004,40476.744384765625,4700,1,0.30000000000000004,42115.712326049805,4700,1,0.30000000000000004,39190.21240234375,4700,1,0.30000000000000004,39783.49501037598,4700,1,0.30000000000000004,40527.775802612305,4700,1,0.30000000000000004,35608.888427734375,4700,1,0.30000000000000004,34179.933837890625,4700,1,0.30000000000000004,33666.494552612305,4700,1,0.30000000000000004,38290.25898742676,4700,1,0.30000000000000004,23636018.022003174,400,400,400,400,400,400,4691,400,400,400,4690,400,400,4690,400,400,400,400,4690,4690,400,4690,400,400,100,0,0,0,0,0,0,0,0,0,0,0,0,0,0,0,0,0,0,0,0,0,0,0,66480525312,2147479552,31322034176,0
99,1713877680476,101556.9224243164,4700,1,0.30000000000000004,35558.58172607422,4700,1,0.30000000000000004,92017.65209960938,4700,1,0.30000000000000004,40476.747619628906,4700,1,0.30000000000000004,42115.71545410156,4700,1,0.30000000000000004,39190.21563720703,4700,1,0.30000000000000004,39783.498107910156,4700,1,0.30000000000000004,40527.778869628906,4700,1,0.30000000000000004,35608.89660644531,4700,1,0.30000000000000004,34179.93544006348,4700,1,0.30000000000000004,33666.49610900879,4700,1,0.30000000000000004,38290.2606048584,4700,1,0.30000000000000004,23636021.593078613,400,400,400,400,400,400,4691,400,400,400,4690,400,400,4690,400,400,400,400,4690,4690,400,4690,400,400,100,0,0,0,0,0,0,0,0,0,0,0,0,0,0,0,0,0,0,0,0,0,0,0,66480525312,2147479552,31556341760,0
99,1713877680576,101557.44206237793,4700,1,0.30000000000000004,35558.5832824707,4700,1,0.30000000000000004,92017.65423583984,4700,1,0.30000000000000004,40476.750915527344,4700,1,0.30000000000000004,42115.71855163574,4700,1,0.30000000000000004,39190.21873474121,4700,1,0.30000000000000004,39783.50143432617,4700,1,0.30000000000000004,40527.781982421875,4700,1,0.30000000000000004,35608.909591674805,4700,1,0.30000000000000004,34179.938232421875,4700,1,0.30000000000000004,33666.4979095459,4700,1,0.30000000000000004,38290.262466430664,4700,1,0.30000000000000004,23636025.126342773,400,400,400,400,400,400,4691,400,400,400,4690,400,400,4690,400,400,400,400,4690,4690,400,4690,400,400,100,0,0,0,0,0,0,0,0,0,0,0,0,0,0,0,0,0,0,0,0,0,0,0,66480525312,2147479552,31790649344,0
99,1713877680676,101557.96195983887,4700,1,0.30000000000000004,35558.58497619629,4700,1,0.30000000000000004,92017.65641784668,4700,1,0.30000000000000004,40476.75411987305,4700,1,0.30000000000000004,42115.72407531738,4700,1,0.30000000000000004,39190.22262573242,4700,1,0.30000000000000004,39783.50453186035,4700,1,0.30000000000000004,40527.785079956055,4700,1,0.30000000000000004,35608.92353820801,4700,1,0.30000000000000004,34179.939849853516,4700,1,0.30000000000000004,33666.49948120117,4700,1,0.30000000000000004,38290.26414489746,4700,1,0.30000000000000004,23636028.723220825,400,400,400,400,400,400,4691,400,400,400,4690,400,400,4690,400,400,400,400,4690,4690,400,4690,400,400,100,0,0,0,0,0,0,0,0,0,0,0,0,0,0,0,0,0,0,0,0,0,0,0,66480525312,2147479552,32024956928,0
99,1713877680777,101558.48069763184,4700,1,0.30000000000000004,35558.58662414551,4700,1,0.30000000000000004,92017.65940856934,4700,1,0.30000000000000004,40476.75735473633,4700,1,0.30000000000000004,42115.72717285156,4700,1,0.30000000000000004,39190.226821899414,4700,1,0.30000000000000004,39783.5100402832,4700,1,0.30000000000000004,40527.78825378418,4700,1,0.30000000000000004,35608.93571472168,4700,1,0.30000000000000004,34179.94142150879,4700,1,0.30000000000000004,33666.503005981445,4700,1,0.30000000000000004,38290.265716552734,4700,1,0.30000000000000004,23636032.35154724,400,400,400,400,400,400,4691,400,400,400,4690,400,400,4690,400,400,400,400,4690,4690,400,4690,400,400,100,0,0,0,0,0,0,0,0,0,0,0,0,0,0,0,0,0,0,0,0,0,0,0,66480525312,2147479552,32258748416,0
99,1713877680877,101558.99975585938,4700,1,0.30000000000000004,35558.58819580078,4700,1,0.30000000000000004,92017.6615600586,4700,1,0.30000000000000004,40476.7606048584,4700,1,0.30000000000000004,42115.73027038574,4700,1,0.30000000000000004,39190.229919433594,4700,1,0.30000000000000004,39783.51322937012,4700,1,0.30000000000000004,40527.79135131836,4700,1,0.30000000000000004,35608.950744628906,4700,1,0.30000000000000004,34179.94299316406,4700,1,0.30000000000000004,33666.50457763672,4700,1,0.30000000000000004,38290.26728820801,4700,1,0.30000000000000004,23636035.93395996,400,400,400,400,400,400,4691,400,400,400,4690,400,400,4690,400,400,400,400,4690,4690,400,4690,400,400,100,0,0,0,0,0,0,0,0,0,0,0,0,0,0,0,0,0,0,0,0,0,0,0,66480525312,2147479552,32493056000,0
99,1713877680977,101559.51342773438,4700,1,0.30000000000000004,35558.58985900879,4700,1,0.30000000000000004,92017.66369628906,4700,1,0.30000000000000004,40476.76399230957,4700,1,0.30000000000000004,42115.73516845703,4700,1,0.30000000000000004,39190.233795166016,4700,1,0.30000000000000004,39783.51689147949,4700,1,0.30000000000000004,40527.794509887695,4700,1,0.30000000000000004,35608.96522521973,4700,1,0.30000000000000004,34179.944564819336,4700,1,0.30000000000000004,33666.50619506836,4700,1,0.30000000000000004,38290.26893615723,4700,1,0.30000000000000004,23636039.562194824,400,400,400,400,400,400,4691,400,400,400,4690,400,400,4690,400,400,400,400,4690,4690,400,4690,400,400,100,0,0,0,0,0,0,0,0,0,0,0,0,0,0,0,0,0,0,0,0,0,0,0,66480525312,2147479552,32726847488,0
99,1713877681077,101560.0330657959,4700,1,0.30000000000000004,35558.59143066406,4700,1,0.30000000000000004,92017.66613769531,4700,1,0.30000000000000004,40476.767333984375,4700,1,0.30000000000000004,42115.73832702637,4700,1,0.30000000000000004,39190.23777770996,4700,1,0.30000000000000004,39783.521072387695,4700,1,0.30000000000000004,40527.797607421875,4700,1,0.30000000000000004,35608.97946166992,4700,1,0.30000000000000004,34179.94613647461,4700,1,0.30000000000000004,33666.50827026367,4700,1,0.30000000000000004,38290.27069091797,4700,1,0.30000000000000004,23636043.121185303,400,400,400,400,400,400,4691,400,400,400,4690,400,400,4690,400,400,400,400,4690,4690,400,4690,400,400,100,0,0,0,0,0,0,0,0,0,0,0,0,0,0,0,0,0,0,0,0,0,0,0,66480525312,2147479552,32961155072,0
99,1713877681177,101560.55206298828,4700,1,0.30000000000000004,35558.593002319336,4700,1,0.30000000000000004,92017.66816711426,4700,1,0.30000000000000004,40476.770599365234,4700,1,0.30000000000000004,42115.74142456055,4700,1,0.30000000000000004,39190.24087524414,4700,1,0.30000000000000004,39783.5241394043,4700,1,0.30000000000000004,40527.80067443848,4700,1,0.30000000000000004,35608.987731933594,4700,1,0.30000000000000004,34179.947692871094,4700,1,0.30000000000000004,33666.509826660156,4700,1,0.30000000000000004,38290.27226257324,4700,1,0.30000000000000004,23636046.734588623,400,400,400,400,400,400,4691,400,400,400,4690,400,400,4690,400,400,400,400,4690,4690,400,4690,400,400,100,0,0,0,0,0,0,0,0,0,0,0,0,0,0,0,0,0,0,0,0,0,0,0,66480525312,2147479552,33195462656,0
99,1713877681277,101561.07109069824,4700,1,0.30000000000000004,35558.59455871582,4700,1,0.30000000000000004,92017.67057800293,4700,1,0.30000000000000004,40476.77380371094,4700,1,0.30000000000000004,42115.74458312988,4700,1,0.30000000000000004,39190.24397277832,4700,1,0.30000000000000004,39783.527252197266,4700,1,0.30000000000000004,40527.803787231445,4700,1,0.30000000000000004,35609.00030517578,4700,1,0.30000000000000004,34179.94932556152,4700,1,0.30000000000000004,33666.51248168945,4700,1,0.30000000000000004,38290.27381896973,4700,1,0.30000000000000004,23636050.323013306,400,400,400,400,400,400,4691,400,400,400,4690,400,400,4690,400,400,400,400,4690,4690,400,4690,400,400,100,0,0,0,0,0,0,0,0,0,0,0,0,0,0,0,0,0,0,0,0,0,0,0,66480525312,2147479552,33429254144,0
99,1713877681377,101561.65524291992,4700,1,0.30000000000000004,35558.596130371094,4700,1,0.30000000000000004,92017.67317199707,4700,1,0.30000000000000004,40476.777114868164,4700,1,0.30000000000000004,42115.748962402344,4700,1,0.30000000000000004,39190.24949645996,4700,1,0.30000000000000004,39783.53273010254,4700,1,0.30000000000000004,40527.80693054199,4700,1,0.30000000000000004,35609.01371765137,4700,1,0.30000000000000004,34179.95100402832,4700,1,0.30000000000000004,33666.515075683594,4700,1,0.30000000000000004,38290.27555847168,4700,1,0.30000000000000004,23636054.18070984,400,400,400,400,400,400,4691,400,400,400,4690,400,400,4690,400,400,400,400,4690,4690,400,4690,400,400,100,0,0,0,0,0,0,0,0,0,0,0,0,0,0,0,0,0,0,0,0,0,0,0,66480525312,2147479552,31328997376,0
99,1713877681477,101562.25399780273,4700,1,0.30000000000000004,35558.59770202637,4700,1,0.30000000000000004,92017.67596435547,4700,1,0.30000000000000004,40476.780212402344,4700,1,0.30000000000000004,42115.75212097168,4700,1,0.30000000000000004,39190.25271606445,4700,1,0.30000000000000004,39783.53582763672,4700,1,0.30000000000000004,40527.81002807617,4700,1,0.30000000000000004,35609.026107788086,4700,1,0.30000000000000004,34179.952575683594,4700,1,0.30000000000000004,33666.51664733887,4700,1,0.30000000000000004,38290.27713012695,4700,1,0.30000000000000004,23636058.106201172,400,400,400,400,400,400,4691,400,400,400,4690,400,400,4690,400,400,400,400,4690,4690,400,4690,400,400,100,0,0,0,0,0,0,0,0,0,0,0,0,0,0,0,0,0,0,0,0,0,0,0,66480525312,2147479552,28955623424,0
99,1713877681577,101562.85231018066,4700,1,0.30000000000000004,35558.59927368164,4700,1,0.30000000000000004,92017.68157958984,4700,1,0.30000000000000004,40476.783447265625,4700,1,0.30000000000000004,42115.75521850586,4700,1,0.30000000000000004,39190.25581359863,4700,1,0.30000000000000004,39783.54081726074,4700,1,0.30000000000000004,40527.81312561035,4700,1,0.30000000000000004,35609.038024902344,4700,1,0.30000000000000004,34179.955154418945,4700,1,0.30000000000000004,33666.51887512207,4700,1,0.30000000000000004,38290.279037475586,4700,1,0.30000000000000004,23636061.984466553,400,400,400,400,400,400,4691,400,400,400,4690,400,400,4690,400,400,400,400,4690,4690,400,4690,400,400,100,0,0,0,0,0,0,0,0,0,0,0,0,0,0,0,0,0,0,0,0,0,0,0,66480525312,2147479552,26587213824,0
99,1713877681677,101563.45111083984,4700,1,0.30000000000000004,35558.60095214844,4700,1,0.30000000000000004,92017.68405151367,4700,1,0.30000000000000004,40476.78677368164,4700,1,0.30000000000000004,42115.75831604004,4700,1,0.30000000000000004,39190.267333984375,4700,1,0.30000000000000004,39783.54391479492,4700,1,0.30000000000000004,40527.81622314453,4700,1,0.30000000000000004,35609.05293273926,4700,1,0.30000000000000004,34179.956771850586,4700,1,0.30000000000000004,33666.520446777344,4700,1,0.30000000000000004,38290.28065490723,4700,1,0.30000000000000004,23636065.87158203,400,400,400,400,400,400,4691,400,400,400,4690,400,400,4690,400,400,400,400,4690,4690,400,4690,400,400,100,0,0,0,0,0,0,0,0,0,0,0,0,0,0,0,0,0,0,0,0,0,0,0,66480525312,2147479552,24224182272,0
99,1713877681777,101564.04423522949,4700,1,0.30000000000000004,35558.60372924805,4700,1,0.30000000000000004,92017.68733215332,4700,1,0.30000000000000004,40476.78993225098,4700,1,0.30000000000000004,42115.76141357422,4700,1,0.30000000000000004,39190.270431518555,4700,1,0.30000000000000004,39783.54705810547,4700,1,0.30000000000000004,40527.81932067871,4700,1,0.30000000000000004,35609.067932128906,4700,1,0.30000000000000004,34179.95834350586,4700,1,0.30000000000000004,33666.52201843262,4700,1,0.30000000000000004,38290.284103393555,4700,1,0.30000000000000004,23636069.81047058,400,400,400,400,400,400,4691,400,400,400,4690,400,400,4690,400,400,400,400,4690,4690,400,4690,400,400,100,0,0,0,0,0,0,0,0,0,0,0,0,0,0,0,0,0,0,0,0,0,0,0,66480525312,2147479552,21845454848,0
99,1713877681877,101564.6263885498,4700,1,0.30000000000000004,35558.60530090332,4700,1,0.30000000000000004,92017.68969726563,4700,1,0.30000000000000004,40476.79328918457,4700,1,0.30000000000000004,42115.76448059082,4700,1,0.30000000000000004,39190.273498535156,4700,1,0.30000000000000004,39783.55012512207,4700,1,0.30000000000000004,40527.82241821289,4700,1,0.30000000000000004,35609.08154296875,4700,1,0.30000000000000004,34179.95991516113,4700,1,0.30000000000000004,33666.525390625,4700,1,0.30000000000000004,38290.28567504883,4700,1,0.30000000000000004,23636073.747665405,400,400,400,400,400,400,4691,400,400,400,4690,400,400,4690,400,400,400,400,4690,4690,400,4690,400,400,100,0,0,0,0,0,0,0,0,0,0,0,0,0,0,0,0,0,0,0,0,0,0,0,66480525312,2147479552,20542324736,0
99,1713877681977,101565.10494995117,4700,1,0.30000000000000004,35558.60697937012,4700,1,0.30000000000000004,92017.69192504883,4700,1,0.30000000000000004,40476.79763793945,4700,1,0.30000000000000004,42115.76931762695,4700,1,0.30000000000000004,39190.27687072754,4700,1,0.30000000000000004,39783.55464172363,4700,1,0.30000000000000004,40527.82554626465,4700,1,0.30000000000000004,35609.089111328125,4700,1,0.30000000000000004,34179.96147155762,4700,1,0.30000000000000004,33666.526947021484,4700,1,0.30000000000000004,38290.28723144531,4700,1,0.30000000000000004,23636077.45324707,400,400,400,400,400,400,4691,400,400,400,4690,400,400,4690,400,400,400,400,4690,4690,400,4690,400,400,100,0,0,0,0,0,0,0,0,0,0,0,0,0,0,0,0,0,0,0,0,0,0,0,66480525312,2147479552,20746182656,0
99,1713877682077,101565.58541870117,4700,1,0.30000000000000004,35558.61013793945,4700,1,0.30000000000000004,92017.69458007813,4700,1,0.30000000000000004,40476.80212402344,4700,1,0.30000000000000004,42115.77261352539,4700,1,0.30000000000000004,39190.280181884766,4700,1,0.30000000000000004,39783.56188964844,4700,1,0.30000000000000004,40527.82878112793,4700,1,0.30000000000000004,35609.10157775879,4700,1,0.30000000000000004,34179.96321105957,4700,1,0.30000000000000004,33666.52900695801,4700,1,0.30000000000000004,38290.290924072266,4700,1,0.30000000000000004,23636081.030532837,400,400,400,400,400,400,4691,400,400,400,4690,400,400,4690,400,400,400,400,4690,4690,400,4690,400,400,100,0,0,0,0,0,0,0,0,0,0,0,0,0,0,0,0,0,0,0,0,0,0,0,66480525312,2147479552,20951072768,0
99,1713877682177,101566.06631469727,4700,1,0.30000000000000004,35558.611724853516,4700,1,0.30000000000000004,92017.6967163086,4700,1,0.30000000000000004,40476.806381225586,4700,1,0.30000000000000004,42115.77571105957,4700,1,0.30000000000000004,39190.283279418945,4700,1,0.30000000000000004,39783.56498718262,4700,1,0.30000000000000004,40527.83187866211,4700,1,0.30000000000000004,35609.1131439209,4700,1,0.30000000000000004,34179.964782714844,4700,1,0.30000000000000004,33666.53057861328,4700,1,0.30000000000000004,38290.29251098633,4700,1,0.30000000000000004,23636084.6308136,400,400,400,400,400,400,4691,400,400,400,4690,400,400,4690,400,400,400,400,4690,4690,400,4690,400,400,100,0,0,0,0,0,0,0,0,0,0,0,0,0,0,0,0,0,0,0,0,0,0,0,66480525312,2147479552,21156995072,0
99,1713877682277,101566.54876708984,4700,1,0.30000000000000004,35558.61329650879,4700,1,0.30000000000000004,92017.69958496094,4700,1,0.30000000000000004,40476.81121826172,4700,1,0.30000000000000004,42115.77891540527,4700,1,0.30000000000000004,39190.286376953125,4700,1,0.30000000000000004,39783.5680847168,4700,1,0.30000000000000004,40527.83497619629,4700,1,0.30000000000000004,35609.124099731445,4700,1,0.30000000000000004,34179.966400146484,4700,1,0.30000000000000004,33666.532150268555,4700,1,0.30000000000000004,38290.2940826416,4700,1,0.30000000000000004,23636088.22393799,400,400,400,400,400,400,4691,400,400,400,4690,400,400,4690,400,400,400,400,4690,4690,400,4690,400,400,100,0,0,0,0,0,0,0,0,0,0,0,0,0,0,0,0,0,0,0,0,0,0,0,66480525312,2147479552,21364465664,0
99,1713877682377,101567.03178405762,4700,1,0.30000000000000004,35558.61486816406,4700,1,0.30000000000000004,92017.7015991211,4700,1,0.30000000000000004,40476.81546020508,4700,1,0.30000000000000004,42115.78205871582,4700,1,0.30000000000000004,39190.289474487305,4700,1,0.30000000000000004,39783.57118225098,4700,1,0.30000000000000004,40527.83807373047,4700,1,0.30000000000000004,35609.13865661621,4700,1,0.30000000000000004,34179.968017578125,4700,1,0.30000000000000004,33666.53567504883,4700,1,0.30000000000000004,38290.295654296875,4700,1,0.30000000000000004,23636091.83557129,400,400,400,400,400,400,4691,400,400,400,4690,400,400,4690,400,400,400,400,4690,4690,400,4690,400,400,100,0,0,0,0,0,0,0,0,0,0,0,0,0,0,0,0,0,0,0,0,0,0,0,66480525312,2147479552,21572968448,0
99,1713877682478,101567.51028442383,4700,1,0.30000000000000004,35558.616439819336,4700,1,0.30000000000000004,92017.70399475098,4700,1,0.30000000000000004,40476.81970214844,4700,1,0.30000000000000004,42115.78515625,4700,1,0.30000000000000004,39190.2926940918,4700,1,0.30000000000000004,39783.57437133789,4700,1,0.30000000000000004,40527.841217041016,4700,1,0.30000000000000004,35609.15263366699,4700,1,0.30000000000000004,34179.9695892334,4700,1,0.30000000000000004,33666.5372467041,4700,1,0.30000000000000004,38290.29722595215,4700,1,0.30000000000000004,23636095.371124268,400,400,400,400,400,400,4691,400,400,400,4690,400,400,4690,400,400,400,400,4690,4690,400,4690,400,400,100,0,0,0,0,0,0,0,0,0,0,0,0,0,0,0,0,0,0,0,0,0,0,0,66480525312,2147479552,21781471232,0
99,1713877682578,101567.99430847168,4700,1,0.30000000000000004,35558.61801147461,4700,1,0.30000000000000004,92017.70606994629,4700,1,0.30000000000000004,40476.823959350586,4700,1,0.30000000000000004,42115.7882232666,4700,1,0.30000000000000004,39190.2957611084,4700,1,0.30000000000000004,39783.57760620117,4700,1,0.30000000000000004,40527.84428405762,4700,1,0.30000000000000004,35609.16795349121,4700,1,0.30000000000000004,34179.971618652344,4700,1,0.30000000000000004,33666.539321899414,4700,1,0.30000000000000004,38290.2989654541,4700,1,0.30000000000000004,23636098.88304138,400,400,400,400,400,400,4691,400,400,400,4690,400,400,4690,400,400,400,400,4690,4690,400,4690,400,400,100,0,0,0,0,0,0,0,0,0,0,0,0,0,0,0,0,0,0,0,0,0,0,0,66480525312,2147479552,21989974016,0
99,1713877682678,101568.47749328613,4700,1,0.30000000000000004,35558.619705200195,4700,1,0.30000000000000004,92017.70806884766,4700,1,0.30000000000000004,40476.82824707031,4700,1,0.30000000000000004,42115.79377746582,4700,1,0.30000000000000004,39190.29978942871,4700,1,0.30000000000000004,39783.58070373535,4700,1,0.30000000000000004,40527.8473815918,4700,1,0.30000000000000004,35609.17729187012,4700,1,0.30000000000000004,34179.973220825195,4700,1,0.30000000000000004,33666.5408782959,4700,1,0.30000000000000004,38290.300537109375,4700,1,0.30000000000000004,23636102.42706299,400,400,400,400,400,400,4691,400,400,400,4690,400,400,4690,400,400,400,400,4690,4690,400,4690,400,400,100,0,0,0,0,0,0,0,0,0,0,0,0,0,0,0,0,0,0,0,0,0,0,0,66480525312,2147479552,22198476800,0
99,1713877682778,101568.96133422852,4700,1,0.30000000000000004,35558.62303161621,4700,1,0.30000000000000004,92017.71168518066,4700,1,0.30000000000000004,40476.833068847656,4700,1,0.30000000000000004,42115.79756164551,4700,1,0.30000000000000004,39190.3035736084,4700,1,0.30000000000000004,39783.58613586426,4700,1,0.30000000000000004,40527.8518371582,4700,1,0.30000000000000004,35609.19235229492,4700,1,0.30000000000000004,34179.97479248047,4700,1,0.30000000000000004,33666.54295349121,4700,1,0.30000000000000004,38290.30209350586,4700,1,0.30000000000000004,23636105.896270752,400,400,400,400,400,400,4691,400,400,400,4690,400,400,4690,400,400,400,400,4690,4690,400,4690,400,400,100,0,0,0,0,0,0,0,0,0,0,0,0,0,0,0,0,0,0,0,0,0,0,0,66480525312,2147479552,22407442432,0
99,1713877682878,101569.44436645508,4700,1,0.30000000000000004,35558.625061035156,4700,1,0.30000000000000004,92017.71412658691,4700,1,0.30000000000000004,40476.837326049805,4700,1,0.30000000000000004,42115.80122375488,4700,1,0.30000000000000004,39190.3067779541,4700,1,0.30000000000000004,39783.589431762695,4700,1,0.30000000000000004,40527.85501098633,4700,1,0.30000000000000004,35609.204025268555,4700,1,0.30000000000000004,34179.97636413574,4700,1,0.30000000000000004,33666.54457092285,4700,1,0.30000000000000004,38290.30374145508,4700,1,0.30000000000000004,23636109.480041504,400,400,400,400,400,400,4691,400,400,400,4690,400,400,4690,400,400,400,400,4690,4690,400,4690,400,400,100,0,0,0,0,0,0,0,0,0,0,0,0,0,0,0,0,0,0,0,0,0,0,0,66480525312,2147479552,22616461312,0
99,1713877682978,101569.92765808105,4700,1,0.30000000000000004,35558.626693725586,4700,1,0.30000000000000004,92017.7165222168,4700,1,0.30000000000000004,40476.84162902832,4700,1,0.30000000000000004,42115.80436706543,4700,1,0.30000000000000004,39190.31251525879,4700,1,0.30000000000000004,39783.59309387207,4700,1,0.30000000000000004,40527.858154296875,4700,1,0.30000000000000004,35609.21726989746,4700,1,0.30000000000000004,34179.977935791016,4700,1,0.30000000000000004,33666.546142578125,4700,1,0.30000000000000004,38290.3053894043,4700,1,0.30000000000000004,23636113.051879883,400,400,400,400,400,400,4691,400,400,400,4690,400,400,4690,400,400,400,400,4690,4690,400,4690,400,400,100,0,0,0,0,0,0,0,0,0,0,0,0,0,0,0,0,0,0,0,0,0,0,0,66480525312,2147479552,22825996288,0
99,1713877683078,101570.4125213623,4700,1,0.30000000000000004,35558.62826538086,4700,1,0.30000000000000004,92017.71882629395,4700,1,0.30000000000000004,40476.84605407715,4700,1,0.30000000000000004,42115.807525634766,4700,1,0.30000000000000004,39190.32341003418,4700,1,0.30000000000000004,39783.598236083984,4700,1,0.30000000000000004,40527.861251831055,4700,1,0.30000000000000004,35609.23370361328,4700,1,0.30000000000000004,34179.97950744629,4700,1,0.30000000000000004,33666.54847717285,4700,1,0.30000000000000004,38290.30714416504,4700,1,0.30000000000000004,23636116.60897827,400,400,400,400,400,400,4691,400,400,400,4690,400,400,4690,400,400,400,400,4690,4690,400,4690,400,400,100,0,0,0,0,0,0,0,0,0,0,0,0,0,0,0,0,0,0,0,0,0,0,0,66480525312,2147479552,23036047360,0
99,1713877683178,101570.89128112793,4700,1,0.30000000000000004,35558.62983703613,4700,1,0.30000000000000004,92017.72091674805,4700,1,0.30000000000000004,40476.85026550293,4700,1,0.30000000000000004,42115.810623168945,4700,1,0.30000000000000004,39190.32650756836,4700,1,0.30000000000000004,39783.601333618164,4700,1,0.30000000000000004,40527.864349365234,4700,1,0.30000000000000004,35609.249938964844,4700,1,0.30000000000000004,34179.98107910156,4700,1,0.30000000000000004,33666.550048828125,4700,1,0.30000000000000004,38290.30871582031,4700,1,0.30000000000000004,23636120.16621399,400,400,400,400,400,400,4691,400,400,400,4690,400,400,4690,400,400,400,400,4690,4690,400,4690,400,400,100,0,0,0,0,0,0,0,0,0,0,0,0,0,0,0,0,0,0,0,0,0,0,0,66480525312,2147479552,23245582336,0
99,1713877683278,101571.37539672852,4700,1,0.30000000000000004,35558.631408691406,4700,1,0.30000000000000004,92017.72338867188,4700,1,0.30000000000000004,40476.854736328125,4700,1,0.30000000000000004,42115.81376647949,4700,1,0.30000000000000004,39190.32960510254,4700,1,0.30000000000000004,39783.604431152344,4700,1,0.30000000000000004,40527.867446899414,4700,1,0.30000000000000004,35609.26599121094,4700,1,0.30000000000000004,34179.98271179199,4700,1,0.30000000000000004,33666.5516204834,4700,1,0.30000000000000004,38290.310287475586,4700,1,0.30000000000000004,23636123.715011597,400,400,400,400,400,400,4691,400,400,400,4690,400,400,4690,400,400,400,400,4690,4690,400,4690,400,400,100,0,0,0,0,0,0,0,0,0,0,0,0,0,0,0,0,0,0,0,0,0,0,0,66480525312,2147479552,23455117312,0
99,1713877683378,101571.85827636719,4700,1,0.30000000000000004,35558.63298034668,4700,1,0.30000000000000004,92017.72541809082,4700,1,0.30000000000000004,40476.859283447266,4700,1,0.30000000000000004,42115.81706237793,4700,1,0.30000000000000004,39190.33267211914,4700,1,0.30000000000000004,39783.609939575195,4700,1,0.30000000000000004,40527.870513916016,4700,1,0.30000000000000004,35609.27598571777,4700,1,0.30000000000000004,34179.984298706055,4700,1,0.30000000000000004,33666.55505371094,4700,1,0.30000000000000004,38290.31185913086,4700,1,0.30000000000000004,23636127.28425598,400,400,400,400,400,400,4691,400,400,400,4690,400,400,4690,400,400,400,400,4690,4690,400,4690,400,400,100,0,0,0,0,0,0,0,0,0,0,0,0,0,0,0,0,0,0,0,0,0,0,0,66480525312,2147479552,23663620096,0
99,1713877683478,101572.34188842773,4700,1,0.30000000000000004,35558.634536743164,4700,1,0.30000000000000004,92017.72770690918,4700,1,0.30000000000000004,40476.863525390625,4700,1,0.30000000000000004,42115.820220947266,4700,1,0.30000000000000004,39190.33810424805,4700,1,0.30000000000000004,39783.61344909668,4700,1,0.30000000000000004,40527.873611450195,4700,1,0.30000000000000004,35609.290435791016,4700,1,0.30000000000000004,34179.985931396484,4700,1,0.30000000000000004,33666.55661010742,4700,1,0.30000000000000004,38290.31352233887,4700,1,0.30000000000000004,23636130.88218689,400,400,400,400,400,400,4691,400,400,400,4690,400,400,4690,400,400,400,400,4690,4690,400,4690,400,400,100,0,0,0,0,0,0,0,0,0,0,0,0,0,0,0,0,0,0,0,4.761904716491699,0,0,0,66480525312,2147479552,23873155072,0
99,1713877683578,101572.82627868652,4700,1,0.30000000000000004,35558.63610839844,4700,1,0.30000000000000004,92017.72985839844,4700,1,0.30000000000000004,40476.867767333984,4700,1,0.30000000000000004,42115.823318481445,4700,1,0.30000000000000004,39190.34120178223,4700,1,0.30000000000000004,39783.61701965332,4700,1,0.30000000000000004,40527.876708984375,4700,1,0.30000000000000004,35609.30432128906,4700,1,0.30000000000000004,34179.989517211914,4700,1,0.30000000000000004,33666.558654785156,4700,1,0.30000000000000004,38290.31523132324,4700,1,0.30000000000000004,23636134.363616943,400,400,400,400,400,400,4691,400,400,400,4690,400,400,4690,400,400,400,400,4690,4690,400,4690,400,400,100,0,0,0,0,0,0,0,0,0,0,0,0,0,0,0,0,0,0,0,4.761904716491699,0,0,0,66480525312,2147479552,24082690048,0
99,1713877683678,101573.3110961914,4700,1,0.30000000000000004,35558.65003967285,4700,1,0.30000000000000004,92017.74719238281,4700,1,0.30000000000000004,40476.894104003906,4700,1,0.30000000000000004,42115.84442138672,4700,1,0.30000000000000004,39190.36462402344,4700,1,0.30000000000000004,39783.63455200195,4700,1,0.30000000000000004,40527.89756774902,4700,1,0.30000000000000004,35609.329498291016,4700,1,0.30000000000000004,34180.00247192383,4700,1,0.30000000000000004,33666.57438659668,4700,1,0.30000000000000004,38290.330322265625,4700,1,0.30000000000000004,23636138.141784668,400,400,400,400,400,400,4691,400,400,400,4690,400,400,4690,400,400,400,400,4690,4690,400,4690,400,400,100,0,0,0,0,0,0,0,0,0,0,0,0,0,0,0,0,0,0,0,5,0,0,0,66480525312,2147479552,24292929536,0
99,1713877683778,101573.79481506348,4700,1,0.30000000000000004,35558.65165710449,4700,1,0.30000000000000004,92017.75015258789,4700,1,0.30000000000000004,40476.898513793945,4700,1,0.30000000000000004,42115.8475189209,4700,1,0.30000000000000004,39190.367767333984,4700,1,0.30000000000000004,39783.63764953613,4700,1,0.30000000000000004,40527.9006652832,4700,1,0.30000000000000004,35609.34265136719,4700,1,0.30000000000000004,34180.0040435791,4700,1,0.30000000000000004,33666.57595825195,4700,1,0.30000000000000004,38290.33200073242,4700,1,0.30000000000000004,23636141.68991089,400,400,400,400,400,400,4691,400,400,400,4690,400,400,4690,400,400,400,400,4690,4690,400,4690,400,400,100,0,0,0,0,0,0,0,0,0,0,0,0,0,0,0,0,0,0,0,5,0,0,0,66480525312,2147479552,24502464512,0
99,1713877683878,101574.27905273438,4700,1,0.30000000000000004,35558.65333557129,4700,1,0.30000000000000004,92017.75315856934,4700,1,0.30000000000000004,40476.903411865234,4700,1,0.30000000000000004,42115.85061645508,4700,1,0.30000000000000004,39190.370864868164,4700,1,0.30000000000000004,39783.64080810547,4700,1,0.30000000000000004,40527.90376281738,4700,1,0.30000000000000004,35609.35899353027,4700,1,0.30000000000000004,34180.00747680664,4700,1,0.30000000000000004,33666.57946777344,4700,1,0.30000000000000004,38290.33360290527,4700,1,0.30000000000000004,23636145.28793335,400,400,400,400,400,400,4691,400,400,400,4690,400,400,4690,400,400,400,400,4690,4690,400,4690,400,400,100,0,0,0,0,0,0,0,0,0,0,0,0,0,0,0,0,0,0,0,0,0,0,0,66480525312,2147479552,24712515584,0
99,1713877683978,101574.75814819336,4700,1,0.30000000000000004,35558.6549987793,4700,1,0.30000000000000004,92017.7554473877,4700,1,0.30000000000000004,40476.90769958496,4700,1,0.30000000000000004,42115.855407714844,4700,1,0.30000000000000004,39190.37892150879,4700,1,0.30000000000000004,39783.644470214844,4700,1,0.30000000000000004,40527.90690612793,4700,1,0.30000000000000004,35609.37466430664,4700,1,0.30000000000000004,34180.00910949707,4700,1,0.30000000000000004,33666.58103942871,4700,1,0.30000000000000004,38290.33517456055,4700,1,0.30000000000000004,23636148.849761963,400,400,400,400,400,400,4691,400,400,400,4690,400,400,4690,400,400,400,400,4690,4690,400,4690,400,400,100,0,0,0,0,0,0,0,0,0,0,0,0,0,0,0,0,0,0,0,0,0,0,0,66480525312,2147479552,24922050560,0
99,1713877684078,101575.24220275879,4700,1,0.30000000000000004,35558.65661621094,4700,1,0.30000000000000004,92017.7579498291,4700,1,0.30000000000000004,40476.91209411621,4700,1,0.30000000000000004,42115.85856628418,4700,1,0.30000000000000004,39190.38227844238,4700,1,0.30000000000000004,39783.647705078125,4700,1,0.30000000000000004,40527.91000366211,4700,1,0.30000000000000004,35609.39002990723,4700,1,0.30000000000000004,34180.010681152344,4700,1,0.30000000000000004,33666.58322143555,4700,1,0.30000000000000004,38290.33865356445,4700,1,0.30000000000000004,23636152.43711853,400,400,400,400,400,400,4691,400,400,400,4690,400,400,4690,400,400,400,400,4690,4690,400,4690,400,400,100,0,0,0,0,0,0,0,0,0,0,0,0,0,0,0,0,0,0,0,9.090909004211426,0,0,0,66480525312,2147479552,25132101632,0
99,1713877684179,101575.72540283203,4700,1,0.30000000000000004,35558.65821838379,4700,1,0.30000000000000004,92017.75987243652,4700,1,0.30000000000000004,40476.916412353516,4700,1,0.30000000000000004,42115.86167907715,4700,1,0.30000000000000004,39190.38537597656,4700,1,0.30000000000000004,39783.650802612305,4700,1,0.30000000000000004,40527.91307067871,4700,1,0.30000000000000004,35609.39897155762,4700,1,0.30000000000000004,34180.01223754883,4700,1,0.30000000000000004,33666.58483886719,4700,1,0.30000000000000004,38290.340270996094,4700,1,0.30000000000000004,23636156.035369873,400,400,400,400,400,400,4691,400,400,400,4690,400,400,4690,400,400,400,400,4690,4690,400,4690,400,400,100,0,0,0,0,0,0,0,0,0,0,0,0,0,0,0,0,0,0,0,9.090909004211426,0,0,0,66480525312,2147479552,25341636608,0
99,1713877684279,101576.20919799805,4700,1,0.30000000000000004,35558.65983581543,4700,1,0.30000000000000004,92017.76202392578,4700,1,0.30000000000000004,40476.92073059082,4700,1,0.30000000000000004,42115.86488342285,4700,1,0.30000000000000004,39190.38847351074,4700,1,0.30000000000000004,39783.653900146484,4700,1,0.30000000000000004,40527.91616821289,4700,1,0.30000000000000004,35609.41270446777,4700,1,0.30000000000000004,34180.01388549805,4700,1,0.30000000000000004,33666.58641052246,4700,1,0.30000000000000004,38290.34184265137,4700,1,0.30000000000000004,23636159.571487427,400,400,400,400,400,400,4691,400,400,400,4690,400,400,4690,400,400,400,400,4690,4690,400,4690,400,400,100,0,0,0,0,0,0,0,0,0,0,0,0,0,0,0,0,0,0,0,5,0,0,0,66480525312,2147479552,25551171584,0
99,1713877684379,101576.69149780273,4700,1,0.30000000000000004,35558.6614074707,4700,1,0.30000000000000004,92017.76458740234,4700,1,0.30000000000000004,40476.92558288574,4700,1,0.30000000000000004,42115.8680267334,4700,1,0.30000000000000004,39190.39164733887,4700,1,0.30000000000000004,39783.656997680664,4700,1,0.30000000000000004,40527.91926574707,4700,1,0.30000000000000004,35609.42639160156,4700,1,0.30000000000000004,34180.01550292969,4700,1,0.30000000000000004,33666.589935302734,4700,1,0.30000000000000004,38290.3438873291,4700,1,0.30000000000000004,23636163.188842773,400,400,400,400,400,400,4691,400,400,400,4690,400,400,4690,400,400,400,400,4690,4690,400,4690,400,400,100,0,0,0,0,0,0,0,0,0,0,0,0,0,0,0,0,0,0,0,5,0,0,0,66480525312,2147479552,25760190464,0
99,1713877684479,101577.17559814453,4700,1,0.30000000000000004,35558.66297912598,4700,1,0.30000000000000004,92017.76678466797,4700,1,0.30000000000000004,40476.9298248291,4700,1,0.30000000000000004,42115.87112426758,4700,1,0.30000000000000004,39190.394790649414,4700,1,0.30000000000000004,39783.660095214844,4700,1,0.30000000000000004,40527.92236328125,4700,1,0.30000000000000004,35609.438720703125,4700,1,0.30000000000000004,34180.01707458496,4700,1,0.30000000000000004,33666.59150695801,4700,1,0.30000000000000004,38290.345458984375,4700,1,0.30000000000000004,23636166.717010498,400,400,400,400,400,400,4691,400,400,400,4690,400,400,4690,400,400,400,400,4690,4690,400,4690,400,400,100,0,0,0,0,0,0,0,0,0,0,0,0,0,0,0,0,0,0,0,0,0,0,0,66480525312,2147479552,25970241536,0
99,1713877684579,101577.65803527832,4700,1,0.30000000000000004,35558.66455078125,4700,1,0.30000000000000004,92017.7688293457,4700,1,0.30000000000000004,40476.93411254883,4700,1,0.30000000000000004,42115.87422180176,4700,1,0.30000000000000004,39190.397888183594,4700,1,0.30000000000000004,39783.66339111328,4700,1,0.30000000000000004,40527.92546081543,4700,1,0.30000000000000004,35609.45469665527,4700,1,0.30000000000000004,34180.018783569336,4700,1,0.30000000000000004,33666.59356689453,4700,1,0.30000000000000004,38290.34715270996,4700,1,0.30000000000000004,23636170.373336792,400,400,400,400,400,400,4691,400,400,400,4690,400,400,4690,400,400,400,400,4690,4690,400,4690,400,400,100,0,0,0,0,0,0,0,0,0,0,0,0,0,0,0,0,0,0,0,0,0,0,0,66480525312,2147479552,26179260416,0
99,1713877684679,101578.13746643066,4700,1,0.30000000000000004,35558.666244506836,4700,1,0.30000000000000004,92017.77090454102,4700,1,0.30000000000000004,40476.938415527344,4700,1,0.30000000000000004,42115.87973022461,4700,1,0.30000000000000004,39190.40155029297,4700,1,0.30000000000000004,39783.66648864746,4700,1,0.30000000000000004,40527.92855834961,4700,1,0.30000000000000004,35609.46992492676,4700,1,0.30000000000000004,34180.02040100098,4700,1,0.30000000000000004,33666.595138549805,4700,1,0.30000000000000004,38290.3487701416,4700,1,0.30000000000000004,23636173.91923523,400,400,400,400,400,400,4691,400,400,400,4690,400,400,4690,400,400,400,400,4690,4690,400,4690,400,400,100,0,0,0,0,0,0,0,0,0,0,0,0,0,0,0,0,0,0,0,4.761904716491699,0,0,0,66480525312,2147479552,26389311488,0
99,1713877684779,101578.62196350098,4700,1,0.30000000000000004,35558.66786193848,4700,1,0.30000000000000004,92017.77311706543,4700,1,0.30000000000000004,40476.942642211914,4700,1,0.30000000000000004,42115.88279724121,4700,1,0.30000000000000004,39190.40498352051,4700,1,0.30000000000000004,39783.66955566406,4700,1,0.30000000000000004,40527.931900024414,4700,1,0.30000000000000004,35609.48532104492,4700,1,0.30000000000000004,34180.02197265625,4700,1,0.30000000000000004,33666.59671020508,4700,1,0.30000000000000004,38290.350341796875,4700,1,0.30000000000000004,23636177.463607788,400,400,400,400,400,400,4691,400,400,400,4690,400,400,4690,400,400,400,400,4690,4690,400,4690,400,400,100,0,0,0,0,0,0,0,0,0,0,0,0,0,0,0,0,0,0,0,4.761904716491699,0,0,0,66480525312,2147479552,26598846464,0
99,1713877684879,101579.10520935059,4700,1,0.30000000000000004,35558.66943359375,4700,1,0.30000000000000004,92017.77514648438,4700,1,0.30000000000000004,40476.94764709473,4700,1,0.30000000000000004,42115.88594055176,4700,1,0.30000000000000004,39190.40808105469,4700,1,0.30000000000000004,39783.67274475098,4700,1,0.30000000000000004,40527.934967041016,4700,1,0.30000000000000004,35609.494232177734,4700,1,0.30000000000000004,34180.023529052734,4700,1,0.30000000000000004,33666.600189208984,4700,1,0.30000000000000004,38290.35191345215,4700,1,0.30000000000000004,23636181.08706665,400,400,400,400,400,400,4691,400,400,400,4690,400,400,4690,400,400,400,400,4690,4690,400,4690,400,400,100,0,0,0,0,0,0,0,0,0,0,0,0,0,0,0,0,0,0,0,5,0,0,0,66480525312,2147479552,26808897536,0
99,1713877684979,101579.58926391602,4700,1,0.30000000000000004,35558.671127319336,4700,1,0.30000000000000004,92017.77746582031,4700,1,0.30000000000000004,40476.952056884766,4700,1,0.30000000000000004,42115.889083862305,4700,1,0.30000000000000004,39190.4143371582,4700,1,0.30000000000000004,39783.67643737793,4700,1,0.30000000000000004,40527.93811035156,4700,1,0.30000000000000004,35609.507720947266,4700,1,0.30000000000000004,34180.02510070801,4700,1,0.30000000000000004,33666.60174560547,4700,1,0.30000000000000004,38290.353607177734,4700,1,0.30000000000000004,23636184.605056763,400,400,400,400,400,400,4691,400,400,400,4690,400,400,4690,400,400,400,400,4690,4690,400,4690,400,400,100,0,0,0,0,0,0,0,0,0,0,0,0,0,0,0,0,0,0,0,5,0,0,0,66480525312,2147479552,27018948608,0
99,1713877685079,101580.07270812988,4700,1,0.30000000000000004,35558.67269897461,4700,1,0.30000000000000004,92017.77980041504,4700,1,0.30000000000000004,40476.95642089844,4700,1,0.30000000000000004,42115.89224243164,4700,1,0.30000000000000004,39190.41777038574,4700,1,0.30000000000000004,39783.67965698242,4700,1,0.30000000000000004,40527.94120788574,4700,1,0.30000000000000004,35609.520935058594,4700,1,0.30000000000000004,34180.02667236328,4700,1,0.30000000000000004,33666.60382080078,4700,1,0.30000000000000004,38290.35530090332,4700,1,0.30000000000000004,23636188.188079834,400,400,400,400,400,400,4691,400,400,400,4690,400,400,4690,400,400,400,400,4690,4690,400,4690,400,400,100,0,0,0,0,0,0,0,0,0,0,0,0,0,0,0,0,0,0,0,4.761904716491699,0,0,0,66480525312,2147479552,27227967488,0
99,1713877685179,101580.55671691895,4700,1,0.30000000000000004,35558.67427062988,4700,1,0.30000000000000004,92017.78173828125,4700,1,0.30000000000000004,40476.960678100586,4700,1,0.30000000000000004,42115.89538574219,4700,1,0.30000000000000004,39190.42086791992,4700,1,0.30000000000000004,39783.68281555176,4700,1,0.30000000000000004,40527.94430541992,4700,1,0.30000000000000004,35609.533432006836,4700,1,0.30000000000000004,34180.02830505371,4700,1,0.30000000000000004,33666.605392456055,4700,1,0.30000000000000004,38290.35691833496,4700,1,0.30000000000000004,23636191.780776978,400,400,400,400,400,400,4691,400,400,400,4690,400,400,4690,400,400,400,400,4690,4690,400,4690,400,400,100,0,0,0,0,0,0,0,0,0,0,0,0,0,0,0,0,0,0,0,4.761904716491699,0,0,0,66480525312,2147479552,27438018560,0
99,1713877685279,101581.04130554199,4700,1,0.30000000000000004,35558.675842285156,4700,1,0.30000000000000004,92017.78398132324,4700,1,0.30000000000000004,40476.964935302734,4700,1,0.30000000000000004,42115.89854431152,4700,1,0.30000000000000004,39190.4239654541,4700,1,0.30000000000000004,39783.68591308594,4700,1,0.30000000000000004,40527.9474029541,4700,1,0.30000000000000004,35609.54928588867,4700,1,0.30000000000000004,34180.02993774414,4700,1,0.30000000000000004,33666.60696411133,4700,1,0.30000000000000004,38290.358489990234,4700,1,0.30000000000000004,23636195.38912964,400,400,400,400,400,400,4691,400,400,400,4690,400,400,4690,400,400,400,400,4690,4690,400,4690,400,400,100,0,0,0,0,0,0,0,0,0,0,0,0,0,0,0,0,0,0,0,4.761904716491699,0,0,0,66480525312,2147479552,27648585728,0
99,1713877685379,101581.51963806152,4700,1,0.30000000000000004,35558.67741394043,4700,1,0.30000000000000004,92017.78593444824,4700,1,0.30000000000000004,40476.96969604492,4700,1,0.30000000000000004,42115.90310668945,4700,1,0.30000000000000004,39190.42706298828,4700,1,0.30000000000000004,39783.68901062012,4700,1,0.30000000000000004,40527.95050048828,4700,1,0.30000000000000004,35609.564697265625,4700,1,0.30000000000000004,34180.03155517578,4700,1,0.30000000000000004,33666.6104888916,4700,1,0.30000000000000004,38290.36006164551,4700,1,0.30000000000000004,23636198.99861145,400,400,400,400,400,400,4691,400,400,400,4690,400,400,4690,400,400,400,400,4690,4690,400,4690,400,400,100,0,0,0,0,0,0,0,0,0,0,0,0,0,0,0,0,0,0,0,4.761904716491699,0,0,0,66480525312,2147479552,27858120704,0
99,1713877685479,101582.00317382813,4700,1,0.30000000000000004,35558.67904663086,4700,1,0.30000000000000004,92017.78805541992,4700,1,0.30000000000000004,40476.9739074707,4700,1,0.30000000000000004,42115.906173706055,4700,1,0.30000000000000004,39190.43028259277,4700,1,0.30000000000000004,39783.6921081543,4700,1,0.30000000000000004,40527.95359802246,4700,1,0.30000000000000004,35609.57940673828,4700,1,0.30000000000000004,34180.033126831055,4700,1,0.30000000000000004,33666.612060546875,4700,1,0.30000000000000004,38290.36163330078,4700,1,0.30000000000000004,23636202.58544922,400,400,400,400,400,400,4691,400,400,400,4690,400,400,4690,400,400,400,400,4690,4690,400,4690,400,400,100,0,0,0,0,0,0,0,0,0,0,0,0,0,0,0,0,0,0,0,0,0,0,0,66480525312,2147479552,28068171776,0
99,1713877685579,101582.48635864258,4700,1,0.30000000000000004,35558.68061828613,4700,1,0.30000000000000004,92017.78987121582,4700,1,0.30000000000000004,40476.97819519043,4700,1,0.30000000000000004,42115.909271240234,4700,1,0.30000000000000004,39190.433349609375,4700,1,0.30000000000000004,39783.697021484375,4700,1,0.30000000000000004,40527.95666503906,4700,1,0.30000000000000004,35609.58853149414,4700,1,0.30000000000000004,34180.034896850586,4700,1,0.30000000000000004,33666.6141204834,4700,1,0.30000000000000004,38290.36329650879,4700,1,0.30000000000000004,23636206.18348694,400,400,400,400,400,400,4691,400,400,400,4690,400,400,4690,400,400,400,400,4690,4690,400,4690,400,400,100,0,0,0,0,0,0,0,0,0,0,0,0,0,0,0,0,0,0,0,0,0,0,0,66480525312,2147479552,28277706752,0
99,1713877685679,101582.97044372559,4700,1,0.30000000000000004,35558.68228149414,4700,1,0.30000000000000004,92017.79167175293,4700,1,0.30000000000000004,40476.982498168945,4700,1,0.30000000000000004,42115.912368774414,4700,1,0.30000000000000004,39190.44627380371,4700,1,0.30000000000000004,39783.700134277344,4700,1,0.30000000000000004,40527.95977783203,4700,1,0.30000000000000004,35609.60208129883,4700,1,0.30000000000000004,34180.03651428223,4700,1,0.30000000000000004,33666.61567687988,4700,1,0.30000000000000004,38290.36485290527,4700,1,0.30000000000000004,23636209.717697144,400,400,400,400,400,400,4691,400,400,400,4690,400,400,4690,400,400,400,400,4690,4690,400,4690,400,400,100,0,0,0,0,0,0,0,0,0,0,0,0,0,0,0,0,0,0,0,0,0,0,0,66480525312,2147479552,28487757824,0
99,1713877685779,101583.45379638672,4700,1,0.30000000000000004,35558.684646606445,4700,1,0.30000000000000004,92017.79388427734,4700,1,0.30000000000000004,40476.986755371094,4700,1,0.30000000000000004,42115.915466308594,4700,1,0.30000000000000004,39190.44937133789,4700,1,0.30000000000000004,39783.70327758789,4700,1,0.30000000000000004,40527.96287536621,4700,1,0.30000000000000004,35609.615463256836,4700,1,0.30000000000000004,34180.03810119629,4700,1,0.30000000000000004,33666.617263793945,4700,1,0.30000000000000004,38290.36834716797,4700,1,0.30000000000000004,23636213.25682068,400,400,400,400,400,400,4691,400,400,400,4690,400,400,4690,400,400,400,400,4690,4690,400,4690,400,400,100,0,0,0,0,0,0,0,0,0,0,0,0,0,0,0,0,0,0,0,0,0,0,0,66480525312,2147479552,28697292800,0
99,1713877685879,101583.93658447266,4700,1,0.30000000000000004,35558.68621826172,4700,1,0.30000000000000004,92017.79570007324,4700,1,0.30000000000000004,40476.99150085449,4700,1,0.30000000000000004,42115.91856384277,4700,1,0.30000000000000004,39190.45246887207,4700,1,0.30000000000000004,39783.70637512207,4700,1,0.30000000000000004,40527.96597290039,4700,1,0.30000000000000004,35609.627700805664,4700,1,0.30000000000000004,34180.03967285156,4700,1,0.30000000000000004,33666.61883544922,4700,1,0.30000000000000004,38290.36991882324,4700,1,0.30000000000000004,23636216.825302124,400,400,400,400,400,400,4691,400,400,400,4690,400,400,4690,400,400,400,400,4690,4690,400,4690,400,400,100,0,0,0,0,0,0,0,0,0,0,0,0,0,0,0,0,0,0,0,0,0,0,0,66480525312,2147479552,28906827776,0
99,1713877685980,101584.4208984375,4700,1,0.30000000000000004,35558.687896728516,4700,1,0.30000000000000004,92017.79777526855,4700,1,0.30000000000000004,40476.995849609375,4700,1,0.30000000000000004,42115.92323303223,4700,1,0.30000000000000004,39190.459548950195,4700,1,0.30000000000000004,39783.71104431152,4700,1,0.30000000000000004,40527.96911621094,4700,1,0.30000000000000004,35609.639739990234,4700,1,0.30000000000000004,34180.041244506836,4700,1,0.30000000000000004,33666.6223449707,4700,1,0.30000000000000004,38290.371490478516,4700,1,0.30000000000000004,23636220.39857483,400,400,400,400,400,400,4691,400,400,400,4690,400,400,4690,400,400,400,400,4690,4690,400,4690,400,400,100,0,0,0,0,0,0,0,0,0,0,0,0,0,0,0,0,0,0,0,0,0,0,0,66480525312,2147479552,29116362752,0
99,1713877686080,101584.90344238281,4700,1,0.30000000000000004,35558.6907043457,4700,1,0.30000000000000004,92017.79978942871,4700,1,0.30000000000000004,40477.00030517578,4700,1,0.30000000000000004,42115.926513671875,4700,1,0.30000000000000004,39190.462814331055,4700,1,0.30000000000000004,39783.71810913086,4700,1,0.30000000000000004,40527.97233581543,4700,1,0.30000000000000004,35609.65496826172,4700,1,0.30000000000000004,34180.04293823242,4700,1,0.30000000000000004,33666.6241607666,4700,1,0.30000000000000004,38290.37423706055,4700,1,0.30000000000000004,23636224.05810547,400,400,400,400,400,400,4691,400,400,400,4690,400,400,4690,400,400,400,400,4690,4690,400,4690,400,400,100,0,0,0,0,0,0,0,0,0,0,0,0,0,0,0,0,0,0,0,0,0,0,0,66480525312,2147479552,29326413824,0
99,1713877686180,101585.38107299805,4700,1,0.30000000000000004,35558.69227600098,4700,1,0.30000000000000004,92017.80154418945,4700,1,0.30000000000000004,40477.00451660156,4700,1,0.30000000000000004,42115.92958068848,4700,1,0.30000000000000004,39190.465911865234,4700,1,0.30000000000000004,39783.72120666504,4700,1,0.30000000000000004,40527.97543334961,4700,1,0.30000000000000004,35609.669860839844,4700,1,0.30000000000000004,34180.044509887695,4700,1,0.30000000000000004,33666.625732421875,4700,1,0.30000000000000004,38290.37580871582,4700,1,0.30000000000000004,23636227.660888672,400,400,400,400,400,400,4691,400,400,400,4690,400,400,4690,400,400,400,400,4690,4690,400,4690,400,400,100,0,0,0,0,0,0,0,0,0,0,0,0,0,0,0,0,0,0,0,0,0,0,0,66480525312,2147479552,29535432704,0
99,1713877686280,101585.86506652832,4700,1,0.30000000000000004,35558.69384765625,4700,1,0.30000000000000004,92017.80369567871,4700,1,0.30000000000000004,40477.0087890625,4700,1,0.30000000000000004,42115.93278503418,4700,1,0.30000000000000004,39190.468978881836,4700,1,0.30000000000000004,39783.72427368164,4700,1,0.30000000000000004,40527.97853088379,4700,1,0.30000000000000004,35609.68412780762,4700,1,0.30000000000000004,34180.046127319336,4700,1,0.30000000000000004,33666.62730407715,4700,1,0.30000000000000004,38290.37745666504,4700,1,0.30000000000000004,23636231.240737915,400,400,400,400,400,400,4691,400,400,400,4690,400,400,4690,400,400,400,400,4690,4690,400,4690,400,400,100,0,0,0,0,0,0,0,0,0,0,0,0,0,0,0,0,0,0,0,0,0,0,0,66480525312,2147479552,29745483776,0
99,1713877686380,101586.34922790527,4700,1,0.30000000000000004,35558.695404052734,4700,1,0.30000000000000004,92017.80545043945,4700,1,0.30000000000000004,40477.01350402832,4700,1,0.30000000000000004,42115.935943603516,4700,1,0.30000000000000004,39190.472076416016,4700,1,0.30000000000000004,39783.72737121582,4700,1,0.30000000000000004,40527.98159790039,4700,1,0.30000000000000004,35609.69248962402,4700,1,0.30000000000000004,34180.04772949219,4700,1,0.30000000000000004,33666.62886047363,4700,1,0.30000000000000004,38290.37901306152,4700,1,0.30000000000000004,23636234.778411865,400,400,400,400,400,400,4691,400,400,400,4690,400,400,4690,400,400,400,400,4690,4690,400,4690,400,400,100,0,0,0,0,0,0,0,0,0,0,0,0,0,0,0,0,0,0,0,0,0,0,0,66480525312,2147479552,29955018752,0
99,1713877686480,101586.83312988281,4700,1,0.30000000000000004,35558.69697570801,4700,1,0.30000000000000004,92017.80743408203,4700,1,0.30000000000000004,40477.01802062988,4700,1,0.30000000000000004,42115.939041137695,4700,1,0.30000000000000004,39190.47529602051,4700,1,0.30000000000000004,39783.73046875,4700,1,0.30000000000000004,40527.98469543457,4700,1,0.30000000000000004,35609.70561218262,4700,1,0.30000000000000004,34180.04931640625,4700,1,0.30000000000000004,33666.63236999512,4700,1,0.30000000000000004,38290.3805847168,4700,1,0.30000000000000004,23636238.304367065,400,400,400,400,400,400,4691,400,400,400,4690,400,400,4690,400,400,400,400,4690,4690,400,4690,400,400,100,0,0,0,0,0,0,0,0,0,0,0,0,0,0,0,0,0,0,0,0,0,0,0,66480525312,2147479552,30164553728,0
99,1713877686580,101587.31686401367,4700,1,0.30000000000000004,35558.69854736328,4700,1,0.30000000000000004,92017.80924987793,4700,1,0.30000000000000004,40477.022369384766,4700,1,0.30000000000000004,42115.942138671875,4700,1,0.30000000000000004,39190.47839355469,4700,1,0.30000000000000004,39783.73368835449,4700,1,0.30000000000000004,40527.98779296875,4700,1,0.30000000000000004,35609.71795654297,4700,1,0.30000000000000004,34180.051025390625,4700,1,0.30000000000000004,33666.634048461914,4700,1,0.30000000000000004,38290.382232666016,4700,1,0.30000000000000004,23636241.908065796,400,400,400,400,400,400,4691,400,400,400,4690,400,400,4690,400,400,400,400,4690,4690,400,4690,400,400,100,0,0,0,0,0,0,0,0,0,0,0,0,0,0,0,0,0,0,0,0,0,0,0,66480525312,2147479552,30374604800,0
99,1713877686680,101587.79949951172,4700,1,0.30000000000000004,35558.70024108887,4700,1,0.30000000000000004,92017.81101989746,4700,1,0.30000000000000004,40477.026626586914,4700,1,0.30000000000000004,42115.94760131836,4700,1,0.30000000000000004,39190.48245239258,4700,1,0.30000000000000004,39783.73678588867,4700,1,0.30000000000000004,40527.99089050293,4700,1,0.30000000000000004,35609.72959899902,4700,1,0.30000000000000004,34180.052642822266,4700,1,0.30000000000000004,33666.63562011719,4700,1,0.30000000000000004,38290.38380432129,4700,1,0.30000000000000004,23636245.536239624,400,400,400,400,400,400,4691,400,400,400,4690,400,400,4690,400,400,400,400,4690,4690,400,4690,400,400,100,0,0,0,0,0,0,0,0,0,0,0,0,0,0,0,0,0,0,0,0,0,0,0,66480525312,2147479552,30584139776,0
99,1713877686780,101588.28285217285,4700,1,0.30000000000000004,35558.70181274414,4700,1,0.30000000000000004,92017.81352233887,4700,1,0.30000000000000004,40477.031021118164,4700,1,0.30000000000000004,42115.95121765137,4700,1,0.30000000000000004,39190.486389160156,4700,1,0.30000000000000004,39783.7399597168,4700,1,0.30000000000000004,40527.995529174805,4700,1,0.30000000000000004,35609.7459564209,4700,1,0.30000000000000004,34180.05421447754,4700,1,0.30000000000000004,33666.63719177246,4700,1,0.30000000000000004,38290.38537597656,4700,1,0.30000000000000004,23636249.09854126,400,400,400,400,400,400,4691,400,400,400,4690,400,400,4690,400,400,400,400,4690,4690,400,4690,400,400,100,0,0,0,0,0,0,0,0,0,0,0,0,0,0,0,0,0,0,0,0,0,0,0,66480525312,2147479552,30793158656,0
99,1713877686880,101588.76110839844,4700,1,0.30000000000000004,35558.703384399414,4700,1,0.30000000000000004,92017.81530761719,4700,1,0.30000000000000004,40477.035400390625,4700,1,0.30000000000000004,42115.95471191406,4700,1,0.30000000000000004,39190.489486694336,4700,1,0.30000000000000004,39783.74311828613,4700,1,0.30000000000000004,40527.998626708984,4700,1,0.30000000000000004,35609.76156616211,4700,1,0.30000000000000004,34180.05578613281,4700,1,0.30000000000000004,33666.638763427734,4700,1,0.30000000000000004,38290.38700866699,4700,1,0.30000000000000004,23636252.687194824,400,400,400,400,400,400,4691,400,400,400,4690,400,400,4690,400,400,400,400,4690,4690,400,4690,400,400,100,0,0,0,0,0,0,0,0,0,0,0,0,0,0,0,0,0,0,0,0,0,0,0,66480525312,2147479552,31002693632,0
99,1713877686980,101589.24417114258,4700,1,0.30000000000000004,35558.705001831055,4700,1,0.30000000000000004,92017.81735229492,4700,1,0.30000000000000004,40477.040283203125,4700,1,0.30000000000000004,42115.95782470703,4700,1,0.30000000000000004,39190.49588012695,4700,1,0.30000000000000004,39783.74951171875,4700,1,0.30000000000000004,40528.00177001953,4700,1,0.30000000000000004,35609.77616882324,4700,1,0.30000000000000004,34180.057357788086,4700,1,0.30000000000000004,33666.64227294922,4700,1,0.30000000000000004,38290.388748168945,4700,1,0.30000000000000004,23636256.26989746,400,400,400,400,400,400,4691,400,400,400,4690,400,400,4690,400,400,400,400,4690,4690,400,4690,400,400,100,0,0,0,0,0,0,0,0,0,0,0,0,0,0,0,0,0,0,0,0,0,0,0,66480525312,2147479552,31211712512,0
99,1713877687080,101589.72680664063,4700,1,0.30000000000000004,35558.70657348633,4700,1,0.30000000000000004,92017.81924438477,4700,1,0.30000000000000004,40477.04472351074,4700,1,0.30000000000000004,42115.961013793945,4700,1,0.30000000000000004,39190.49919128418,4700,1,0.30000000000000004,39783.75273132324,4700,1,0.30000000000000004,40528.00483703613,4700,1,0.30000000000000004,35609.78448486328,4700,1,0.30000000000000004,34180.05891418457,4700,1,0.30000000000000004,33666.64393615723,4700,1,0.30000000000000004,38290.39044189453,4700,1,0.30000000000000004,23636259.849197388,400,400,400,400,400,400,4691,400,400,400,4690,400,400,4690,400,400,400,400,4690,4690,400,4690,400,400,100,0,0,0,0,0,0,0,0,0,0,0,0,0,0,0,0,0,0,0,0,0,0,0,66480525312,2147479552,31420731392,0
99,1713877687180,101590.20956420898,4700,1,0.30000000000000004,35558.70812988281,4700,1,0.30000000000000004,92017.82099914551,4700,1,0.30000000000000004,40477.04898071289,4700,1,0.30000000000000004,42115.96415710449,4700,1,0.30000000000000004,39190.502365112305,4700,1,0.30000000000000004,39783.75584411621,4700,1,0.30000000000000004,40528.0079498291,4700,1,0.30000000000000004,35609.79751586914,4700,1,0.30000000000000004,34180.060485839844,4700,1,0.30000000000000004,33666.64549255371,4700,1,0.30000000000000004,38290.39385986328,4700,1,0.30000000000000004,23636263.371154785,400,400,400,400,400,400,4691,400,400,400,4690,400,400,4690,400,400,400,400,4690,4690,400,4690,400,400,100,0,0,0,0,0,0,0,0,0,0,0,0,0,0,0,0,0,0,0,0,0,0,0,66480525312,2147479552,31630266368,0
99,1713877687280,101590.69319152832,4700,1,0.30000000000000004,35558.709716796875,4700,1,0.30000000000000004,92017.82327270508,4700,1,0.30000000000000004,40477.05323791504,4700,1,0.30000000000000004,42115.96731567383,4700,1,0.30000000000000004,39190.505462646484,4700,1,0.30000000000000004,39783.75894165039,4700,1,0.30000000000000004,40528.01104736328,4700,1,0.30000000000000004,35609.81005859375,4700,1,0.30000000000000004,34180.06211853027,4700,1,0.30000000000000004,33666.647064208984,4700,1,0.30000000000000004,38290.39553833008,4700,1,0.30000000000000004,23636266.94041443,400,400,400,400,400,400,4691,400,400,400,4690,400,400,4690,400,400,400,400,4690,4690,400,4690,400,400,100,0,0,0,0,0,0,0,0,0,0,0,0,0,0,0,0,0,0,0,0,0,0,0,66480525312,2147479552,31839801344,0
99,1713877687380,101591.17639160156,4700,1,0.30000000000000004,35558.71128845215,4700,1,0.30000000000000004,92017.82502746582,4700,1,0.30000000000000004,40477.0574798584,4700,1,0.30000000000000004,42115.970764160156,4700,1,0.30000000000000004,39190.508560180664,4700,1,0.30000000000000004,39783.76203918457,4700,1,0.30000000000000004,40528.01414489746,4700,1,0.30000000000000004,35609.821868896484,4700,1,0.30000000000000004,34180.063735961914,4700,1,0.30000000000000004,33666.64863586426,4700,1,0.30000000000000004,38290.398040771484,4700,1,0.30000000000000004,23636270.502807617,400,400,400,400,400,400,4691,400,400,400,4690,400,400,4690,400,400,400,400,4690,4690,400,4690,400,400,100,0,0,0,0,0,0,0,0,0,0,0,0,0,0,0,0,0,0,0,0,0,0,0,66480525312,2147479552,32048820224,0
99,1713877687480,101591.66067504883,4700,1,0.30000000000000004,35558.71286010742,4700,1,0.30000000000000004,92017.82704162598,4700,1,0.30000000000000004,40477.0622253418,4700,1,0.30000000000000004,42115.97393798828,4700,1,0.30000000000000004,39190.51417541504,4700,1,0.30000000000000004,39783.76513671875,4700,1,0.30000000000000004,40528.01724243164,4700,1,0.30000000000000004,35609.83735656738,4700,1,0.30000000000000004,34180.06530761719,4700,1,0.30000000000000004,33666.652099609375,4700,1,0.30000000000000004,38290.39961242676,4700,1,0.30000000000000004,23636274.026107788,400,400,400,400,400,400,4691,400,400,400,4690,400,400,4690,400,400,400,400,4690,4690,400,4690,400,400,100,0,0,0,0,0,0,0,0,0,0,0,0,0,0,0,0,0,0,0,0,0,0,0,66480525312,2147479552,32258871296,0
99,1713877687580,101592.14476013184,4700,1,0.30000000000000004,35558.714431762695,4700,1,0.30000000000000004,92017.82891845703,4700,1,0.30000000000000004,40477.06652832031,4700,1,0.30000000000000004,42115.97703552246,4700,1,0.30000000000000004,39190.51727294922,4700,1,0.30000000000000004,39783.76835632324,4700,1,0.30000000000000004,40528.02033996582,4700,1,0.30000000000000004,35609.85209655762,4700,1,0.30000000000000004,34180.06837463379,4700,1,0.30000000000000004,33666.65377807617,4700,1,0.30000000000000004,38290.4012298584,4700,1,0.30000000000000004,23636277.65437317,400,400,400,400,400,400,4691,400,400,400,4690,400,400,4690,400,400,400,400,4690,4690,400,4690,400,400,100,0,0,0,0,0,0,0,0,0,0,0,0,0,0,0,0,0,0,0,0,0,0,0,66480525312,2147479552,32468922368,0
99,1713877687681,101592.62283325195,4700,1,0.30000000000000004,35558.71614074707,4700,1,0.30000000000000004,92017.83096313477,4700,1,0.30000000000000004,40477.07077026367,4700,1,0.30000000000000004,42115.98010253906,4700,1,0.30000000000000004,39190.5285949707,4700,1,0.30000000000000004,39783.77149963379,4700,1,0.30000000000000004,40528.0234375,4700,1,0.30000000000000004,35609.866287231445,4700,1,0.30000000000000004,34180.06999206543,4700,1,0.30000000000000004,33666.655349731445,4700,1,0.30000000000000004,38290.40284729004,4700,1,0.30000000000000004,23636281.298095703,400,400,400,400,400,400,4691,400,400,400,4690,400,400,4690,400,400,400,400,4690,4690,400,4690,400,400,100,0,0,0,0,0,0,0,0,0,0,0,0,0,0,0,0,0,0,0,0,0,0,0,66480525312,2147479552,32678715392,0
99,1713877687781,101593.10623168945,4700,1,0.30000000000000004,35558.717712402344,4700,1,0.30000000000000004,92017.8331451416,4700,1,0.30000000000000004,40477.07507324219,4700,1,0.30000000000000004,42115.98324584961,4700,1,0.30000000000000004,39190.531661987305,4700,1,0.30000000000000004,39783.776931762695,4700,1,0.30000000000000004,40528.02896118164,4700,1,0.30000000000000004,35609.87496948242,4700,1,0.30000000000000004,34180.071548461914,4700,1,0.30000000000000004,33666.657150268555,4700,1,0.30000000000000004,38290.406311035156,4700,1,0.30000000000000004,23636284.89051819,400,400,400,400,400,400,4691,400,400,400,4690,400,400,4690,400,400,400,400,4690,4690,400,4690,400,400,100,0,0,0,0,0,0,0,0,0,0,0,0,0,0,0,0,0,0,0,0,0,0,0,66480525312,2147479552,32888250368,0
99,1713877687881,101593.58856201172,4700,1,0.30000000000000004,35558.71926879883,4700,1,0.30000000000000004,92017.83511352539,4700,1,0.30000000000000004,40477.07931518555,4700,1,0.30000000000000004,42115.986404418945,4700,1,0.30000000000000004,39190.53657531738,4700,1,0.30000000000000004,39783.780044555664,4700,1,0.30000000000000004,40528.03207397461,4700,1,0.30000000000000004,35609.88768005371,4700,1,0.30000000000000004,34180.07312011719,4700,1,0.30000000000000004,33666.65870666504,4700,1,0.30000000000000004,38290.40789794922,4700,1,0.30000000000000004,23636288.49977112,400,400,400,400,400,400,4691,400,400,400,4690,400,400,4690,400,400,400,400,4690,4690,400,4690,400,400,100,0,0,0,0,0,0,0,0,0,0,0,0,0,0,0,0,0,0,0,0,0,0,0,66480525312,2147479552,33097269248,0
99,1713877687981,101594.07249450684,4700,1,0.30000000000000004,35558.72088623047,4700,1,0.30000000000000004,92017.83715820313,4700,1,0.30000000000000004,40477.084213256836,4700,1,0.30000000000000004,42115.99110412598,4700,1,0.30000000000000004,39190.54231262207,4700,1,0.30000000000000004,39783.78611755371,4700,1,0.30000000000000004,40528.035217285156,4700,1,0.30000000000000004,35609.90007019043,4700,1,0.30000000000000004,34180.07470703125,4700,1,0.30000000000000004,33666.6622467041,4700,1,0.30000000000000004,38290.40946960449,4700,1,0.30000000000000004,23636292.05114746,400,400,400,400,400,400,4691,400,400,400,4690,400,400,4690,400,400,400,400,4690,4690,400,4690,400,400,100,0,0,0,0,0,0,0,0,0,0,0,0,0,0,0,0,0,0,0,0,0,0,0,66480525312,2147479552,33307320320,0
99,1713877688081,101594.59397888184,4700,1,0.30000000000000004,35558.72245788574,4700,1,0.30000000000000004,92017.83984375,4700,1,0.30000000000000004,40477.08839416504,4700,1,0.30000000000000004,42115.99426269531,4700,1,0.30000000000000004,39190.54702758789,4700,1,0.30000000000000004,39783.78941345215,4700,1,0.30000000000000004,40528.03837585449,4700,1,0.30000000000000004,35609.9119720459,4700,1,0.30000000000000004,34180.07632446289,4700,1,0.30000000000000004,33666.66394042969,4700,1,0.30000000000000004,38290.41130065918,4700,1,0.30000000000000004,23636295.75541687,400,400,400,400,400,400,4691,400,400,400,4690,400,400,4690,400,400,400,400,4690,4690,400,4690,400,400,100,0,0,0,0,0,0,0,0,0,0,0,0,0,0,0,0,0,0,0,0,0,0,0,66480525312,2147479552,32653307904,0
99,1713877688181,101595.19038391113,4700,1,0.30000000000000004,35558.724029541016,4700,1,0.30000000000000004,92017.84214782715,4700,1,0.30000000000000004,40477.091537475586,4700,1,0.30000000000000004,42115.99736022949,4700,1,0.30000000000000004,39190.55012512207,4700,1,0.30000000000000004,39783.79251098633,4700,1,0.30000000000000004,40528.04147338867,4700,1,0.30000000000000004,35609.92385864258,4700,1,0.30000000000000004,34180.077896118164,4700,1,0.30000000000000004,33666.66551208496,4700,1,0.30000000000000004,38290.41296386719,4700,1,0.30000000000000004,23636299.6018219,400,400,400,400,400,400,4691,400,400,400,4690,400,400,4690,400,400,400,400,4690,4690,400,4690,400,400,100,0,0,0,0,0,0,0,0,0,0,0,0,0,0,0,0,0,0,0,0,0,0,0,66480525312,2147479552,30288621568,0
99,1713877688281,101595.78633117676,4700,1,0.30000000000000004,35558.72560119629,4700,1,0.30000000000000004,92017.84457397461,4700,1,0.30000000000000004,40477.09474182129,4700,1,0.30000000000000004,42116.00051879883,4700,1,0.30000000000000004,39190.55860900879,4700,1,0.30000000000000004,39783.79560852051,4700,1,0.30000000000000004,40528.04461669922,4700,1,0.30000000000000004,35609.93869018555,4700,1,0.30000000000000004,34180.079528808594,4700,1,0.30000000000000004,33666.667083740234,4700,1,0.30000000000000004,38290.41453552246,4700,1,0.30000000000000004,23636303.42805481,400,400,400,400,400,400,4691,400,400,400,4690,400,400,4690,400,400,400,400,4690,4690,400,4690,400,400,100,0,0,0,0,0,0,0,0,0,0,0,0,0,0,0,0,0,0,0,0,0,0,0,66480525312,2147479552,27957030912,0
99,1713877688381,101596.37692260742,4700,1,0.30000000000000004,35558.72717285156,4700,1,0.30000000000000004,92017.84696960449,4700,1,0.30000000000000004,40477.097885131836,4700,1,0.30000000000000004,42116.005783081055,4700,1,0.30000000000000004,39190.56170654297,4700,1,0.30000000000000004,39783.798767089844,4700,1,0.30000000000000004,40528.0495300293,4700,1,0.30000000000000004,35609.95362854004,4700,1,0.30000000000000004,34180.081130981445,4700,1,0.30000000000000004,33666.66865539551,4700,1,0.30000000000000004,38290.416107177734,4700,1,0.30000000000000004,23636307.354919434,400,400,400,400,400,400,4691,400,400,400,4690,400,400,4690,400,400,400,400,4690,4690,400,4690,400,400,100,0,0,0,0,0,0,0,0,0,0,0,0,0,0,0,0,0,0,0,0,0,0,0,66480525312,2147479552,25599377408,0
99,1713877688481,101596.9718170166,4700,1,0.30000000000000004,35558.728744506836,4700,1,0.30000000000000004,92017.84967041016,4700,1,0.30000000000000004,40477.10105895996,4700,1,0.30000000000000004,42116.0089263916,4700,1,0.30000000000000004,39190.566314697266,4700,1,0.30000000000000004,39783.80209350586,4700,1,0.30000000000000004,40528.052734375,4700,1,0.30000000000000004,35609.96827697754,4700,1,0.30000000000000004,34180.08459472656,4700,1,0.30000000000000004,33666.67205810547,4700,1,0.30000000000000004,38290.4178314209,4700,1,0.30000000000000004,23636311.303497314,400,400,400,400,400,400,4691,400,400,400,4690,400,400,4690,400,400,400,400,4690,4690,400,4690,400,400,100,0,0,0,0,0,0,0,0,0,0,0,0,0,0,0,0,0,0,0,0,0,0,0,66480525312,2147479552,23273164800,0
99,1713877688581,101597.56834411621,4700,1,0.30000000000000004,35558.73031616211,4700,1,0.30000000000000004,92017.85231018066,4700,1,0.30000000000000004,40477.10432434082,4700,1,0.30000000000000004,42116.01202392578,4700,1,0.30000000000000004,39190.569412231445,4700,1,0.30000000000000004,39783.80529785156,4700,1,0.30000000000000004,40528.0558013916,4700,1,0.30000000000000004,35609.97686767578,4700,1,0.30000000000000004,34180.08625793457,4700,1,0.30000000000000004,33666.6736907959,4700,1,0.30000000000000004,38290.42124938965,4700,1,0.30000000000000004,23636315.219436646,400,400,400,400,400,400,4691,400,400,400,4690,400,400,4690,400,400,400,400,4690,4690,400,4690,400,400,100,0,0,0,0,0,0,0,0,0,0,0,0,0,0,0,0,0,0,0,0,0,0,0,66480525312,2147479552,20920889344,0
99,1713877688681,101598.1039428711,4700,1,0.30000000000000004,35558.73197937012,4700,1,0.30000000000000004,92017.85488891602,4700,1,0.30000000000000004,40477.1081237793,4700,1,0.30000000000000004,42116.01762390137,4700,1,0.30000000000000004,39190.572509765625,4700,1,0.30000000000000004,39783.80839538574,4700,1,0.30000000000000004,40528.05891418457,4700,1,0.30000000000000004,35609.98970031738,4700,1,0.30000000000000004,34180.08787536621,4700,1,0.30000000000000004,33666.67526245117,4700,1,0.30000000000000004,38290.42282104492,4700,1,0.30000000000000004,23636318.930389404,400,400,400,400,400,400,4691,400,400,400,4690,400,400,4690,400,400,400,400,4690,4690,400,4690,400,400,100,0,0,0,0,0,0,0,0,0,0,0,0,0,0,0,0,0,0,0,0,4.761904716491699,0,0,66480525312,2147479552,20623032320,0
99,1713877688781,101598.58248901367,4700,1,0.30000000000000004,35558.74514770508,4700,1,0.30000000000000004,92017.87094116211,4700,1,0.30000000000000004,40477.13363647461,4700,1,0.30000000000000004,42116.03657531738,4700,1,0.30000000000000004,39190.59649658203,4700,1,0.30000000000000004,39783.82614135742,4700,1,0.30000000000000004,40528.077896118164,4700,1,0.30000000000000004,35610.01728820801,4700,1,0.30000000000000004,34180.10110473633,4700,1,0.30000000000000004,33666.68827819824,4700,1,0.30000000000000004,38290.439025878906,4700,1,0.30000000000000004,23636322.762634277,400,400,400,400,400,400,4691,400,400,400,4690,400,400,4690,400,400,400,400,4690,4690,400,4690,400,400,100,0,0,0,0,0,0,0,0,0,0,0,0,0,0,0,0,0,0,0,0,4.761904716491699,0,0,66480525312,2147479552,20826877952,0
99,1713877688881,101599.06307983398,4700,1,0.30000000000000004,35558.74671936035,4700,1,0.30000000000000004,92017.87284851074,4700,1,0.30000000000000004,40477.13787841797,4700,1,0.30000000000000004,42116.03971862793,4700,1,0.30000000000000004,39190.59963989258,4700,1,0.30000000000000004,39783.82929992676,4700,1,0.30000000000000004,40528.080993652344,4700,1,0.30000000000000004,35610.0283203125,4700,1,0.30000000000000004,34180.1026763916,4700,1,0.30000000000000004,33666.689849853516,4700,1,0.30000000000000004,38290.44064331055,4700,1,0.30000000000000004,23636326.335494995,400,400,400,400,400,400,4691,400,400,400,4690,400,400,4690,400,400,400,400,4690,4690,400,4690,400,400,100,0,0,0,0,0,0,0,0,0,0,0,0,0,0,0,0,0,0,0,0,0,0,0,66480525312,2147479552,21032800256,0
99,1713877688981,101599.54592895508,4700,1,0.30000000000000004,35558.74842834473,4700,1,0.30000000000000004,92017.87504577637,4700,1,0.30000000000000004,40477.142837524414,4700,1,0.30000000000000004,42116.04286193848,4700,1,0.30000000000000004,39190.60710144043,4700,1,0.30000000000000004,39783.83822631836,4700,1,0.30000000000000004,40528.08419799805,4700,1,0.30000000000000004,35610.04325866699,4700,1,0.30000000000000004,34180.1063079834,4700,1,0.30000000000000004,33666.69346618652,4700,1,0.30000000000000004,38290.44422912598,4700,1,0.30000000000000004,23636329.87086487,400,400,400,400,400,400,4691,400,400,400,4690,400,400,4690,400,400,400,400,4690,4690,400,4690,400,400,100,0,0,0,0,0,0,0,0,0,0,0,0,0,0,0,0,0,0,0,0,0,0,0,66480525312,2147479552,21239754752,0
99,1713877689081,101600.02885437012,4700,1,0.30000000000000004,35558.75,4700,1,0.30000000000000004,92017.87724304199,4700,1,0.30000000000000004,40477.147201538086,4700,1,0.30000000000000004,42116.0460357666,4700,1,0.30000000000000004,39190.61100769043,4700,1,0.30000000000000004,39783.842224121094,4700,1,0.30000000000000004,40528.08729553223,4700,1,0.30000000000000004,35610.057388305664,4700,1,0.30000000000000004,34180.10787963867,4700,1,0.30000000000000004,33666.69515991211,4700,1,0.30000000000000004,38290.4460144043,4700,1,0.30000000000000004,23636333.38468933,400,400,400,400,400,400,4691,400,400,400,4690,400,400,4690,400,400,400,400,4690,4690,400,4690,400,400,100,0,0,0,0,0,0,0,0,0,0,0,0,0,0,0,0,0,0,0,0,0,0,0,66480525312,2147479552,21447225344,0
99,1713877689181,101600.50701904297,4700,1,0.30000000000000004,35558.75157165527,4700,1,0.30000000000000004,92017.87908935547,4700,1,0.30000000000000004,40477.15147399902,4700,1,0.30000000000000004,42116.04914855957,4700,1,0.30000000000000004,39190.61407470703,4700,1,0.30000000000000004,39783.845443725586,4700,1,0.30000000000000004,40528.090393066406,4700,1,0.30000000000000004,35610.07107543945,4700,1,0.30000000000000004,34180.109451293945,4700,1,0.30000000000000004,33666.69689941406,4700,1,0.30000000000000004,38290.447677612305,4700,1,0.30000000000000004,23636336.898147583,400,400,400,400,400,400,4691,400,400,400,4690,400,400,4690,400,400,400,400,4690,4690,400,4690,400,400,100,0,0,0,0,0,0,0,0,0,0,0,0,0,0,0,0,0,0,0,0,0,0,0,66480525312,2147479552,21655212032,0
99,1713877689281,101600.9900970459,4700,1,0.30000000000000004,35558.75314331055,4700,1,0.30000000000000004,92017.88121032715,4700,1,0.30000000000000004,40477.155853271484,4700,1,0.30000000000000004,42116.05229187012,4700,1,0.30000000000000004,39190.61717224121,4700,1,0.30000000000000004,39783.848541259766,4700,1,0.30000000000000004,40528.09346008301,4700,1,0.30000000000000004,35610.07876586914,4700,1,0.30000000000000004,34180.1110534668,4700,1,0.30000000000000004,33666.698471069336,4700,1,0.30000000000000004,38290.449295043945,4700,1,0.30000000000000004,23636340.465576172,400,400,400,400,400,400,4691,400,400,400,4690,400,400,4690,400,400,400,400,4690,4690,400,4690,400,400,100,0,0,0,0,0,0,0,0,0,0,0,0,0,0,0,0,0,0,0,0,0,0,0,66480525312,2147479552,21863198720,0
99,1713877689382,101601.47381591797,4700,1,0.30000000000000004,35558.75469970703,4700,1,0.30000000000000004,92017.88299560547,4700,1,0.30000000000000004,40477.160095214844,4700,1,0.30000000000000004,42116.057067871094,4700,1,0.30000000000000004,39190.62026977539,4700,1,0.30000000000000004,39783.851654052734,4700,1,0.30000000000000004,40528.09655761719,4700,1,0.30000000000000004,35610.091217041016,4700,1,0.30000000000000004,34180.11267089844,4700,1,0.30000000000000004,33666.70002746582,4700,1,0.30000000000000004,38290.4508972168,4700,1,0.30000000000000004,23636343.95779419,400,400,400,400,400,400,4691,400,400,400,4690,400,400,4690,400,400,400,400,4690,4690,400,4690,400,400,100,0,0,0,0,0,0,0,0,0,0,0,0,0,0,0,0,0,0,0,0,0,0,0,66480525312,2147479552,22071701504,0
99,1713877689482,101601.95811462402,4700,1,0.30000000000000004,35558.756286621094,4700,1,0.30000000000000004,92017.8854675293,4700,1,0.30000000000000004,40477.16471862793,4700,1,0.30000000000000004,42116.06016540527,4700,1,0.30000000000000004,39190.62351989746,4700,1,0.30000000000000004,39783.854751586914,4700,1,0.30000000000000004,40528.09965515137,4700,1,0.30000000000000004,35610.1037902832,4700,1,0.30000000000000004,34180.11424255371,4700,1,0.30000000000000004,33666.70359802246,4700,1,0.30000000000000004,38290.45248413086,4700,1,0.30000000000000004,23636347.465667725,400,400,400,400,400,400,4691,400,400,400,4690,400,400,4690,400,400,400,400,4690,4690,400,4690,400,400,100,0,0,0,0,0,0,0,0,0,0,0,0,0,0,0,0,0,0,0,0,0,0,0,66480525312,2147479552,22281236480,0
99,1713877689582,101602.44213867188,4700,1,0.30000000000000004,35558.75785827637,4700,1,0.30000000000000004,92017.88758850098,4700,1,0.30000000000000004,40477.169372558594,4700,1,0.30000000000000004,42116.06330871582,4700,1,0.30000000000000004,39190.62661743164,4700,1,0.30000000000000004,39783.85919189453,4700,1,0.30000000000000004,40528.10275268555,4700,1,0.30000000000000004,35610.1153717041,4700,1,0.30000000000000004,34180.11827087402,4700,1,0.30000000000000004,33666.705169677734,4700,1,0.30000000000000004,38290.4559173584,4700,1,0.30000000000000004,23636351.018341064,400,400,400,400,400,400,4691,400,400,400,4690,400,400,4690,400,400,400,400,4690,4690,400,4690,400,400,100,0,0,0,0,0,0,0,0,0,0,0,0,0,0,0,0,0,0,0,0,0,0,0,66480525312,2147479552,22490255360,0
99,1713877689682,101602.92578125,4700,1,0.30000000000000004,35558.759536743164,4700,1,0.30000000000000004,92017.88961791992,4700,1,0.30000000000000004,40477.17362976074,4700,1,0.30000000000000004,42116.06640625,4700,1,0.30000000000000004,39190.636657714844,4700,1,0.30000000000000004,39783.86228942871,4700,1,0.30000000000000004,40528.105895996094,4700,1,0.30000000000000004,35610.12841796875,4700,1,0.30000000000000004,34180.119888305664,4700,1,0.30000000000000004,33666.70674133301,4700,1,0.30000000000000004,38290.45748901367,4700,1,0.30000000000000004,23636354.52534485,400,400,400,400,400,400,4691,400,400,400,4690,400,400,4690,400,400,400,400,4690,4690,400,4690,400,400,100,0,0,0,0,0,0,0,0,0,0,0,0,0,0,0,0,0,0,0,0,0,0,0,66480525312,2147479552,22698758144,0
99,1713877689782,101603.41052246094,4700,1,0.30000000000000004,35558.76184082031,4700,1,0.30000000000000004,92017.89199829102,4700,1,0.30000000000000004,40477.1778717041,4700,1,0.30000000000000004,42116.06950378418,4700,1,0.30000000000000004,39190.63975524902,4700,1,0.30000000000000004,39783.86543273926,4700,1,0.30000000000000004,40528.10899353027,4700,1,0.30000000000000004,35610.14465332031,4700,1,0.30000000000000004,34180.12145996094,4700,1,0.30000000000000004,33666.70835876465,4700,1,0.30000000000000004,38290.46092224121,4700,1,0.30000000000000004,23636358.041137695,400,400,400,400,400,400,4691,400,400,400,4690,400,400,4690,400,400,400,400,4690,4690,400,4690,400,400,100,0,0,0,0,0,0,0,0,0,0,0,0,0,0,0,0,0,0,0,0,0,0,0,66480525312,2147479552,22908293120,0
99,1713877689882,101603.89051818848,4700,1,0.30000000000000004,35558.763412475586,4700,1,0.30000000000000004,92017.89407348633,4700,1,0.30000000000000004,40477.18209838867,4700,1,0.30000000000000004,42116.07264709473,4700,1,0.30000000000000004,39190.6428527832,4700,1,0.30000000000000004,39783.86853027344,4700,1,0.30000000000000004,40528.11209106445,4700,1,0.30000000000000004,35610.16017150879,4700,1,0.30000000000000004,34180.12303161621,4700,1,0.30000000000000004,33666.70993041992,4700,1,0.30000000000000004,38290.462493896484,4700,1,0.30000000000000004,23636361.523742676,400,400,400,400,400,400,4691,400,400,400,4690,400,400,4690,400,400,400,400,4690,4690,400,4690,400,400,100,0,0,0,0,0,0,0,0,0,0,0,0,0,0,0,0,0,0,0,0,0,0,0,66480525312,2147479552,23117828096,0
99,1713877689982,101604.37525939941,4700,1,0.30000000000000004,35558.76518249512,4700,1,0.30000000000000004,92017.89654541016,4700,1,0.30000000000000004,40477.18670654297,4700,1,0.30000000000000004,42116.075759887695,4700,1,0.30000000000000004,39190.64616394043,4700,1,0.30000000000000004,39783.872802734375,4700,1,0.30000000000000004,40528.11520385742,4700,1,0.30000000000000004,35610.16976928711,4700,1,0.30000000000000004,34180.12463378906,4700,1,0.30000000000000004,33666.71159362793,4700,1,0.30000000000000004,38290.46406555176,4700,1,0.30000000000000004,23636365.0460968,400,400,400,400,400,400,4691,400,400,400,4690,400,400,4690,400,400,400,400,4690,4690,400,4690,400,400,100,0,0,0,0,0,0,0,0,0,0,0,0,0,0,0,0,0,0,0,0,0,0,0,66480525312,2147479552,23326846976,0
99,1713877690082,101604.85879516602,4700,1,0.30000000000000004,35558.76840209961,4700,1,0.30000000000000004,92017.89915466309,4700,1,0.30000000000000004,40477.19174194336,4700,1,0.30000000000000004,42116.0791015625,4700,1,0.30000000000000004,39190.649490356445,4700,1,0.30000000000000004,39783.88250732422,4700,1,0.30000000000000004,40528.1184387207,4700,1,0.30000000000000004,35610.18420410156,4700,1,0.30000000000000004,34180.12725830078,4700,1,0.30000000000000004,33666.71325683594,4700,1,0.30000000000000004,38290.466857910156,4700,1,0.30000000000000004,23636368.668060303,400,400,400,400,400,400,4691,400,400,400,4690,400,400,4690,400,400,400,400,4690,4690,400,4690,400,400,100,0,0,0,0,0,0,0,0,0,0,0,0,0,0,0,0,0,0,0,0,0,0,0,66480525312,2147479552,23536381952,0
99,1713877690182,101605.34403991699,4700,1,0.30000000000000004,35558.769958496094,4700,1,0.30000000000000004,92017.90100097656,4700,1,0.30000000000000004,40477.19593811035,4700,1,0.30000000000000004,42116.08219909668,4700,1,0.30000000000000004,39190.652587890625,4700,1,0.30000000000000004,39783.8856048584,4700,1,0.30000000000000004,40528.12155151367,4700,1,0.30000000000000004,35610.197845458984,4700,1,0.30000000000000004,34180.128845214844,4700,1,0.30000000000000004,33666.71482849121,4700,1,0.30000000000000004,38290.46856689453,4700,1,0.30000000000000004,23636372.157592773,400,400,400,400,400,400,4691,400,400,400,4690,400,400,4690,400,400,400,400,4690,4690,400,4690,400,400,100,0,0,0,0,0,0,0,0,0,0,0,0,0,0,0,0,0,0,0,0,0,0,0,66480525312,2147479552,23745916928,0
99,1713877690282,101605.82777404785,4700,1,0.30000000000000004,35558.77153015137,4700,1,0.30000000000000004,92017.90325927734,4700,1,0.30000000000000004,40477.20016479492,4700,1,0.30000000000000004,42116.08540344238,4700,1,0.30000000000000004,39190.655685424805,4700,1,0.30000000000000004,39783.88870239258,4700,1,0.30000000000000004,40528.12464904785,4700,1,0.30000000000000004,35610.210861206055,4700,1,0.30000000000000004,34180.130462646484,4700,1,0.30000000000000004,33666.716400146484,4700,1,0.30000000000000004,38290.470138549805,4700,1,0.30000000000000004,23636375.73083496,400,400,400,400,400,400,4691,400,400,400,4690,400,400,4690,400,400,400,400,4690,4690,400,4690,400,400,100,0,0,0,0,0,0,0,0,0,0,0,0,0,0,0,0,0,0,0,0,0,0,0,66480525312,2147479552,23954935808,0
99,1713877690382,101606.31243896484,4700,1,0.30000000000000004,35558.77310180664,4700,1,0.30000000000000004,92017.9051361084,4700,1,0.30000000000000004,40477.20440673828,4700,1,0.30000000000000004,42116.08854675293,4700,1,0.30000000000000004,39190.658782958984,4700,1,0.30000000000000004,39783.89179992676,4700,1,0.30000000000000004,40528.12774658203,4700,1,0.30000000000000004,35610.22351074219,4700,1,0.30000000000000004,34180.132080078125,4700,1,0.30000000000000004,33666.71797180176,4700,1,0.30000000000000004,38290.473083496094,4700,1,0.30000000000000004,23636379.27191162,400,400,400,400,400,400,4691,400,400,400,4690,400,400,4690,400,400,400,400,4690,4690,400,4690,400,400,100,0,0,0,0,0,0,0,0,0,0,0,0,0,0,0,0,0,0,0,0,0,0,0,66480525312,2147479552,24164986880,0
99,1713877690482,101606.79695129395,4700,1,0.30000000000000004,35558.774673461914,4700,1,0.30000000000000004,92017.90739440918,4700,1,0.30000000000000004,40477.20864868164,4700,1,0.30000000000000004,42116.09164428711,4700,1,0.30000000000000004,39190.66200256348,4700,1,0.30000000000000004,39783.89489746094,4700,1,0.30000000000000004,40528.13084411621,4700,1,0.30000000000000004,35610.23936462402,4700,1,0.30000000000000004,34180.1336517334,4700,1,0.30000000000000004,33666.71960449219,4700,1,0.30000000000000004,38290.474685668945,4700,1,0.30000000000000004,23636382.795135498,400,400,400,400,400,400,4691,400,400,400,4690,400,400,4690,400,400,400,400,4690,4690,400,4690,400,400,100,0,0,0,0,0,0,0,0,0,0,0,0,0,0,0,0,0,0,0,4.761904716491699,0,0,0,66480525312,2147479552,24374521856,0
99,1713877690582,101607.27467346191,4700,1,0.30000000000000004,35558.77624511719,4700,1,0.30000000000000004,92017.90950012207,4700,1,0.30000000000000004,40477.21351623535,4700,1,0.30000000000000004,42116.094787597656,4700,1,0.30000000000000004,39190.665100097656,4700,1,0.30000000000000004,39783.89811706543,4700,1,0.30000000000000004,40528.13394165039,4700,1,0.30000000000000004,35610.255126953125,4700,1,0.30000000000000004,34180.13723754883,4700,1,0.30000000000000004,33666.72123718262,4700,1,0.30000000000000004,38290.476303100586,4700,1,0.30000000000000004,23636386.38320923,400,400,400,400,400,400,4691,400,400,400,4690,400,400,4690,400,400,400,400,4690,4690,400,4690,400,400,100,0,0,0,0,0,0,0,0,0,0,0,0,0,0,0,0,0,0,0,4.761904716491699,0,0,0,66480525312,2147479552,24583024640,0
99,1713877690682,101607.75802612305,4700,1,0.30000000000000004,35558.777923583984,4700,1,0.30000000000000004,92017.9115600586,4700,1,0.30000000000000004,40477.21775817871,4700,1,0.30000000000000004,42116.10023498535,4700,1,0.30000000000000004,39190.6689453125,4700,1,0.30000000000000004,39783.90118408203,4700,1,0.30000000000000004,40528.13705444336,4700,1,0.30000000000000004,35610.27015686035,4700,1,0.30000000000000004,34180.13885498047,4700,1,0.30000000000000004,33666.72280883789,4700,1,0.30000000000000004,38290.477935791016,4700,1,0.30000000000000004,23636390.04977417,400,400,400,400,400,400,4691,400,400,400,4690,400,400,4690,400,400,400,400,4690,4690,400,4690,400,400,100,0,0,0,0,0,0,0,0,0,0,0,0,0,0,0,0,0,0,0,5,0,0,0,66480525312,2147479552,24792559616,0
99,1713877690782,101608.24244689941,4700,1,0.30000000000000004,35558.77961730957,4700,1,0.30000000000000004,92017.91459655762,4700,1,0.30000000000000004,40477.222229003906,4700,1,0.30000000000000004,42116.10401916504,4700,1,0.30000000000000004,39190.67272949219,4700,1,0.30000000000000004,39783.906814575195,4700,1,0.30000000000000004,40528.14045715332,4700,1,0.30000000000000004,35610.279876708984,4700,1,0.30000000000000004,34180.1637878418,4700,1,0.30000000000000004,33666.7244720459,4700,1,0.30000000000000004,38290.47964477539,4700,1,0.30000000000000004,23636393.691970825,400,400,400,400,400,400,4691,400,400,400,4690,400,400,4690,400,400,400,400,4690,4690,400,4690,400,400,100,0,0,0,0,0,0,0,0,0,0,0,0,0,0,0,0,0,0,0,5,0,0,0,66480525312,2147479552,25002610688,0
99,1713877690882,101608.7258605957,4700,1,0.30000000000000004,35558.78121948242,4700,1,0.30000000000000004,92017.9167175293,4700,1,0.30000000000000004,40477.226486206055,4700,1,0.30000000000000004,42116.107482910156,4700,1,0.30000000000000004,39190.67582702637,4700,1,0.30000000000000004,39783.91000366211,4700,1,0.30000000000000004,40528.14356994629,4700,1,0.30000000000000004,35610.29360961914,4700,1,0.30000000000000004,34180.16537475586,4700,1,0.30000000000000004,33666.72604370117,4700,1,0.30000000000000004,38290.48127746582,4700,1,0.30000000000000004,23636397.24053955,400,400,400,400,400,400,4691,400,400,400,4690,400,400,4690,400,400,400,400,4690,4690,400,4690,400,400,100,0,0,0,0,0,0,0,0,0,0,5,0,0,0,0,0,0,0,0,4.761904716491699,0,0,0,66480525312,2147479552,25212145664,0
99,1713877690982,101609.208984375,4700,1,0.30000000000000004,35558.78286743164,4700,1,0.30000000000000004,92017.91888427734,4700,1,0.30000000000000004,40477.23085021973,4700,1,0.30000000000000004,42116.1106262207,4700,1,0.30000000000000004,39190.67921447754,4700,1,0.30000000000000004,39783.913314819336,4700,1,0.30000000000000004,40528.146713256836,4700,1,0.30000000000000004,35610.306579589844,4700,1,0.30000000000000004,34180.16694641113,4700,1,0.30000000000000004,33666.727615356445,4700,1,0.30000000000000004,38290.48291015625,4700,1,0.30000000000000004,23636400.854049683,400,400,400,400,400,400,4691,400,400,400,4690,400,400,4690,400,400,400,400,4690,4690,400,4690,400,400,100,0,0,0,0,0,0,0,0,0,0,5,0,0,0,0,0,0,0,0,4.761904716491699,0,0,0,66480525312,2147479552,25421164544,0
99,1713877691082,101609.6923828125,4700,1,0.30000000000000004,35558.784439086914,4700,1,0.30000000000000004,92017.92184448242,4700,1,0.30000000000000004,40477.23583984375,4700,1,0.30000000000000004,42116.11410522461,4700,1,0.30000000000000004,39190.68260192871,4700,1,0.30000000000000004,39783.91798400879,4700,1,0.30000000000000004,40528.149810791016,4700,1,0.30000000000000004,35610.319915771484,4700,1,0.30000000000000004,34180.168518066406,4700,1,0.30000000000000004,33666.729263305664,4700,1,0.30000000000000004,38290.48466491699,4700,1,0.30000000000000004,23636404.441223145,400,400,400,400,400,400,4691,400,400,400,4690,400,400,4690,400,400,400,400,4690,4690,400,4690,400,400,100,0,0,0,0,0,0,0,0,0,0,0,0,0,0,0,0,0,0,0,4.761904716491699,0,0,0,66480525312,2147479552,25630699520,0
99,1713877691183,101610.17721557617,4700,1,0.30000000000000004,35558.78601074219,4700,1,0.30000000000000004,92017.92378234863,4700,1,0.30000000000000004,40477.24011230469,4700,1,0.30000000000000004,42116.117248535156,4700,1,0.30000000000000004,39190.68569946289,4700,1,0.30000000000000004,39783.92108154297,4700,1,0.30000000000000004,40528.152908325195,4700,1,0.30000000000000004,35610.336196899414,4700,1,0.30000000000000004,34180.17008972168,4700,1,0.30000000000000004,33666.73083496094,4700,1,0.30000000000000004,38290.486236572266,4700,1,0.30000000000000004,23636407.96508789,400,400,400,400,400,400,4691,400,400,400,4690,400,400,4690,400,400,400,400,4690,4690,400,4690,400,400,100,0,0,0,0,0,0,0,0,0,0,0,0,0,0,0,0,0,0,0,4.761904716491699,0,0,0,66480525312,2147479552,25840234496,0
99,1713877691283,101610.65505981445,4700,1,0.30000000000000004,35558.78758239746,4700,1,0.30000000000000004,92017.92608642578,4700,1,0.30000000000000004,40477.244369506836,4700,1,0.30000000000000004,42116.12040710449,4700,1,0.30000000000000004,39190.68963623047,4700,1,0.30000000000000004,39783.92417907715,4700,1,0.30000000000000004,40528.156005859375,4700,1,0.30000000000000004,35610.35151672363,4700,1,0.30000000000000004,34180.17172241211,4700,1,0.30000000000000004,33666.73240661621,4700,1,0.30000000000000004,38290.489669799805,4700,1,0.30000000000000004,23636411.56011963,400,400,400,400,400,400,4691,400,400,400,4690,400,400,4690,400,400,400,400,4690,4690,400,4690,400,400,100,0,0,0,0,0,0,0,0,0,0,0,0,0,0,0,0,0,0,0,5,0,0,0,66480525312,2147479552,26049253376,0
99,1713877691383,101611.13859558105,4700,1,0.30000000000000004,35558.789154052734,4700,1,0.30000000000000004,92017.92802429199,4700,1,0.30000000000000004,40477.24853515625,4700,1,0.30000000000000004,42116.12400817871,4700,1,0.30000000000000004,39190.69270324707,4700,1,0.30000000000000004,39783.92724609375,4700,1,0.30000000000000004,40528.159103393555,4700,1,0.30000000000000004,35610.366638183594,4700,1,0.30000000000000004,34180.17333984375,4700,1,0.30000000000000004,33666.733978271484,4700,1,0.30000000000000004,38290.49124145508,4700,1,0.30000000000000004,23636415.151809692,400,400,400,400,400,400,4691,400,400,400,4690,400,400,4690,400,400,400,400,4690,4690,400,4690,400,400,100,0,0,0,0,0,0,0,0,0,0,0,0,0,0,0,0,0,0,0,5,0,0,0,66480525312,2147479552,26258272256,0
99,1713877691483,101611.62203979492,4700,1,0.30000000000000004,35558.790786743164,4700,1,0.30000000000000004,92017.93020629883,4700,1,0.30000000000000004,40477.252853393555,4700,1,0.30000000000000004,42116.12713623047,4700,1,0.30000000000000004,39190.69592285156,4700,1,0.30000000000000004,39783.93034362793,4700,1,0.30000000000000004,40528.162170410156,4700,1,0.30000000000000004,35610.37568664551,4700,1,0.30000000000000004,34180.174896240234,4700,1,0.30000000000000004,33666.73554992676,4700,1,0.30000000000000004,38290.49281311035,4700,1,0.30000000000000004,23636418.696914673,400,400,400,400,400,400,4691,400,400,400,4690,400,400,4690,400,400,400,400,4690,4690,400,4690,400,400,100,0,0,0,0,0,0,0,0,0,0,0,0,0,0,0,0,0,0,0,4.761904716491699,0,0,0,66480525312,2147479552,26467291136,0
99,1713877691583,101612.10556030273,4700,1,0.30000000000000004,35558.79234313965,4700,1,0.30000000000000004,92017.93212890625,4700,1,0.30000000000000004,40477.2576751709,4700,1,0.30000000000000004,42116.130279541016,4700,1,0.30000000000000004,39190.69903564453,4700,1,0.30000000000000004,39783.93357849121,4700,1,0.30000000000000004,40528.165283203125,4700,1,0.30000000000000004,35610.38934326172,4700,1,0.30000000000000004,34180.17881774902,4700,1,0.30000000000000004,33666.737228393555,4700,1,0.30000000000000004,38290.49621582031,4700,1,0.30000000000000004,23636422.27392578,400,400,400,400,400,400,4691,400,400,400,4690,400,400,4690,400,400,400,400,4690,4690,400,4690,400,400,100,0,0,0,0,0,0,0,0,0,0,0,0,0,0,0,0,0,0,0,4.761904716491699,0,0,0,66480525312,2147479552,26677342208,0
99,1713877691683,101612.58923339844,4700,1,0.30000000000000004,35558.79539489746,4700,1,0.30000000000000004,92017.9341430664,4700,1,0.30000000000000004,40477.26193237305,4700,1,0.30000000000000004,42116.133377075195,4700,1,0.30000000000000004,39190.710845947266,4700,1,0.30000000000000004,39783.93672180176,4700,1,0.30000000000000004,40528.16842651367,4700,1,0.30000000000000004,35610.402404785156,4700,1,0.30000000000000004,34180.180435180664,4700,1,0.30000000000000004,33666.73880004883,4700,1,0.30000000000000004,38290.497802734375,4700,1,0.30000000000000004,23636425.860855103,400,400,400,400,400,400,4691,400,400,400,4690,400,400,4690,400,400,400,400,4690,4690,400,4690,400,400,100,0,0,0,0,0,0,0,0,0,0,0,0,0,0,0,0,0,0,0,0,0,0,0,66480525312,2147479552,26886361088,0
99,1713877691783,101613.07321166992,4700,1,0.30000000000000004,35558.796966552734,4700,1,0.30000000000000004,92017.9363861084,4700,1,0.30000000000000004,40477.266174316406,4700,1,0.30000000000000004,42116.136474609375,4700,1,0.30000000000000004,39190.713943481445,4700,1,0.30000000000000004,39783.93981933594,4700,1,0.30000000000000004,40528.17152404785,4700,1,0.30000000000000004,35610.41484069824,4700,1,0.30000000000000004,34180.18200683594,4700,1,0.30000000000000004,33666.7403717041,4700,1,0.30000000000000004,38290.50119018555,4700,1,0.30000000000000004,23636429.4589386,400,400,400,400,400,400,4691,400,400,400,4690,400,400,4690,400,400,400,400,4690,4690,400,4690,400,400,100,0,0,0,0,0,0,0,0,0,0,0,0,0,0,0,0,0,0,0,0,0,0,0,66480525312,2147479552,27096412160,0
99,1713877691883,101613.55644226074,4700,1,0.30000000000000004,35558.79853820801,4700,1,0.30000000000000004,92017.93835449219,4700,1,0.30000000000000004,40477.270446777344,4700,1,0.30000000000000004,42116.13961791992,4700,1,0.30000000000000004,39190.717041015625,4700,1,0.30000000000000004,39783.94291687012,4700,1,0.30000000000000004,40528.17462158203,4700,1,0.30000000000000004,35610.43045043945,4700,1,0.30000000000000004,34180.18357849121,4700,1,0.30000000000000004,33666.741943359375,4700,1,0.30000000000000004,38290.50276184082,4700,1,0.30000000000000004,23636433.04840088,400,400,400,400,400,400,4691,400,400,400,4690,400,400,4690,400,400,400,400,4690,4690,400,4690,400,400,100,0,0,0,0,0,0,0,0,0,0,0,0,0,0,0,0,0,0,0,5,0,0,0,66480525312,2147479552,27305431040,0
99,1713877691983,101614.03506469727,4700,1,0.30000000000000004,35558.80015563965,4700,1,0.30000000000000004,92017.94068908691,4700,1,0.30000000000000004,40477.27479553223,4700,1,0.30000000000000004,42116.14276123047,4700,1,0.30000000000000004,39190.72329711914,4700,1,0.30000000000000004,39783.94664001465,4700,1,0.30000000000000004,40528.17776489258,4700,1,0.30000000000000004,35610.44575500488,4700,1,0.30000000000000004,34180.185150146484,4700,1,0.30000000000000004,33666.74351501465,4700,1,0.30000000000000004,38290.504333496094,4700,1,0.30000000000000004,23636436.61720276,400,400,400,400,400,400,4691,400,400,400,4690,400,400,4690,400,400,400,400,4690,4690,400,4690,400,400,100,0,0,0,0,0,0,0,0,0,0,0,0,0,0,0,0,0,0,0,5,0,0,0,66480525312,2147479552,27514966016,0
99,1713877692083,101614.51773071289,4700,1,0.30000000000000004,35558.80172729492,4700,1,0.30000000000000004,92017.94299316406,4700,1,0.30000000000000004,40477.27992248535,4700,1,0.30000000000000004,42116.145935058594,4700,1,0.30000000000000004,39190.726654052734,4700,1,0.30000000000000004,39783.94985961914,4700,1,0.30000000000000004,40528.18086242676,4700,1,0.30000000000000004,35610.46057128906,4700,1,0.30000000000000004,34180.187911987305,4700,1,0.30000000000000004,33666.74516296387,4700,1,0.30000000000000004,38290.50598144531,4700,1,0.30000000000000004,23636440.219055176,400,400,400,400,400,400,4691,400,400,400,4690,400,400,4690,400,400,400,400,4690,4690,400,4690,400,400,100,4.761904716491699,0,0,0,0,0,0,0,0,0,0,0,0,0,0,0,0,0,0,4.761904716491699,0,0,0,66480525312,2147479552,27723984896,0
99,1713877692183,101615.0027923584,4700,1,0.30000000000000004,35558.803298950195,4700,1,0.30000000000000004,92017.94480895996,4700,1,0.30000000000000004,40477.28416442871,4700,1,0.30000000000000004,42116.14903259277,4700,1,0.30000000000000004,39190.729721069336,4700,1,0.30000000000000004,39783.95292663574,4700,1,0.30000000000000004,40528.18394470215,4700,1,0.30000000000000004,35610.46974182129,4700,1,0.30000000000000004,34180.18946838379,4700,1,0.30000000000000004,33666.74671936035,4700,1,0.30000000000000004,38290.507553100586,4700,1,0.30000000000000004,23636443.772094727,400,400,400,400,400,400,4691,400,400,400,4690,400,400,4690,400,400,400,400,4690,4690,400,4690,400,400,100,4.761904716491699,0,0,0,0,0,0,0,0,0,0,0,0,0,0,0,0,0,0,4.761904716491699,0,0,0,66480525312,2147479552,27934035968,0
99,1713877692283,101615.48666381836,4700,1,0.30000000000000004,35558.80485534668,4700,1,0.30000000000000004,92017.94696044922,4700,1,0.30000000000000004,40477.28842163086,4700,1,0.30000000000000004,42116.15223693848,4700,1,0.30000000000000004,39190.732818603516,4700,1,0.30000000000000004,39783.95603942871,4700,1,0.30000000000000004,40528.18705749512,4700,1,0.30000000000000004,35610.48309326172,4700,1,0.30000000000000004,34180.19110107422,4700,1,0.30000000000000004,33666.748291015625,4700,1,0.30000000000000004,38290.50917053223,4700,1,0.30000000000000004,23636447.325012207,400,400,400,400,400,400,4691,400,400,400,4690,400,400,4690,400,400,400,400,4690,4690,400,4690,400,400,100,0,0,0,0,0,0,0,0,0,0,0,0,0,0,0,0,0,0,0,4.761904716491699,0,0,0,66480525312,2147479552,28143570944,0
99,1713877692383,101615.96963500977,4700,1,0.30000000000000004,35558.80642700195,4700,1,0.30000000000000004,92017.9487915039,4700,1,0.30000000000000004,40477.29267883301,4700,1,0.30000000000000004,42116.15538024902,4700,1,0.30000000000000004,39190.73597717285,4700,1,0.30000000000000004,39783.95913696289,4700,1,0.30000000000000004,40528.1901550293,4700,1,0.30000000000000004,35610.49606323242,4700,1,0.30000000000000004,34180.19270324707,4700,1,0.30000000000000004,33666.7498626709,4700,1,0.30000000000000004,38290.5107421875,4700,1,0.30000000000000004,23636450.871307373,400,400,400,400,400,400,4691,400,400,400,4690,400,400,4690,400,400,400,400,4690,4690,400,4690,400,400,100,0,0,0,0,0,0,0,0,0,0,0,0,0,0,0,0,0,0,0,4.761904716491699,0,0,0,66480525312,2147479552,28352589824,0
99,1713877692483,101616.45394897461,4700,1,0.30000000000000004,35558.80799865723,4700,1,0.30000000000000004,92017.95088195801,4700,1,0.30000000000000004,40477.296936035156,4700,1,0.30000000000000004,42116.1584777832,4700,1,0.30000000000000004,39190.7391204834,4700,1,0.30000000000000004,39783.96223449707,4700,1,0.30000000000000004,40528.19325256348,4700,1,0.30000000000000004,35610.508377075195,4700,1,0.30000000000000004,34180.194274902344,4700,1,0.30000000000000004,33666.75143432617,4700,1,0.30000000000000004,38290.51231384277,4700,1,0.30000000000000004,23636454.440185547,400,400,400,400,400,400,4691,400,400,400,4690,400,400,4690,400,400,400,400,4690,4690,400,4690,400,400,100,0,0,0,0,0,0,0,0,0,0,0,0,0,0,0,0,0,0,0,0,0,0,0,66480525312,2147479552,28562124800,0
99,1713877692583,101616.93782043457,4700,1,0.30000000000000004,35558.8095703125,4700,1,0.30000000000000004,92017.95274353027,4700,1,0.30000000000000004,40477.3018951416,4700,1,0.30000000000000004,42116.16162109375,4700,1,0.30000000000000004,39190.74221801758,4700,1,0.30000000000000004,39783.96545410156,4700,1,0.30000000000000004,40528.196350097656,4700,1,0.30000000000000004,35610.524185180664,4700,1,0.30000000000000004,34180.19760131836,4700,1,0.30000000000000004,33666.75308227539,4700,1,0.30000000000000004,38290.51557922363,4700,1,0.30000000000000004,23636457.997406006,400,400,400,400,400,400,4691,400,400,400,4690,400,400,4690,400,400,400,400,4690,4690,400,4690,400,400,100,0,0,0,0,0,0,0,0,0,0,0,0,0,0,0,0,0,0,0,0,0,0,0,66480525312,2147479552,28771659776,0
99,1713877692683,101617.42193603516,4700,1,0.30000000000000004,35558.811294555664,4700,1,0.30000000000000004,92017.95469665527,4700,1,0.30000000000000004,40477.306411743164,4700,1,0.30000000000000004,42116.16716003418,4700,1,0.30000000000000004,39190.74588012695,4700,1,0.30000000000000004,39783.96855163574,4700,1,0.30000000000000004,40528.199447631836,4700,1,0.30000000000000004,35610.53958129883,4700,1,0.30000000000000004,34180.19921875,4700,1,0.30000000000000004,33666.754653930664,4700,1,0.30000000000000004,38290.517150878906,4700,1,0.30000000000000004,23636461.55718994,400,400,400,400,400,400,4691,400,400,400,4690,400,400,4690,400,400,400,400,4690,4690,400,4690,400,400,100,0,0,0,0,0,0,0,0,0,0,0,0,0,0,0,0,0,0,0,0,0,0,0,66480525312,2147479552,28981194752,0
99,1713877692783,101617.90118408203,4700,1,0.30000000000000004,35558.81478881836,4700,1,0.30000000000000004,92017.96127319336,4700,1,0.30000000000000004,40477.3108215332,4700,1,0.30000000000000004,42116.17036437988,4700,1,0.30000000000000004,39190.749908447266,4700,1,0.30000000000000004,39783.97494506836,4700,1,0.30000000000000004,40528.2067565918,4700,1,0.30000000000000004,35610.55912780762,4700,1,0.30000000000000004,34180.203384399414,4700,1,0.30000000000000004,33666.76028442383,4700,1,0.30000000000000004,38290.52110290527,4700,1,0.30000000000000004,23636465.130599976,400,400,400,400,400,400,4691,400,400,400,4690,400,400,4690,400,400,400,400,4690,4690,400,4690,400,400,100,0,0,0,0,0,0,0,0,0,0,0,0,0,0,0,0,0,0,0,0,0,0,0,66480525312,2147479552,29191245824,0
99,1713877692883,101618.38484191895,4700,1,0.30000000000000004,35558.81660461426,4700,1,0.30000000000000004,92017.9633026123,4700,1,0.30000000000000004,40477.31510925293,4700,1,0.30000000000000004,42116.173568725586,4700,1,0.30000000000000004,39190.75308227539,4700,1,0.30000000000000004,39783.97801208496,4700,1,0.30000000000000004,40528.2098236084,4700,1,0.30000000000000004,35610.573669433594,4700,1,0.30000000000000004,34180.20495605469,4700,1,0.30000000000000004,33666.7618560791,4700,1,0.30000000000000004,38290.52278137207,4700,1,0.30000000000000004,23636468.719421387,400,400,400,400,400,400,4691,400,400,400,4690,400,400,4690,400,400,400,400,4690,4690,400,4690,400,400,100,0,0,0,0,0,0,0,0,0,0,0,0,0,0,0,0,0,0,0,4.761904716491699,0,4.761904716491699,0,66480525312,2147479552,29400264704,0
99,1713877692984,101618.86862182617,4700,1,0.30000000000000004,35558.81831359863,4700,1,0.30000000000000004,92017.96543884277,4700,1,0.30000000000000004,40477.3194732666,4700,1,0.30000000000000004,42116.1767578125,4700,1,0.30000000000000004,39190.756576538086,4700,1,0.30000000000000004,39783.98179626465,4700,1,0.30000000000000004,40528.212966918945,4700,1,0.30000000000000004,35610.581970214844,4700,1,0.30000000000000004,34180.20651245117,4700,1,0.30000000000000004,33666.763412475586,4700,1,0.30000000000000004,38290.52438354492,4700,1,0.30000000000000004,23636472.258895874,400,400,400,400,400,400,4691,400,400,400,4690,400,400,4690,400,400,400,400,4690,4690,400,4690,400,400,100,0,0,0,0,0,0,0,0,0,0,0,0,0,0,0,0,0,0,0,4.761904716491699,0,4.761904716491699,0,66480525312,2147479552,29609799680,0
99,1713877693084,101619.35307312012,4700,1,0.30000000000000004,35558.820083618164,4700,1,0.30000000000000004,92017.96768188477,4700,1,0.30000000000000004,40477.3240814209,4700,1,0.30000000000000004,42116.1799621582,4700,1,0.30000000000000004,39190.75997924805,4700,1,0.30000000000000004,39783.9850769043,4700,1,0.30000000000000004,40528.21855163574,4700,1,0.30000000000000004,35610.59796142578,4700,1,0.30000000000000004,34180.20811462402,4700,1,0.30000000000000004,33666.76736450195,4700,1,0.30000000000000004,38290.52796936035,4700,1,0.30000000000000004,23636475.85444641,400,400,400,400,400,400,4691,400,400,400,4690,400,400,4690,400,400,400,400,4690,4690,400,4690,400,400,100,0,0,0,0,0,0,0,0,0,0,0,0,0,0,0,0,0,0,0,0,0,0,0,66480525312,2147479552,29819850752,0
99,1713877693184,101619.83686828613,4700,1,0.30000000000000004,35558.82167053223,4700,1,0.30000000000000004,92017.96981811523,4700,1,0.30000000000000004,40477.32875061035,4700,1,0.30000000000000004,42116.18305969238,4700,1,0.30000000000000004,39190.76307678223,4700,1,0.30000000000000004,39783.98817443848,4700,1,0.30000000000000004,40528.22164916992,4700,1,0.30000000000000004,35610.6103515625,4700,1,0.30000000000000004,34180.2096862793,4700,1,0.30000000000000004,33666.76893615723,4700,1,0.30000000000000004,38290.52963256836,4700,1,0.30000000000000004,23636479.398376465,400,400,400,400,400,400,4691,400,400,400,4690,400,400,4690,400,400,400,400,4690,4690,400,4690,400,400,100,0,0,0,0,0,0,0,0,0,0,0,0,0,0,0,0,0,0,0,0,0,0,0,66480525312,2147479552,30028869632,0
99,1713877693284,101620.32179260254,4700,1,0.30000000000000004,35558.823974609375,4700,1,0.30000000000000004,92017.97271728516,4700,1,0.30000000000000004,40477.33305358887,4700,1,0.30000000000000004,42116.18621826172,4700,1,0.30000000000000004,39190.766174316406,4700,1,0.30000000000000004,39783.99395751953,4700,1,0.30000000000000004,40528.23008728027,4700,1,0.30000000000000004,35610.62257385254,4700,1,0.30000000000000004,34180.213607788086,4700,1,0.30000000000000004,33666.77456665039,4700,1,0.30000000000000004,38290.53143310547,4700,1,0.30000000000000004,23636482.981689453,400,400,400,400,400,400,4691,400,400,400,4690,400,400,4690,400,400,400,400,4690,4690,400,4690,400,400,100,0,0,0,0,0,0,0,0,0,0,0,0,0,0,0,0,0,0,0,0,0,0,0,66480525312,2147479552,30238920704,0
99,1713877693384,101620.80519104004,4700,1,0.30000000000000004,35558.82554626465,4700,1,0.30000000000000004,92017.97485351563,4700,1,0.30000000000000004,40477.33735656738,4700,1,0.30000000000000004,42116.19119262695,4700,1,0.30000000000000004,39190.76968383789,4700,1,0.30000000000000004,39783.99726867676,4700,1,0.30000000000000004,40528.23318481445,4700,1,0.30000000000000004,35610.638275146484,4700,1,0.30000000000000004,34180.21522521973,4700,1,0.30000000000000004,33666.776138305664,4700,1,0.30000000000000004,38290.53338623047,4700,1,0.30000000000000004,23636486.546157837,400,400,400,400,400,400,4691,400,400,400,4690,400,400,4690,400,400,400,400,4690,4690,400,4690,400,400,100,0,0,0,0,0,0,0,0,0,0,0,0,0,0,0,0,0,0,0,0,0,0,0,66480525312,2147479552,30447939584,0
99,1713877693484,101621.28457641602,4700,1,0.30000000000000004,35558.82711791992,4700,1,0.30000000000000004,92017.97703552246,4700,1,0.30000000000000004,40477.341567993164,4700,1,0.30000000000000004,42116.19438171387,4700,1,0.30000000000000004,39190.77296447754,4700,1,0.30000000000000004,39784.00036621094,4700,1,0.30000000000000004,40528.23628234863,4700,1,0.30000000000000004,35610.65284729004,4700,1,0.30000000000000004,34180.216873168945,4700,1,0.30000000000000004,33666.77770996094,4700,1,0.30000000000000004,38290.535095214844,4700,1,0.30000000000000004,23636490.214111328,400,400,400,400,400,400,4691,400,400,400,4690,400,400,4690,400,400,400,400,4690,4690,400,4690,400,400,100,0,0,0,0,0,0,0,0,0,0,0,0,0,0,0,0,0,0,0,0,0,0,0,66480525312,2147479552,30657990656,0
99,1713877693584,101621.76931762695,4700,1,0.30000000000000004,35558.828689575195,4700,1,0.30000000000000004,92017.97900390625,4700,1,0.30000000000000004,40477.34591674805,4700,1,0.30000000000000004,42116.197494506836,4700,1,0.30000000000000004,39190.77603149414,4700,1,0.30000000000000004,39784.003646850586,4700,1,0.30000000000000004,40528.24203491211,4700,1,0.30000000000000004,35610.66734313965,4700,1,0.30000000000000004,34180.22026062012,4700,1,0.30000000000000004,33666.78161621094,4700,1,0.30000000000000004,38290.538330078125,4700,1,0.30000000000000004,23636493.79019165,400,400,400,400,400,400,4691,400,400,400,4690,400,400,4690,400,400,400,400,4690,4690,400,4690,400,400,100,0,0,0,0,0,0,0,0,0,0,0,0,0,0,0,0,0,0,0,0,0,0,0,66480525312,2147479552,30867525632,0
99,1713877693684,101622.25350952148,4700,1,0.30000000000000004,35558.83041381836,4700,1,0.30000000000000004,92017.98104858398,4700,1,0.30000000000000004,40477.35075378418,4700,1,0.30000000000000004,42116.20068359375,4700,1,0.30000000000000004,39190.78749084473,4700,1,0.30000000000000004,39784.00680541992,4700,1,0.30000000000000004,40528.245178222656,4700,1,0.30000000000000004,35610.675689697266,4700,1,0.30000000000000004,34180.22186279297,4700,1,0.30000000000000004,33666.78317260742,4700,1,0.30000000000000004,38290.539947509766,4700,1,0.30000000000000004,23636497.450286865,400,400,400,400,400,400,4691,400,400,400,4690,400,400,4690,400,400,400,400,4690,4690,400,4690,400,400,100,0,0,0,0,0,0,0,0,0,0,0,0,0,0,0,0,0,0,0,0,0,0,0,66480525312,2147479552,31077576704,0
99,1713877693784,101622.73941040039,4700,1,0.30000000000000004,35558.835189819336,4700,1,0.30000000000000004,92017.98475646973,4700,1,0.30000000000000004,40477.35562133789,4700,1,0.30000000000000004,42116.20683288574,4700,1,0.30000000000000004,39190.79084777832,4700,1,0.30000000000000004,39784.0149230957,4700,1,0.30000000000000004,40528.25068664551,4700,1,0.30000000000000004,35610.694091796875,4700,1,0.30000000000000004,34180.22521972656,4700,1,0.30000000000000004,33666.78819274902,4700,1,0.30000000000000004,38290.54331970215,4700,1,0.30000000000000004,23636501.044128418,400,400,400,400,400,400,4691,400,400,400,4690,400,400,4690,400,400,400,400,4690,4690,400,4690,400,400,100,0,0,0,0,0,0,0,0,0,0,0,0,0,0,0,0,0,0,0,0,0,0,0,66480525312,2147479552,31287885824,0
99,1713877693884,101623.22398376465,4700,1,0.30000000000000004,35558.8424987793,4700,1,0.30000000000000004,92017.9986114502,4700,1,0.30000000000000004,40477.389724731445,4700,1,0.30000000000000004,42116.226821899414,4700,1,0.30000000000000004,39190.81507873535,4700,1,0.30000000000000004,39784.03321838379,4700,1,0.30000000000000004,40528.271423339844,4700,1,0.30000000000000004,35610.71893310547,4700,1,0.30000000000000004,34180.24043273926,4700,1,0.30000000000000004,33666.80195617676,4700,1,0.30000000000000004,38290.55764770508,4700,1,0.30000000000000004,23636504.843566895,400,400,400,400,400,400,4691,400,400,400,4690,400,400,4690,400,400,400,400,4690,4690,400,4690,400,400,100,0,0,0,0,0,0,0,0,0,0,0,0,0,0,0,4.761904716491699,0,0,4.761904716491699,0,0,0,0,66480525312,2147479552,31497420800,0
99,1713877693984,101623.70726013184,4700,1,0.30000000000000004,35558.844177246094,4700,1,0.30000000000000004,92018.00073242188,4700,1,0.30000000000000004,40477.39402770996,4700,1,0.30000000000000004,42116.230056762695,4700,1,0.30000000000000004,39190.82215881348,4700,1,0.30000000000000004,39784.03689575195,4700,1,0.30000000000000004,40528.27456665039,4700,1,0.30000000000000004,35610.73078918457,4700,1,0.30000000000000004,34180.24200439453,4700,1,0.30000000000000004,33666.80352783203,4700,1,0.30000000000000004,38290.55923461914,4700,1,0.30000000000000004,23636508.451766968,400,400,400,400,400,400,4691,400,400,400,4690,400,400,4690,400,400,400,400,4690,4690,400,4690,400,400,100,0,0,0,0,0,0,0,0,0,0,0,0,0,0,0,4.761904716491699,0,0,4.761904716491699,0,0,0,0,66480525312,2147479552,31706955776,0
99,1713877694084,101624.19021606445,4700,1,0.29374999999999996,35558.84713745117,4700,1,0.30000000000000004,92018.00309753418,4700,1,0.30000000000000004,40477.39872741699,4700,1,0.30000000000000004,42116.23344421387,4700,1,0.30000000000000004,39190.82556152344,4700,1,0.30000000000000004,39784.042877197266,4700,1,0.30000000000000004,40528.27912902832,4700,1,0.30000000000000004,35610.74638366699,4700,1,0.30000000000000004,34180.24481201172,4700,1,0.30000000000000004,33666.806243896484,4700,1,0.30000000000000004,38290.562088012695,4700,1,0.30000000000000004,23636512.052581787,400,400,400,400,400,400,4691,400,400,400,4690,400,400,4690,400,400,400,400,4690,4690,400,4690,400,400,100,4.761904716491699,0,0,0,0,0,0,0,0,0,0,0,0,0,0,0,0,0,0,0,0,0,0,66480525312,2147479552,31915716608,0
99,1713877694184,101624.66891479492,4700,1,0.30000000000000004,35558.848709106445,4700,1,0.30000000000000004,92018.00521850586,4700,1,0.30000000000000004,40477.40347290039,4700,1,0.30000000000000004,42116.23654174805,4700,1,0.30000000000000004,39190.828704833984,4700,1,0.30000000000000004,39784.045974731445,4700,1,0.30000000000000004,40528.2822265625,4700,1,0.30000000000000004,35610.76150512695,4700,1,0.30000000000000004,34180.24638366699,4700,1,0.30000000000000004,33666.80781555176,4700,1,0.30000000000000004,38290.56365966797,4700,1,0.30000000000000004,23636515.63619995,400,400,400,400,400,400,4691,400,400,400,4690,400,400,4690,400,400,400,400,4690,4690,400,4690,400,400,100,4.761904716491699,0,0,0,0,0,0,0,0,0,0,0,0,0,0,0,0,0,0,0,0,0,0,66480525312,2147479552,32125251584,0
99,1713877694284,101625.15286254883,4700,1,0.30000000000000004,35558.85028076172,4700,1,0.30000000000000004,92018.00743103027,4700,1,0.30000000000000004,40477.407791137695,4700,1,0.30000000000000004,42116.23971557617,4700,1,0.30000000000000004,39190.83181762695,4700,1,0.30000000000000004,39784.049072265625,4700,1,0.30000000000000004,40528.28532409668,4700,1,0.30000000000000004,35610.7755279541,4700,1,0.30000000000000004,34180.24800109863,4700,1,0.30000000000000004,33666.80938720703,4700,1,0.30000000000000004,38290.56709289551,4700,1,0.30000000000000004,23636519.171203613,400,400,400,400,400,400,4691,400,400,400,4690,400,400,4690,400,400,400,400,4690,4690,400,4690,400,400,100,0,0,0,0,0,0,0,0,0,0,0,0,0,0,0,0,0,0,0,0,0,0,0,66480525312,2147479552,32334270464,0
99,1713877694384,101625.63780212402,4700,1,0.30000000000000004,35558.85185241699,4700,1,0.30000000000000004,92018.00929260254,4700,1,0.30000000000000004,40477.412109375,4700,1,0.30000000000000004,42116.24285888672,4700,1,0.30000000000000004,39190.83500671387,4700,1,0.30000000000000004,39784.05213928223,4700,1,0.30000000000000004,40528.28839111328,4700,1,0.30000000000000004,35610.784088134766,4700,1,0.30000000000000004,34180.249603271484,4700,1,0.30000000000000004,33666.810943603516,4700,1,0.30000000000000004,38290.56866455078,4700,1,0.30000000000000004,23636522.73803711,400,400,400,400,400,400,4691,400,400,400,4690,400,400,4690,400,400,400,400,4690,4690,400,4690,400,400,100,0,0,0,0,0,0,0,0,0,0,0,0,0,0,0,0,0,0,0,0,0,0,0,66480525312,2147479552,32544321536,0
99,1713877694484,101626.1220703125,4700,1,0.30000000000000004,35558.85340881348,4700,1,0.30000000000000004,92018.01174926758,4700,1,0.30000000000000004,40477.41635131836,4700,1,0.30000000000000004,42116.2459564209,4700,1,0.30000000000000004,39190.83819580078,4700,1,0.30000000000000004,39784.05531311035,4700,1,0.30000000000000004,40528.29154968262,4700,1,0.30000000000000004,35610.796798706055,4700,1,0.30000000000000004,34180.25117492676,4700,1,0.30000000000000004,33666.81251525879,4700,1,0.30000000000000004,38290.570220947266,4700,1,0.30000000000000004,23636526.270126343,400,400,400,400,400,400,4691,400,400,400,4690,400,400,4690,400,400,400,400,4690,4690,400,4690,400,400,100,0,0,0,0,0,0,0,0,0,0,0,0,0,0,0,0,0,0,0,0,0,0,0,66480525312,2147479552,32753856512,0
99,1713877694584,101626.60517883301,4700,1,0.30000000000000004,35558.85498046875,4700,1,0.30000000000000004,92018.01359558105,4700,1,0.30000000000000004,40477.42068481445,4700,1,0.30000000000000004,42116.249099731445,4700,1,0.30000000000000004,39190.84129333496,4700,1,0.30000000000000004,39784.058532714844,4700,1,0.30000000000000004,40528.2946472168,4700,1,0.30000000000000004,35610.80888366699,4700,1,0.30000000000000004,34180.254455566406,4700,1,0.30000000000000004,33666.81410217285,4700,1,0.30000000000000004,38290.573471069336,4700,1,0.30000000000000004,23636529.906921387,400,400,400,400,400,400,4691,400,400,400,4690,400,400,4690,400,400,400,400,4690,4690,400,4690,400,400,100,0,0,0,0,0,0,0,0,0,0,0,0,0,0,0,0,0,0,0,0,0,0,0,66480525312,2147479552,32963391488,0
99,1713877694684,101627.08795166016,4700,1,0.30000000000000004,35558.856689453125,4700,1,0.30000000000000004,92018.01556396484,4700,1,0.30000000000000004,40477.42556762695,4700,1,0.30000000000000004,42116.254653930664,4700,1,0.30000000000000004,39190.84523010254,4700,1,0.30000000000000004,39784.06163024902,4700,1,0.30000000000000004,40528.29774475098,4700,1,0.30000000000000004,35610.820556640625,4700,1,0.30000000000000004,34180.256118774414,4700,1,0.30000000000000004,33666.81575012207,4700,1,0.30000000000000004,38290.57504272461,4700,1,0.30000000000000004,23636533.506011963,400,400,400,400,400,400,4691,400,400,400,4690,400,400,4690,400,400,400,400,4690,4690,400,4690,400,400,100,0,0,0,0,0,0,0,0,0,0,0,0,0,0,0,0,0,0,0,0,0,0,0,66480525312,2147479552,33172668416,0
99,1713877694785,101627.57272338867,4700,1,0.29374999999999996,35558.858306884766,4700,1,0.30000000000000004,92018.01808166504,4700,1,0.30000000000000004,40477.42980957031,4700,1,0.30000000000000004,42116.25830078125,4700,1,0.30000000000000004,39190.84898376465,4700,1,0.30000000000000004,39784.067153930664,4700,1,0.30000000000000004,40528.30097961426,4700,1,0.30000000000000004,35610.83604431152,4700,1,0.30000000000000004,34180.25769042969,4700,1,0.30000000000000004,33666.817321777344,4700,1,0.30000000000000004,38290.57846069336,4700,1,0.30000000000000004,23636537.077026367,400,400,400,400,400,400,4691,400,400,400,4690,400,400,4690,400,400,400,400,4690,4690,400,4690,400,400,100,0,0,0,0,0,0,0,0,0,0,0,0,0,0,0,0,0,0,0,0,0,0,0,66480525312,2147479552,33382203392,0
99,1713877694885,101628.13423156738,4700,1,0.30000000000000004,35558.85987854004,4700,1,0.30000000000000004,92018.02029418945,4700,1,0.30000000000000004,40477.43354797363,4700,1,0.30000000000000004,42116.2615814209,4700,1,0.30000000000000004,39190.85220336914,4700,1,0.30000000000000004,39784.070373535156,4700,1,0.30000000000000004,40528.30418395996,4700,1,0.30000000000000004,35610.850814819336,4700,1,0.30000000000000004,34180.25932312012,4700,1,0.30000000000000004,33666.82069396973,4700,1,0.30000000000000004,38290.58009338379,4700,1,0.30000000000000004,23636540.84841919,400,400,400,400,400,400,4691,400,400,400,4690,400,400,4690,400,400,400,400,4690,4690,400,4690,400,400,100,0,0,0,0,0,0,0,0,0,0,0,0,0,4.761904716491699,0,0,0,0,0,0,0,0,0,66480525312,2147479552,31819137024,0
99,1713877694985,101628.72477722168,4700,1,0.30000000000000004,35558.86151123047,4700,1,0.30000000000000004,92018.02268981934,4700,1,0.30000000000000004,40477.4367980957,4700,1,0.30000000000000004,42116.26593017578,4700,1,0.30000000000000004,39190.855895996094,4700,1,0.30000000000000004,39784.07406616211,4700,1,0.30000000000000004,40528.30732727051,4700,1,0.30000000000000004,35610.86544799805,4700,1,0.30000000000000004,34180.26089477539,4700,1,0.30000000000000004,33666.822265625,4700,1,0.30000000000000004,38290.58349609375,4700,1,0.30000000000000004,23636544.69429016,400,400,400,400,400,400,4691,400,400,400,4690,400,400,4690,400,400,400,400,4690,4690,400,4690,400,400,100,0,0,0,0,0,0,0,0,0,0,0,0,0,4.761904716491699,0,0,0,0,0,0,0,0,0,66480525312,2147479552,29475135488,0
99,1713877695085,101629.32102966309,4700,1,0.30000000000000004,35558.86489868164,4700,1,0.30000000000000004,92018.02528381348,4700,1,0.30000000000000004,40477.440185546875,4700,1,0.30000000000000004,42116.26914978027,4700,1,0.30000000000000004,39190.859924316406,4700,1,0.30000000000000004,39784.07833862305,4700,1,0.30000000000000004,40528.31039428711,4700,1,0.30000000000000004,35610.87937927246,4700,1,0.30000000000000004,34180.262466430664,4700,1,0.30000000000000004,33666.82383728027,4700,1,0.30000000000000004,38290.5852355957,4700,1,0.30000000000000004,23636548.52555847,400,400,400,400,400,400,4691,400,400,400,4690,400,400,4690,400,400,400,400,4690,4690,400,4690,400,400,100,0,0,0,0,0,0,0,0,0,0,0,0,0,0,0,0,0,0,0,0,0,0,0,66480525312,2147479552,27116240896,0
99,1713877695185,101629.91595458984,4700,1,0.30000000000000004,35558.866455078125,4700,1,0.30000000000000004,92018.02745056152,4700,1,0.30000000000000004,40477.44346618652,4700,1,0.30000000000000004,42116.27227783203,4700,1,0.30000000000000004,39190.863037109375,4700,1,0.30000000000000004,39784.08143615723,4700,1,0.30000000000000004,40528.31349182129,4700,1,0.30000000000000004,35610.88771057129,4700,1,0.30000000000000004,34180.26402282715,4700,1,0.30000000000000004,33666.82719421387,4700,1,0.30000000000000004,38290.58679199219,4700,1,0.30000000000000004,23636552.401809692,400,400,400,400,400,400,4691,400,400,400,4690,400,400,4690,400,400,400,400,4690,4690,400,4690,400,400,100,0,0,0,0,0,0,0,0,0,0,0,0,0,0,0,0,0,0,0,0,0,0,0,66480525312,2147479552,24787959808,0
99,1713877695285,101630.51194763184,4700,1,0.30000000000000004,35558.8680267334,4700,1,0.30000000000000004,92018.02963256836,4700,1,0.30000000000000004,40477.44660949707,4700,1,0.30000000000000004,42116.27543640137,4700,1,0.30000000000000004,39190.866134643555,4700,1,0.30000000000000004,39784.084533691406,4700,1,0.30000000000000004,40528.31658935547,4700,1,0.30000000000000004,35610.89978027344,4700,1,0.30000000000000004,34180.26567077637,4700,1,0.30000000000000004,33666.82876586914,4700,1,0.30000000000000004,38290.58836364746,4700,1,0.30000000000000004,23636556.250061035,400,400,400,400,400,400,4691,400,400,400,4690,400,400,4690,400,400,400,400,4690,4690,400,4690,400,400,100,0,0,0,0,0,0,0,0,0,0,0,0,0,0,0,0,0,0,0,0,0,0,0,66480525312,2147479552,22440648704,0
99,1713877695385,101631.11318969727,4700,1,0.30000000000000004,35558.86961364746,4700,1,0.30000000000000004,92018.03182983398,4700,1,0.30000000000000004,40477.44975280762,4700,1,0.30000000000000004,42116.279205322266,4700,1,0.30000000000000004,39190.870513916016,4700,1,0.30000000000000004,39784.087631225586,4700,1,0.30000000000000004,40528.31970214844,4700,1,0.30000000000000004,35610.911544799805,4700,1,0.30000000000000004,34180.26728820801,4700,1,0.30000000000000004,33666.830337524414,4700,1,0.30000000000000004,38290.591873168945,4700,1,0.30000000000000004,23636560.112731934,400,400,400,400,400,400,4691,400,400,400,4690,400,400,4690,400,400,400,400,4690,4690,400,4690,400,400,100,0,0,0,0,0,0,0,0,0,0,0,0,0,0,0,0,0,0,0,0,0,0,0,66480525312,2147479552,20534751232,0
99,1713877695485,101631.60227966309,4700,1,0.30000000000000004,35558.871185302734,4700,1,0.30000000000000004,92018.03411865234,4700,1,0.30000000000000004,40477.45390319824,4700,1,0.30000000000000004,42116.282302856445,4700,1,0.30000000000000004,39190.87365722656,4700,1,0.30000000000000004,39784.090728759766,4700,1,0.30000000000000004,40528.322814941406,4700,1,0.30000000000000004,35610.92314147949,4700,1,0.30000000000000004,34180.26889038086,4700,1,0.30000000000000004,33666.83190917969,4700,1,0.30000000000000004,38290.59344482422,4700,1,0.30000000000000004,23636563.77922058,400,400,400,400,400,400,4691,400,400,400,4690,400,400,4690,400,400,400,400,4690,4690,400,4690,400,400,100,0,0,0,0,0,0,0,0,0,0,0,0,0,0,0,0,0,0,0,0,0,0,0,66480525312,2147479552,20697067520,0
99,1713877695585,101632.08157348633,4700,1,0.30000000000000004,35558.87275695801,4700,1,0.30000000000000004,92018.03601074219,4700,1,0.30000000000000004,40477.458251953125,4700,1,0.30000000000000004,42116.28544616699,4700,1,0.30000000000000004,39190.87675476074,4700,1,0.30000000000000004,39784.093978881836,4700,1,0.30000000000000004,40528.325912475586,4700,1,0.30000000000000004,35610.93780517578,4700,1,0.30000000000000004,34180.27230834961,4700,1,0.30000000000000004,33666.83348083496,4700,1,0.30000000000000004,38290.59669494629,4700,1,0.30000000000000004,23636567.392471313,400,400,400,400,400,400,4691,400,400,400,4690,400,400,4690,400,400,400,400,4690,4690,400,4690,400,400,100,0,0,0,0,0,0,0,0,0,0,0,0,0,0,0,0,0,0,0,0,0,0,0,66480525312,2147479552,20901441536,0
99,1713877695685,101632.55810546875,4700,1,0.30000000000000004,35558.874450683594,4700,1,0.30000000000000004,92018.03797912598,4700,1,0.30000000000000004,40477.462982177734,4700,1,0.30000000000000004,42116.28854370117,4700,1,0.30000000000000004,39190.88101196289,4700,1,0.30000000000000004,39784.09716796875,4700,1,0.30000000000000004,40528.329010009766,4700,1,0.30000000000000004,35610.95176696777,4700,1,0.30000000000000004,34180.27394104004,4700,1,0.30000000000000004,33666.83512878418,4700,1,0.30000000000000004,38290.59826660156,4700,1,0.30000000000000004,23636570.93598938,400,400,400,400,400,400,4691,400,400,400,4690,400,400,4690,400,400,400,400,4690,4690,400,4690,400,400,100,0,0,0,0,0,0,0,0,0,0,0,0,0,0,0,0,0,0,0,0,0,0,0,66480525312,2147479552,21107363840,0
99,1713877695785,101633.04151916504,4700,1,0.30000000000000004,35558.87602233887,4700,1,0.30000000000000004,92018.0403137207,4700,1,0.30000000000000004,40477.46748352051,4700,1,0.30000000000000004,42116.29161071777,4700,1,0.30000000000000004,39190.887786865234,4700,1,0.30000000000000004,39784.10023498535,4700,1,0.30000000000000004,40528.33415222168,4700,1,0.30000000000000004,35610.96469116211,4700,1,0.30000000000000004,34180.27551269531,4700,1,0.30000000000000004,33666.83670043945,4700,1,0.30000000000000004,38290.60174560547,4700,1,0.30000000000000004,23636574.548187256,400,400,400,400,400,400,4691,400,400,400,4690,400,400,4690,400,400,400,400,4690,4690,400,4690,400,400,100,0,0,0,0,0,0,0,0,0,0,0,0,0,0,0,0,0,0,0,0,0,0,0,66480525312,2147479552,21315866624,0
99,1713877695885,101633.52374267578,4700,1,0.30000000000000004,35558.87759399414,4700,1,0.30000000000000004,92018.04229736328,4700,1,0.30000000000000004,40477.47172546387,4700,1,0.30000000000000004,42116.29470825195,4700,1,0.30000000000000004,39190.89091491699,4700,1,0.30000000000000004,39784.10333251953,4700,1,0.30000000000000004,40528.33724975586,4700,1,0.30000000000000004,35610.97227478027,4700,1,0.30000000000000004,34180.2770690918,4700,1,0.30000000000000004,33666.83825683594,4700,1,0.30000000000000004,38290.60331726074,4700,1,0.30000000000000004,23636578.097702026,400,400,400,400,400,400,4691,400,400,400,4690,400,400,4690,400,400,400,400,4690,4690,400,4690,400,400,100,0,0,0,0,0,0,0,0,0,0,0,0,0,0,0,0,0,0,0,0,0,0,0,66480525312,2147479552,21522821120,0
99,1713877695985,101634.00675964355,4700,1,0.30000000000000004,35558.87919616699,4700,1,0.30000000000000004,92018.04446411133,4700,1,0.30000000000000004,40477.47611999512,4700,1,0.30000000000000004,42116.29913330078,4700,1,0.30000000000000004,39190.89750671387,4700,1,0.30000000000000004,39784.11073303223,4700,1,0.30000000000000004,40528.340408325195,4700,1,0.30000000000000004,35610.98472595215,4700,1,0.30000000000000004,34180.27870178223,4700,1,0.30000000000000004,33666.83985900879,4700,1,0.30000000000000004,38290.60487365723,4700,1,0.30000000000000004,23636581.605270386,400,400,400,400,400,400,4691,400,400,400,4690,400,400,4690,400,400,400,400,4690,4690,400,4690,400,400,100,0,0,0,0,0,0,0,0,0,0,0,0,0,0,0,0,0,0,0,0,0,0,0,66480525312,2147479552,21731323904,0
99,1713877696085,101634.4912109375,4700,1,0.30000000000000004,35558.880767822266,4700,1,0.30000000000000004,92018.04658508301,4700,1,0.30000000000000004,40477.48059082031,4700,1,0.30000000000000004,42116.30235290527,4700,1,0.30000000000000004,39190.90234375,4700,1,0.30000000000000004,39784.11392211914,4700,1,0.30000000000000004,40528.343505859375,4700,1,0.30000000000000004,35610.99644470215,4700,1,0.30000000000000004,34180.2802734375,4700,1,0.30000000000000004,33666.84143066406,4700,1,0.30000000000000004,38290.606506347656,4700,1,0.30000000000000004,23636585.14527893,400,400,400,400,400,400,4691,400,400,400,4690,400,400,4690,400,400,400,400,4690,4690,400,4690,400,400,100,0,0,0,0,0,0,0,0,0,0,0,0,0,0,0,0,0,0,0,0,0,0,0,66480525312,2147479552,21939826688,0
99,1713877696185,101634.97402954102,4700,1,0.30000000000000004,35558.88233947754,4700,1,0.30000000000000004,92018.04856872559,4700,1,0.30000000000000004,40477.48501586914,4700,1,0.30000000000000004,42116.30545043945,4700,1,0.30000000000000004,39190.90544128418,4700,1,0.30000000000000004,39784.11706542969,4700,1,0.30000000000000004,40528.346603393555,4700,1,0.30000000000000004,35611.00778198242,4700,1,0.30000000000000004,34180.28184509277,4700,1,0.30000000000000004,33666.84309387207,4700,1,0.30000000000000004,38290.6081237793,4700,1,0.30000000000000004,23636588.675323486,400,400,400,400,400,400,4691,400,400,400,4690,400,400,4690,400,400,400,400,4690,4690,400,4690,400,400,100,0,0,0,0,0,0,0,0,0,0,0,0,0,0,0,0,0,0,0,0,0,0,0,66480525312,2147479552,22147813376,0
99,1713877696285,101635.45886230469,4700,1,0.29374999999999996,35558.88391113281,4700,1,0.30000000000000004,92018.05085754395,4700,1,0.30000000000000004,40477.489822387695,4700,1,0.30000000000000004,42116.308654785156,4700,1,0.30000000000000004,39190.90853881836,4700,1,0.30000000000000004,39784.12016296387,4700,1,0.30000000000000004,40528.349700927734,4700,1,0.30000000000000004,35611.02262878418,4700,1,0.30000000000000004,34180.2834777832,4700,1,0.30000000000000004,33666.844665527344,4700,1,0.30000000000000004,38290.60969543457,4700,1,0.30000000000000004,23636592.220718384,400,400,400,400,400,400,4691,400,400,400,4690,400,400,4690,400,400,400,400,4690,4690,400,4690,400,400,100,0,0,0,0,0,0,0,0,0,0,0,0,0,0,0,0,0,0,0,0,0,0,0,66480525312,2147479552,22357348352,0
99,1713877696385,101635.93748474121,4700,1,0.30000000000000004,35558.885482788086,4700,1,0.30000000000000004,92018.05278015137,4700,1,0.30000000000000004,40477.49403381348,4700,1,0.30000000000000004,42116.3117980957,4700,1,0.30000000000000004,39190.911697387695,4700,1,0.30000000000000004,39784.12326049805,4700,1,0.30000000000000004,40528.352798461914,4700,1,0.30000000000000004,35611.03677368164,4700,1,0.30000000000000004,34180.285095214844,4700,1,0.30000000000000004,33666.84629821777,4700,1,0.30000000000000004,38290.611572265625,4700,1,0.30000000000000004,23636595.783584595,400,400,400,400,400,400,4691,400,400,400,4690,400,400,4690,400,400,400,400,4690,4690,400,4690,400,400,100,0,0,0,0,0,0,0,0,0,0,0,0,0,0,0,0,0,0,0,0,0,0,0,66480525312,2147479552,22566367232,0
99,1713877696486,101636.42025756836,4700,1,0.30000000000000004,35558.88705444336,4700,1,0.30000000000000004,92018.05490112305,4700,1,0.30000000000000004,40477.498275756836,4700,1,0.30000000000000004,42116.314865112305,4700,1,0.30000000000000004,39190.914810180664,4700,1,0.30000000000000004,39784.12635803223,4700,1,0.30000000000000004,40528.355895996094,4700,1,0.30000000000000004,35611.05029296875,4700,1,0.30000000000000004,34180.28666687012,4700,1,0.30000000000000004,33666.84786987305,4700,1,0.30000000000000004,38290.6131439209,4700,1,0.30000000000000004,23636599.360794067,400,400,400,400,400,400,4691,400,400,400,4690,400,400,4690,400,400,400,400,4690,4690,400,4690,400,400,100,0,0,0,0,0,0,0,0,0,0,0,0,0,0,0,0,0,0,0,0,0,0,0,66480525312,2147479552,22774870016,0
99,1713877696586,101636.90510559082,4700,1,0.30000000000000004,35558.88862609863,4700,1,0.30000000000000004,92018.05676269531,4700,1,0.30000000000000004,40477.502685546875,4700,1,0.30000000000000004,42116.31800842285,4700,1,0.30000000000000004,39190.917907714844,4700,1,0.30000000000000004,39784.12956237793,4700,1,0.30000000000000004,40528.358963012695,4700,1,0.30000000000000004,35611.06002807617,4700,1,0.30000000000000004,34180.289947509766,4700,1,0.30000000000000004,33666.84942626953,4700,1,0.30000000000000004,38290.61637878418,4700,1,0.30000000000000004,23636602.871002197,400,400,400,400,400,400,4691,400,400,400,4690,400,400,4690,400,400,400,400,4690,4690,400,4690,400,400,100,0,0,0,0,0,0,0,0,0,0,0,0,0,0,0,0,0,0,0,0,0,0,0,66480525312,2147479552,22983888896,0
99,1713877696686,101637.3885345459,4700,1,0.30000000000000004,35558.8903503418,4700,1,0.30000000000000004,92018.05865478516,4700,1,0.30000000000000004,40477.50698852539,4700,1,0.30000000000000004,42116.32354736328,4700,1,0.30000000000000004,39190.92192077637,4700,1,0.30000000000000004,39784.13270568848,4700,1,0.30000000000000004,40528.362060546875,4700,1,0.30000000000000004,35611.074447631836,4700,1,0.30000000000000004,34180.291595458984,4700,1,0.30000000000000004,33666.85107421875,4700,1,0.30000000000000004,38290.61799621582,4700,1,0.30000000000000004,23636606.34284973,400,400,400,400,400,400,4691,400,400,400,4690,400,400,4690,400,400,400,400,4690,4690,400,4690,400,400,100,0,0,0,0,0,0,0,0,0,0,0,0,0,0,0,0,0,0,0,0,0,0,0,66480525312,2147479552,23192907776,0
99,1713877696786,101637.8727722168,4700,1,0.30000000000000004,35558.89192199707,4700,1,0.30000000000000004,92018.06135559082,4700,1,0.30000000000000004,40477.51174926758,4700,1,0.30000000000000004,42116.32664489746,4700,1,0.30000000000000004,39190.926361083984,4700,1,0.30000000000000004,39784.135803222656,4700,1,0.30000000000000004,40528.3655090332,4700,1,0.30000000000000004,35611.08851623535,4700,1,0.30000000000000004,34180.29316711426,4700,1,0.30000000000000004,33666.85266113281,4700,1,0.30000000000000004,38290.61962890625,4700,1,0.30000000000000004,23636609.930160522,400,400,400,400,400,400,4691,400,400,400,4690,400,400,4690,400,400,400,400,4690,4690,400,4690,400,400,100,0,0,0,0,0,0,0,0,0,0,0,0,0,0,0,0,0,0,0,0,0,0,0,66480525312,2147479552,23402700800,0
99,1713877696886,101638.35737609863,4700,1,0.30000000000000004,35558.893493652344,4700,1,0.30000000000000004,92018.06350708008,4700,1,0.30000000000000004,40477.516036987305,4700,1,0.30000000000000004,42116.32974243164,4700,1,0.30000000000000004,39190.929458618164,4700,1,0.30000000000000004,39784.138900756836,4700,1,0.30000000000000004,40528.36860656738,4700,1,0.30000000000000004,35611.0997467041,4700,1,0.30000000000000004,34180.29473876953,4700,1,0.30000000000000004,33666.854232788086,4700,1,0.30000000000000004,38290.62120056152,4700,1,0.30000000000000004,23636613.468582153,400,400,400,400,400,400,4691,400,400,400,4690,400,400,4690,400,400,400,400,4690,4690,400,4690,400,400,100,0,0,0,0,0,0,0,0,0,0,0,0,0,0,0,0,0,0,0,0,0,0,0,66480525312,2147479552,23612235776,0
99,1713877696986,101638.8409576416,4700,1,0.30000000000000004,35558.89518737793,4700,1,0.30000000000000004,92018.06602478027,4700,1,0.30000000000000004,40477.520431518555,4700,1,0.30000000000000004,42116.33410644531,4700,1,0.30000000000000004,39190.934646606445,4700,1,0.30000000000000004,39784.142639160156,4700,1,0.30000000000000004,40528.37176513672,4700,1,0.30000000000000004,35611.11636352539,4700,1,0.30000000000000004,34180.296310424805,4700,1,0.30000000000000004,33666.85580444336,4700,1,0.30000000000000004,38290.62294006348,4700,1,0.30000000000000004,23636616.98838806,400,400,400,400,400,400,4691,400,400,400,4690,400,400,4690,400,400,400,400,4690,4690,400,4690,400,400,100,0,0,0,0,0,0,0,0,0,0,0,0,0,0,0,0,0,0,0,0,0,0,0,66480525312,2147479552,23821254656,0
99,1713877697086,101639.3243560791,4700,1,0.30000000000000004,35558.8967590332,4700,1,0.30000000000000004,92018.06814575195,4700,1,0.30000000000000004,40477.524810791016,4700,1,0.30000000000000004,42116.337326049805,4700,1,0.30000000000000004,39190.945556640625,4700,1,0.30000000000000004,39784.14581298828,4700,1,0.30000000000000004,40528.3748626709,4700,1,0.30000000000000004,35611.13204956055,4700,1,0.30000000000000004,34180.29788208008,4700,1,0.30000000000000004,33666.85737609863,4700,1,0.30000000000000004,38290.62484741211,4700,1,0.30000000000000004,23636620.543823242,400,400,400,400,400,400,4691,400,400,400,4690,400,400,4690,400,400,400,400,4690,4690,400,4690,400,400,100,0,0,0,0,0,0,0,0,0,0,0,0,0,0,0,0,0,0,0,4.761904716491699,0,0,0,66480525312,2147479552,24030273536,0
99,1713877697186,101639.80296325684,4700,1,0.30000000000000004,35558.89833068848,4700,1,0.30000000000000004,92018.07019042969,4700,1,0.30000000000000004,40477.5290222168,4700,1,0.30000000000000004,42116.34043884277,4700,1,0.30000000000000004,39190.94862365723,4700,1,0.30000000000000004,39784.14903259277,4700,1,0.30000000000000004,40528.37796020508,4700,1,0.30000000000000004,35611.14744567871,4700,1,0.30000000000000004,34180.2995300293,4700,1,0.30000000000000004,33666.85902404785,4700,1,0.30000000000000004,38290.626556396484,4700,1,0.30000000000000004,23636624.108901978,400,400,400,400,400,400,4691,400,400,400,4690,400,400,4690,400,400,400,400,4690,4690,400,4690,400,400,100,0,0,0,0,0,0,0,0,0,0,0,0,0,0,0,0,0,0,0,4.761904716491699,0,0,0,66480525312,2147479552,24239808512,0
99,1713877697286,101640.28649902344,4700,1,0.30000000000000004,35558.89990234375,4700,1,0.30000000000000004,92018.07302856445,4700,1,0.30000000000000004,40477.533767700195,4700,1,0.30000000000000004,42116.34359741211,4700,1,0.30000000000000004,39190.951721191406,4700,1,0.30000000000000004,39784.152099609375,4700,1,0.30000000000000004,40528.38102722168,4700,1,0.30000000000000004,35611.162521362305,4700,1,0.30000000000000004,34180.30116271973,4700,1,0.30000000000000004,33666.860595703125,4700,1,0.30000000000000004,38290.62812805176,4700,1,0.30000000000000004,23636627.69529724,400,400,400,400,400,400,4691,400,400,400,4690,400,400,4690,400,400,400,400,4690,4690,400,4690,400,400,100,0,0,0,0,0,0,0,0,0,0,0,0,0,0,0,0,0,0,0,4.761904716491699,0,0,0,66480525312,2147479552,24449343488,0
99,1713877697386,101640.77117919922,4700,1,0.30000000000000004,35558.901458740234,4700,1,0.30000000000000004,92018.07498168945,4700,1,0.30000000000000004,40477.537994384766,4700,1,0.30000000000000004,42116.34864807129,4700,1,0.30000000000000004,39190.95489501953,4700,1,0.30000000000000004,39784.155197143555,4700,1,0.30000000000000004,40528.38412475586,4700,1,0.30000000000000004,35611.17153930664,4700,1,0.30000000000000004,34180.30276489258,4700,1,0.30000000000000004,33666.86215209961,4700,1,0.30000000000000004,38290.63162231445,4700,1,0.30000000000000004,23636631.165725708,400,400,400,400,400,400,4691,400,400,400,4690,400,400,4690,400,400,400,400,4690,4690,400,4690,400,400,100,0,0,0,0,0,0,0,0,0,0,0,0,0,0,0,0,0,0,0,4.761904716491699,0,0,0,66480525312,2147479552,24658878464,0
99,1713877697486,101641.25610351563,4700,1,0.30000000000000004,35558.90310668945,4700,1,0.30000000000000004,92018.07731628418,4700,1,0.30000000000000004,40477.542236328125,4700,1,0.30000000000000004,42116.35174560547,4700,1,0.30000000000000004,39190.95803833008,4700,1,0.30000000000000004,39784.158294677734,4700,1,0.30000000000000004,40528.38722229004,4700,1,0.30000000000000004,35611.18501281738,4700,1,0.30000000000000004,34180.30433654785,4700,1,0.30000000000000004,33666.86372375488,4700,1,0.30000000000000004,38290.63327026367,4700,1,0.30000000000000004,23636634.73500061,400,400,400,400,400,400,4691,400,400,400,4690,400,400,4690,400,400,400,400,4690,4690,400,4690,400,400,100,0,0,0,0,0,0,0,0,0,0,0,0,0,0,0,0,0,0,0,5,0,0,0,66480525312,2147479552,24869445632,0
99,1713877697586,101641.740234375,4700,1,0.30000000000000004,35558.90467834473,4700,1,0.30000000000000004,92018.07936096191,4700,1,0.30000000000000004,40477.54658508301,4700,1,0.30000000000000004,42116.354888916016,4700,1,0.30000000000000004,39190.96113586426,4700,1,0.30000000000000004,39784.16146850586,4700,1,0.30000000000000004,40528.39031982422,4700,1,0.30000000000000004,35611.198150634766,4700,1,0.30000000000000004,34180.307708740234,4700,1,0.30000000000000004,33666.865295410156,4700,1,0.30000000000000004,38290.63652038574,4700,1,0.30000000000000004,23636638.280670166,400,400,400,400,400,400,4691,400,400,400,4690,400,400,4690,400,400,400,400,4690,4690,400,4690,400,400,100,0,0,0,0,0,0,0,0,0,0,0,0,0,0,0,0,0,0,0,5,0,0,0,66480525312,2147479552,25078464512,0
99,1713877697686,101642.22401428223,4700,1,0.30000000000000004,35558.90641784668,4700,1,0.30000000000000004,92018.08145141602,4700,1,0.30000000000000004,40477.55108642578,4700,1,0.30000000000000004,42116.357986450195,4700,1,0.30000000000000004,39190.9733581543,4700,1,0.30000000000000004,39784.164611816406,4700,1,0.30000000000000004,40528.3934173584,4700,1,0.30000000000000004,35611.21209716797,4700,1,0.30000000000000004,34180.309326171875,4700,1,0.30000000000000004,33666.866928100586,4700,1,0.30000000000000004,38290.638092041016,4700,1,0.30000000000000004,23636641.867477417,400,400,400,400,400,400,4691,400,400,400,4690,400,400,4690,400,400,400,400,4690,4690,400,4690,400,400,100,0,0,0,0,0,0,0,0,0,0,0,0,0,0,0,0,0,0,0,0,0,0,0,66480525312,2147479552,25287999488,0
99,1713877697786,101642.70861816406,4700,1,0.30000000000000004,35558.90913391113,4700,1,0.30000000000000004,92018.08451843262,4700,1,0.30000000000000004,40477.55647277832,4700,1,0.30000000000000004,42116.36112976074,4700,1,0.30000000000000004,39190.97645568848,4700,1,0.30000000000000004,39784.16780090332,4700,1,0.30000000000000004,40528.39651489258,4700,1,0.30000000000000004,35611.22839355469,4700,1,0.30000000000000004,34180.31089782715,4700,1,0.30000000000000004,33666.86849975586,4700,1,0.30000000000000004,38290.63975524902,4700,1,0.30000000000000004,23636645.41784668,400,400,400,400,400,400,4691,400,400,400,4690,400,400,4690,400,400,400,400,4690,4690,400,4690,400,400,100,0,0,0,0,0,0,0,0,0,0,0,0,0,0,0,0,0,0,0,0,0,0,0,66480525312,2147479552,25497792512,0
99,1713877697886,101643.18748474121,4700,1,0.30000000000000004,35558.910705566406,4700,1,0.30000000000000004,92018.08666992188,4700,1,0.30000000000000004,40477.56065368652,4700,1,0.30000000000000004,42116.36430358887,4700,1,0.30000000000000004,39190.981384277344,4700,1,0.30000000000000004,39784.1708984375,4700,1,0.30000000000000004,40528.39962768555,4700,1,0.30000000000000004,35611.244140625,4700,1,0.30000000000000004,34180.31246948242,4700,1,0.30000000000000004,33666.87007141113,4700,1,0.30000000000000004,38290.64164733887,4700,1,0.30000000000000004,23636649.024353027,400,400,400,400,400,400,4691,400,400,400,4690,400,400,4690,400,400,400,400,4690,4690,400,4690,400,400,100,0,0,0,0,0,0,0,0,0,0,0,0,0,0,0,0,0,0,0,4.761904716491699,0,0,0,66480525312,2147479552,25707327488,0
99,1713877697986,101643.67164611816,4700,1,0.30000000000000004,35558.912353515625,4700,1,0.30000000000000004,92018.08908081055,4700,1,0.30000000000000004,40477.56506347656,4700,1,0.30000000000000004,42116.36868286133,4700,1,0.30000000000000004,39190.98670959473,4700,1,0.30000000000000004,39784.17509460449,4700,1,0.30000000000000004,40528.402740478516,4700,1,0.30000000000000004,35611.25946044922,4700,1,0.30000000000000004,34180.314041137695,4700,1,0.30000000000000004,33666.871643066406,4700,1,0.30000000000000004,38290.643310546875,4700,1,0.30000000000000004,23636652.60470581,400,400,400,400,400,400,4691,400,400,400,4690,400,400,4690,400,400,400,400,4690,4690,400,4690,400,400,100,0,0,0,0,0,0,0,0,0,0,0,0,0,0,0,0,0,0,0,4.761904716491699,0,0,0,66480525312,2147479552,25916862464,0
99,1713877698086,101644.15454101563,4700,1,0.30000000000000004,35558.91532897949,4700,1,0.30000000000000004,92018.09135437012,4700,1,0.30000000000000004,40477.56948852539,4700,1,0.30000000000000004,42116.37196350098,4700,1,0.30000000000000004,39190.99084472656,4700,1,0.30000000000000004,39784.185974121094,4700,1,0.30000000000000004,40528.4059753418,4700,1,0.30000000000000004,35611.268478393555,4700,1,0.30000000000000004,34180.31571960449,4700,1,0.30000000000000004,33666.87431335449,4700,1,0.30000000000000004,38290.645095825195,4700,1,0.30000000000000004,23636656.261901855,400,400,400,400,400,400,4691,400,400,400,4690,400,400,4690,400,400,400,400,4690,4690,400,4690,400,400,100,0,0,0,0,0,0,0,0,0,0,0,0,0,0,0,0,4.761904716491699,0,0,4.761904716491699,0,0,0,66480525312,2147479552,26126397440,0
99,1713877698186,101644.6392364502,4700,1,0.30000000000000004,35558.91688537598,4700,1,0.30000000000000004,92018.09323120117,4700,1,0.30000000000000004,40477.57383728027,4700,1,0.30000000000000004,42116.37510681152,4700,1,0.30000000000000004,39190.99394226074,4700,1,0.30000000000000004,39784.18916320801,4700,1,0.30000000000000004,40528.409088134766,4700,1,0.30000000000000004,35611.282165527344,4700,1,0.30000000000000004,34180.317291259766,4700,1,0.30000000000000004,33666.87593078613,4700,1,0.30000000000000004,38290.64665222168,4700,1,0.30000000000000004,23636659.784240723,400,400,400,400,400,400,4691,400,400,400,4690,400,400,4690,400,400,400,400,4690,4690,400,4690,400,400,100,0,0,0,0,0,0,0,0,0,0,0,0,0,0,0,0,4.761904716491699,0,0,4.761904716491699,0,0,0,66480525312,2147479552,26335932416,0
99,1713877698287,101645.12283325195,4700,1,0.30000000000000004,35558.91845703125,4700,1,0.30000000000000004,92018.09555053711,4700,1,0.30000000000000004,40477.578842163086,4700,1,0.30000000000000004,42116.37829589844,4700,1,0.30000000000000004,39190.9972076416,4700,1,0.30000000000000004,39784.19226074219,4700,1,0.30000000000000004,40528.412185668945,4700,1,0.30000000000000004,35611.2950592041,4700,1,0.30000000000000004,34180.318908691406,4700,1,0.30000000000000004,33666.877502441406,4700,1,0.30000000000000004,38290.64822387695,4700,1,0.30000000000000004,23636663.357192993,400,400,400,400,400,400,4691,400,400,400,4690,400,400,4690,400,400,400,400,4690,4690,400,4690,400,400,100,0,0,0,0,0,0,0,0,0,0,0,0,0,0,0,0,0,0,0,5,0,0,0,66480525312,2147479552,26545467392,0
99,1713877698387,101645.60665893555,4700,1,0.30000000000000004,35558.92002868652,4700,1,0.30000000000000004,92018.09753417969,4700,1,0.30000000000000004,40477.583084106445,4700,1,0.30000000000000004,42116.38150024414,4700,1,0.30000000000000004,39191.00044250488,4700,1,0.30000000000000004,39784.19549560547,4700,1,0.30000000000000004,40528.415283203125,4700,1,0.30000000000000004,35611.30760192871,4700,1,0.30000000000000004,34180.32052612305,4700,1,0.30000000000000004,33666.87907409668,4700,1,0.30000000000000004,38290.65174865723,4700,1,0.30000000000000004,23636666.938308716,400,400,400,400,400,400,4691,400,400,400,4690,400,400,4690,400,400,400,400,4690,4690,400,4690,400,400,100,0,0,0,0,0,0,0,0,0,0,0,0,0,0,0,0,0,0,0,5,0,0,0,66480525312,2147479552,26754486272,0
99,1713877698487,101646.0905456543,4700,1,0.30000000000000004,35558.9216003418,4700,1,0.30000000000000004,92018.09973144531,4700,1,0.30000000000000004,40477.587341308594,4700,1,0.30000000000000004,42116.38459777832,4700,1,0.30000000000000004,39191.00358581543,4700,1,0.30000000000000004,39784.19859313965,4700,1,0.30000000000000004,40528.418380737305,4700,1,0.30000000000000004,35611.32339477539,4700,1,0.30000000000000004,34180.32209777832,4700,1,0.30000000000000004,33666.88064575195,4700,1,0.30000000000000004,38290.65342712402,4700,1,0.30000000000000004,23636670.53553772,400,400,400,400,400,400,4691,400,400,400,4690,400,400,4690,400,400,400,400,4690,4690,400,4690,400,400,100,0,0,0,0,0,0,0,0,0,0,0,0,0,0,0,0,0,0,0,4.761904716491699,0,0,0,66480525312,2147479552,26964537344,0
99,1713877698587,101646.56950378418,4700,1,0.30000000000000004,35558.92317199707,4700,1,0.30000000000000004,92018.10160827637,4700,1,0.30000000000000004,40477.59150695801,4700,1,0.30000000000000004,42116.3876953125,4700,1,0.30000000000000004,39191.00668334961,4700,1,0.30000000000000004,39784.20169067383,4700,1,0.30000000000000004,40528.421478271484,4700,1,0.30000000000000004,35611.33874511719,4700,1,0.30000000000000004,34180.32553100586,4700,1,0.30000000000000004,33666.88221740723,4700,1,0.30000000000000004,38290.656661987305,4700,1,0.30000000000000004,23636674.074249268,400,400,400,400,400,400,4691,400,400,400,4690,400,400,4690,400,400,400,400,4690,4690,400,4690,400,400,100,0,0,0,0,0,0,0,0,0,0,0,0,0,0,0,0,0,0,0,4.761904716491699,0,0,0,66480525312,2147479552,27173556224,0
99,1713877698687,101647.05335998535,4700,1,0.30000000000000004,35558.92485046387,4700,1,0.30000000000000004,92018.10357666016,4700,1,0.30000000000000004,40477.59603881836,4700,1,0.30000000000000004,42116.393325805664,4700,1,0.30000000000000004,39191.010498046875,4700,1,0.30000000000000004,39784.20495605469,4700,1,0.30000000000000004,40528.42710876465,4700,1,0.30000000000000004,35611.35336303711,4700,1,0.30000000000000004,34180.327224731445,4700,1,0.30000000000000004,33666.883865356445,4700,1,0.30000000000000004,38290.658279418945,4700,1,0.30000000000000004,23636677.681625366,400,400,400,400,400,400,4691,400,400,400,4690,400,400,4690,400,400,400,400,4690,4690,400,4690,400,400,100,0,0,0,0,0,0,0,0,0,0,0,0,0,0,0,0,0,0,0,0,0,0,0,66480525312,2147479552,27383607296,0
99,1713877698787,101647.53775024414,4700,1,0.30000000000000004,35558.92642211914,4700,1,0.30000000000000004,92018.10626220703,4700,1,0.30000000000000004,40477.60095214844,4700,1,0.30000000000000004,42116.397033691406,4700,1,0.30000000000000004,39191.01429748535,4700,1,0.30000000000000004,39784.20802307129,4700,1,0.30000000000000004,40528.43022155762,4700,1,0.30000000000000004,35611.363021850586,4700,1,0.30000000000000004,34180.32878112793,4700,1,0.30000000000000004,33666.88542175293,4700,1,0.30000000000000004,38290.65983581543,4700,1,0.30000000000000004,23636681.231521606,400,400,400,400,400,400,4691,400,400,400,4690,400,400,4690,400,400,400,400,4690,4690,400,4690,400,400,100,0,0,0,0,0,0,0,0,0,0,0,0,0,0,0,0,0,0,0,0,0,0,0,66480525312,2147479552,27592626176,0
99,1713877698887,101648.02076721191,4700,1,0.30000000000000004,35558.927978515625,4700,1,0.30000000000000004,92018.10832214355,4700,1,0.30000000000000004,40477.60543823242,4700,1,0.30000000000000004,42116.40022277832,4700,1,0.30000000000000004,39191.01739501953,4700,1,0.30000000000000004,39784.211181640625,4700,1,0.30000000000000004,40528.433349609375,4700,1,0.30000000000000004,35611.37644958496,4700,1,0.30000000000000004,34180.3303527832,4700,1,0.30000000000000004,33666.8869934082,4700,1,0.30000000000000004,38290.6614074707,4700,1,0.30000000000000004,23636684.815567017,400,400,400,400,400,400,4691,400,400,400,4690,400,400,4690,400,400,400,400,4690,4690,400,4690,400,400,100,0,0,0,0,0,0,0,0,0,0,0,0,0,0,0,0,0,0,0,5,0,0,0,66480525312,2147479552,27802161152,0
99,1713877698987,101648.5062713623,4700,1,0.30000000000000004,35558.94186401367,4700,1,0.30000000000000004,92018.1233215332,4700,1,0.30000000000000004,40477.63053894043,4700,1,0.30000000000000004,42116.41941833496,4700,1,0.30000000000000004,39191.03890991211,4700,1,0.30000000000000004,39784.232482910156,4700,1,0.30000000000000004,40528.45413208008,4700,1,0.30000000000000004,35611.401458740234,4700,1,0.30000000000000004,34180.34378051758,4700,1,0.30000000000000004,33666.89923095703,4700,1,0.30000000000000004,38290.671966552734,4700,1,0.30000000000000004,23636688.635116577,400,400,400,400,400,400,4691,400,400,400,4690,400,400,4690,400,400,400,400,4690,4690,400,4690,400,400,100,0,0,0,0,0,0,0,0,0,0,0,0,0,0,0,0,0,0,0,5,0,0,0,66480525312,2147479552,28011696128,0
99,1713877699087,101648.99075317383,4700,1,0.30000000000000004,35558.94348144531,4700,1,0.30000000000000004,92018.12565612793,4700,1,0.30000000000000004,40477.63488769531,4700,1,0.30000000000000004,42116.422622680664,4700,1,0.30000000000000004,39191.044357299805,4700,1,0.30000000000000004,39784.235580444336,4700,1,0.30000000000000004,40528.457290649414,4700,1,0.30000000000000004,35611.4139251709,4700,1,0.30000000000000004,34180.34535217285,4700,1,0.30000000000000004,33666.900802612305,4700,1,0.30000000000000004,38290.67366027832,4700,1,0.30000000000000004,23636692.201461792,400,400,400,400,400,400,4691,400,400,400,4690,400,400,4690,400,400,400,400,4690,4690,400,4690,400,400,100,0,0,0,0,0,0,0,0,0,0,0,0,0,0,0,0,0,0,0,4.761904716491699,0,0,0,66480525312,2147479552,28221231104,0
99,1713877699187,101649.47511291504,4700,1,0.29374999999999996,35558.94509887695,4700,1,0.30000000000000004,92018.12780761719,4700,1,0.30000000000000004,40477.6393737793,4700,1,0.30000000000000004,42116.425857543945,4700,1,0.30000000000000004,39191.047454833984,4700,1,0.30000000000000004,39784.23986816406,4700,1,0.30000000000000004,40528.460388183594,4700,1,0.30000000000000004,35611.43006896973,4700,1,0.30000000000000004,34180.346923828125,4700,1,0.30000000000000004,33666.903579711914,4700,1,0.30000000000000004,38290.67527770996,4700,1,0.30000000000000004,23636695.753372192,400,400,400,400,400,400,4691,400,400,400,4690,400,400,4690,400,400,400,400,4690,4690,400,4690,400,400,100,0,0,0,0,0,0,0,0,0,0,0,0,0,0,0,0,0,0,0,4.761904716491699,0,0,0,66480525312,2147479552,28430766080,0
99,1713877699287,101649.95909118652,4700,1,0.30000000000000004,35558.94676208496,4700,1,0.30000000000000004,92018.13017272949,4700,1,0.30000000000000004,40477.643951416016,4700,1,0.30000000000000004,42116.42901611328,4700,1,0.30000000000000004,39191.050552368164,4700,1,0.30000000000000004,39784.24296569824,4700,1,0.30000000000000004,40528.46348571777,4700,1,0.30000000000000004,35611.44541931152,4700,1,0.30000000000000004,34180.35037231445,4700,1,0.30000000000000004,33666.905197143555,4700,1,0.30000000000000004,38290.6768951416,4700,1,0.30000000000000004,23636699.318328857,400,400,400,400,400,400,4691,400,400,400,4690,400,400,4690,400,400,400,400,4690,4690,400,4690,400,400,100,0,0,0,0,0,0,0,0,0,0,0,0,0,0,0,0,0,0,0,4.761904716491699,0,0,0,66480525312,2147479552,28640301056,0
99,1713877699387,101650.4388885498,4700,1,0.30000000000000004,35558.9483795166,4700,1,0.30000000000000004,92018.13217163086,4700,1,0.30000000000000004,40477.64862060547,4700,1,0.30000000000000004,42116.43293762207,4700,1,0.30000000000000004,39191.05381774902,4700,1,0.30000000000000004,39784.24606323242,4700,1,0.30000000000000004,40528.46658325195,4700,1,0.30000000000000004,35611.46041870117,4700,1,0.30000000000000004,34180.351989746094,4700,1,0.30000000000000004,33666.90676879883,4700,1,0.30000000000000004,38290.67948913574,4700,1,0.30000000000000004,23636702.906295776,400,400,400,400,400,400,4691,400,400,400,4690,400,400,4690,400,400,400,400,4690,4690,400,4690,400,400,100,0,0,0,0,0,0,0,0,0,0,0,0,0,0,0,0,0,0,0,4.761904716491699,0,0,0,66480525312,2147479552,28849836032,0
99,1713877699487,101650.92315673828,4700,1,0.30000000000000004,35558.94999694824,4700,1,0.30000000000000004,92018.1344909668,4700,1,0.30000000000000004,40477.65293884277,4700,1,0.30000000000000004,42116.43603515625,4700,1,0.30000000000000004,39191.057693481445,4700,1,0.30000000000000004,39784.24913024902,4700,1,0.30000000000000004,40528.469650268555,4700,1,0.30000000000000004,35611.46942138672,4700,1,0.30000000000000004,34180.35356140137,4700,1,0.30000000000000004,33666.9083404541,4700,1,0.30000000000000004,38290.68125915527,4700,1,0.30000000000000004,23636706.445266724,400,400,400,400,400,400,4691,400,400,400,4690,400,400,4690,400,400,400,400,4690,4690,400,4690,400,400,100,0,0,0,0,0,0,0,0,0,0,0,0,0,0,0,0,0,0,0,5,0,0,0,66480525312,2147479552,29059371008,0
99,1713877699587,101651.40718078613,4700,1,0.30000000000000004,35558.951599121094,4700,1,0.30000000000000004,92018.13652038574,4700,1,0.30000000000000004,40477.65718078613,4700,1,0.30000000000000004,42116.43914794922,4700,1,0.30000000000000004,39191.060806274414,4700,1,0.30000000000000004,39784.2522277832,4700,1,0.30000000000000004,40528.472747802734,4700,1,0.30000000000000004,35611.48310852051,4700,1,0.30000000000000004,34180.35682678223,4700,1,0.30000000000000004,33666.909896850586,4700,1,0.30000000000000004,38290.68446350098,4700,1,0.30000000000000004,23636709.97894287,400,400,400,400,400,400,4691,400,400,400,4690,400,400,4690,400,400,400,400,4690,4690,400,4690,400,400,100,0,0,0,0,0,0,0,0,0,0,0,0,0,0,0,0,0,0,0,5,0,0,0,66480525312,2147479552,29269422080,0
99,1713877699687,101651.89155578613,4700,1,0.30000000000000004,35558.9532623291,4700,1,0.30000000000000004,92018.1385345459,4700,1,0.30000000000000004,40477.66148376465,4700,1,0.30000000000000004,42116.44233703613,4700,1,0.30000000000000004,39191.072845458984,4700,1,0.30000000000000004,39784.25549316406,4700,1,0.30000000000000004,40528.47834777832,4700,1,0.30000000000000004,35611.49629211426,4700,1,0.30000000000000004,34180.358489990234,4700,1,0.30000000000000004,33666.91246032715,4700,1,0.30000000000000004,38290.68614196777,4700,1,0.30000000000000004,23636713.57723999,400,400,400,400,400,400,4691,400,400,400,4690,400,400,4690,400,400,400,400,4690,4690,400,4690,400,400,100,0,0,0,0,0,0,0,0,0,0,0,0,0,0,0,0,0,0,0,0,0,0,0,66480525312,2147479552,29479460864,0
99,1713877699787,101652.37561035156,4700,1,0.30000000000000004,35558.954833984375,4700,1,0.30000000000000004,92018.14100646973,4700,1,0.30000000000000004,40477.66572570801,4700,1,0.30000000000000004,42116.44543457031,4700,1,0.30000000000000004,39191.075942993164,4700,1,0.30000000000000004,39784.25859069824,4700,1,0.30000000000000004,40528.4814453125,4700,1,0.30000000000000004,35611.50868225098,4700,1,0.30000000000000004,34180.36006164551,4700,1,0.30000000000000004,33666.91407775879,4700,1,0.30000000000000004,38290.6877746582,4700,1,0.30000000000000004,23636717.165649414,400,400,400,400,400,400,4691,400,400,400,4690,400,400,4690,400,400,400,400,4690,4690,400,4690,400,400,100,0,0,0,0,0,0,0,0,0,0,0,0,0,0,0,0,0,0,0,0,0,0,0,66480525312,2147479552,29688995840,0
99,1713877699887,101652.8588104248,4700,1,0.30000000000000004,35558.95640563965,4700,1,0.30000000000000004,92018.14318847656,4700,1,0.30000000000000004,40477.670486450195,4700,1,0.30000000000000004,42116.44853210449,4700,1,0.30000000000000004,39191.079040527344,4700,1,0.30000000000000004,39784.26168823242,4700,1,0.30000000000000004,40528.48454284668,4700,1,0.30000000000000004,35611.52439880371,4700,1,0.30000000000000004,34180.36167907715,4700,1,0.30000000000000004,33666.91564941406,4700,1,0.30000000000000004,38290.68934631348,4700,1,0.30000000000000004,23636720.82092285,400,400,400,400,400,400,4691,400,400,400,4690,400,400,4690,400,400,400,400,4690,4690,400,4690,400,400,100,0,0,0,0,0,0,0,0,0,0,0,0,0,0,0,0,0,0,0,0,0,0,0,66480525312,2147479552,29899046912,0
99,1713877699987,101653.3430480957,4700,1,0.30000000000000004,35558.95802307129,4700,1,0.30000000000000004,92018.14556884766,4700,1,0.30000000000000004,40477.674880981445,4700,1,0.30000000000000004,42116.45292663574,4700,1,0.30000000000000004,39191.083740234375,4700,1,0.30000000000000004,39784.26873779297,4700,1,0.30000000000000004,40528.48768615723,4700,1,0.30000000000000004,35611.53974914551,4700,1,0.30000000000000004,34180.36325073242,4700,1,0.30000000000000004,33666.917221069336,4700,1,0.30000000000000004,38290.69091796875,4700,1,0.30000000000000004,23636724.328796387,400,400,400,400,400,400,4691,400,400,400,4690,400,400,4690,400,400,400,400,4690,4690,400,4690,400,400,100,0,0,0,0,0,0,0,0,0,0,0,0,0,0,0,0,0,0,0,0,0,0,0,66480525312,2147479552,30108581888,0
99,1713877700088,101653.82275390625,4700,1,0.30000000000000004,35558.95959472656,4700,1,0.30000000000000004,92018.14784240723,4700,1,0.30000000000000004,40477.67918395996,4700,1,0.30000000000000004,42116.45608520508,4700,1,0.30000000000000004,39191.08874511719,4700,1,0.30000000000000004,39784.27183532715,4700,1,0.30000000000000004,40528.490783691406,4700,1,0.30000000000000004,35611.55447387695,4700,1,0.30000000000000004,34180.364822387695,4700,1,0.30000000000000004,33666.91879272461,4700,1,0.30000000000000004,38290.69256591797,4700,1,0.30000000000000004,23636727.86642456,400,400,400,400,400,400,4691,400,400,400,4690,400,400,4690,400,400,400,400,4690,4690,400,4690,400,400,100,0,0,0,0,0,0,0,0,0,0,0,0,0,0,0,0,0,0,0,0,0,0,0,66480525312,2147479552,30318116864,0
99,1713877700188,101654.30624389648,4700,1,0.30000000000000004,35558.961166381836,4700,1,0.30000000000000004,92018.14991760254,4700,1,0.30000000000000004,40477.68344116211,4700,1,0.30000000000000004,42116.45928955078,4700,1,0.30000000000000004,39191.09181213379,4700,1,0.30000000000000004,39784.27522277832,4700,1,0.30000000000000004,40528.49385070801,4700,1,0.30000000000000004,35611.5637512207,4700,1,0.30000000000000004,34180.36639404297,4700,1,0.30000000000000004,33666.92199707031,4700,1,0.30000000000000004,38290.69418334961,4700,1,0.30000000000000004,23636731.48512268,400,400,400,400,400,400,4691,400,400,400,4690,400,400,4690,400,400,400,400,4690,4690,400,4690,400,400,100,0,0,0,0,0,0,0,0,0,0,0,0,0,0,0,0,0,0,0,0,0,0,0,66480525312,2147479552,30527651840,0
99,1713877700288,101654.78987121582,4700,1,0.30000000000000004,35558.96273803711,4700,1,0.30000000000000004,92018.15229797363,4700,1,0.30000000000000004,40477.68771362305,4700,1,0.30000000000000004,42116.462493896484,4700,1,0.30000000000000004,39191.09492492676,4700,1,0.30000000000000004,39784.27833557129,4700,1,0.30000000000000004,40528.49694824219,4700,1,0.30000000000000004,35611.57704162598,4700,1,0.30000000000000004,34180.36801147461,4700,1,0.30000000000000004,33666.923599243164,4700,1,0.30000000000000004,38290.695739746094,4700,1,0.30000000000000004,23636735.128829956,400,400,400,400,400,400,4691,400,400,400,4690,400,400,4690,400,400,400,400,4690,4690,400,4690,400,400,100,0,0,0,0,0,0,0,0,0,0,0,0,0,0,0,0,0,0,0,0,0,0,0,66480525312,2147479552,30737702912,0
99,1713877700388,101655.2737121582,4700,1,0.30000000000000004,35558.964294433594,4700,1,0.30000000000000004,92018.15431213379,4700,1,0.30000000000000004,40477.69250488281,4700,1,0.30000000000000004,42116.46563720703,4700,1,0.30000000000000004,39191.09809875488,4700,1,0.30000000000000004,39784.281494140625,4700,1,0.30000000000000004,40528.50248718262,4700,1,0.30000000000000004,35611.590423583984,4700,1,0.30000000000000004,34180.36964416504,4700,1,0.30000000000000004,33666.92517089844,4700,1,0.30000000000000004,38290.69731140137,4700,1,0.30000000000000004,23636738.667938232,400,400,400,400,400,400,4691,400,400,400,4690,400,400,4690,400,400,400,400,4690,4690,400,4690,400,400,100,0,0,0,0,0,0,0,0,0,0,0,0,0,0,0,0,0,0,0,0,0,0,0,66480525312,2147479552,30947237888,0
99,1713877700488,101655.75798034668,4700,1,0.30000000000000004,35558.96586608887,4700,1,0.30000000000000004,92018.1566619873,4700,1,0.30000000000000004,40477.69674682617,4700,1,0.30000000000000004,42116.46873474121,4700,1,0.30000000000000004,39191.10124206543,4700,1,0.30000000000000004,39784.284591674805,4700,1,0.30000000000000004,40528.5055847168,4700,1,0.30000000000000004,35611.60264587402,4700,1,0.30000000000000004,34180.37121582031,4700,1,0.30000000000000004,33666.92674255371,4700,1,0.30000000000000004,38290.6989440918,4700,1,0.30000000000000004,23636742.235565186,400,400,400,400,400,400,4691,400,400,400,4690,400,400,4690,400,400,400,400,4690,4690,400,4690,400,400,100,0,0,0,0,0,0,0,0,0,0,0,0,0,0,0,0,0,0,0,0,0,0,0,66480525312,2147479552,31156772864,0
99,1713877700588,101656.24183654785,4700,1,0.30000000000000004,35558.96743774414,4700,1,0.30000000000000004,92018.1584777832,4700,1,0.30000000000000004,40477.70100402832,4700,1,0.30000000000000004,42116.47183227539,4700,1,0.30000000000000004,39191.10433959961,4700,1,0.30000000000000004,39784.287689208984,4700,1,0.30000000000000004,40528.50868225098,4700,1,0.30000000000000004,35611.6145324707,4700,1,0.30000000000000004,34180.37434387207,4700,1,0.30000000000000004,33666.928314208984,4700,1,0.30000000000000004,38290.70056152344,4700,1,0.30000000000000004,23636745.838256836,400,400,400,400,400,400,4691,400,400,400,4690,400,400,4690,400,400,400,400,4690,4690,400,4690,400,400,100,0,0,0,0,0,0,0,0,0,0,0,0,0,0,0,0,0,0,0,0,0,0,0,66480525312,2147479552,31366823936,0
99,1713877700688,101656.72581481934,4700,1,0.30000000000000004,35558.969161987305,4700,1,0.30000000000000004,92018.1604309082,4700,1,0.30000000000000004,40477.705322265625,4700,1,0.30000000000000004,42116.47741699219,4700,1,0.30000000000000004,39191.108337402344,4700,1,0.30000000000000004,39784.291931152344,4700,1,0.30000000000000004,40528.511779785156,4700,1,0.30000000000000004,35611.62956237793,4700,1,0.30000000000000004,34180.37596130371,4700,1,0.30000000000000004,33666.93032836914,4700,1,0.30000000000000004,38290.70213317871,4700,1,0.30000000000000004,23636749.423675537,400,400,400,400,400,400,4691,400,400,400,4690,400,400,4690,400,400,400,400,4690,4690,400,4690,400,400,100,0,0,0,0,0,0,0,0,0,0,0,0,0,0,0,0,0,0,0,0,0,0,0,66480525312,2147479552,31576358912,0
99,1713877700788,101657.2045135498,4700,1,0.30000000000000004,35558.97073364258,4700,1,0.30000000000000004,92018.16287231445,4700,1,0.30000000000000004,40477.70965576172,4700,1,0.30000000000000004,42116.48051452637,4700,1,0.30000000000000004,39191.11233520508,4700,1,0.30000000000000004,39784.29502868652,4700,1,0.30000000000000004,40528.51524353027,4700,1,0.30000000000000004,35611.645095825195,4700,1,0.30000000000000004,34180.377532958984,4700,1,0.30000000000000004,33666.93194580078,4700,1,0.30000000000000004,38290.703704833984,4700,1,0.30000000000000004,23636752.98791504,400,400,400,400,400,400,4691,400,400,400,4690,400,400,4690,400,400,400,400,4690,4690,400,4690,400,400,100,0,0,0,0,0,0,0,0,0,0,0,0,0,0,0,0,0,0,0,0,0,0,0,66480525312,2147479552,31785377792,0
99,1713877700888,101657.6886138916,4700,1,0.30000000000000004,35558.97230529785,4700,1,0.30000000000000004,92018.16477966309,4700,1,0.30000000000000004,40477.714431762695,4700,1,0.30000000000000004,42116.483627319336,4700,1,0.30000000000000004,39191.11540222168,4700,1,0.30000000000000004,39784.2981262207,4700,1,0.30000000000000004,40528.51834106445,4700,1,0.30000000000000004,35611.65933227539,4700,1,0.30000000000000004,34180.379165649414,4700,1,0.30000000000000004,33666.933517456055,4700,1,0.30000000000000004,38290.70527648926,4700,1,0.30000000000000004,23636756.588180542,400,400,400,400,400,400,4691,400,400,400,4690,400,400,4690,400,400,400,400,4690,4690,400,4690,400,400,100,0,0,0,0,0,0,0,0,0,0,0,0,0,0,0,0,0,0,0,0,0,0,0,66480525312,2147479552,31995428864,0
99,1713877700988,101658.17259216309,4700,1,0.30000000000000004,35558.97396850586,4700,1,0.30000000000000004,92018.16705322266,4700,1,0.30000000000000004,40477.71885681152,4700,1,0.30000000000000004,42116.48678588867,4700,1,0.30000000000000004,39191.11930847168,4700,1,0.30000000000000004,39784.301818847656,4700,1,0.30000000000000004,40528.52153015137,4700,1,0.30000000000000004,35611.66784667969,4700,1,0.30000000000000004,34180.3807220459,4700,1,0.30000000000000004,33666.935119628906,4700,1,0.30000000000000004,38290.70690917969,4700,1,0.30000000000000004,23636760.17375183,400,400,400,400,400,400,4691,400,400,400,4690,400,400,4690,400,400,400,400,4690,4690,400,4690,400,400,100,0,0,0,0,0,0,0,0,0,0,0,0,0,0,0,0,0,0,0,0,0,0,0,66480525312,2147479552,32204963840,0
99,1713877701088,101658.65632629395,4700,1,0.30000000000000004,35558.975524902344,4700,1,0.30000000000000004,92018.16918945313,4700,1,0.30000000000000004,40477.72319030762,4700,1,0.30000000000000004,42116.489990234375,4700,1,0.30000000000000004,39191.122802734375,4700,1,0.30000000000000004,39784.304916381836,4700,1,0.30000000000000004,40528.524642944336,4700,1,0.30000000000000004,35611.6806640625,4700,1,0.30000000000000004,34180.38229370117,4700,1,0.30000000000000004,33666.93669128418,4700,1,0.30000000000000004,38290.70861816406,4700,1,0.30000000000000004,23636763.713974,400,400,400,400,400,400,4691,400,400,400,4690,400,400,4690,400,400,400,400,4690,4690,400,4690,400,400,100,0,0,0,0,0,0,0,0,0,0,0,0,0,0,0,0,0,0,0,0,0,0,0,66480525312,2147479552,32414498816,0
99,1713877701188,101659.14096069336,4700,1,0.30000000000000004,35558.97709655762,4700,1,0.30000000000000004,92018.17109680176,4700,1,0.30000000000000004,40477.727447509766,4700,1,0.30000000000000004,42116.493225097656,4700,1,0.30000000000000004,39191.125900268555,4700,1,0.30000000000000004,39784.30813598633,4700,1,0.30000000000000004,40528.527740478516,4700,1,0.30000000000000004,35611.692932128906,4700,1,0.30000000000000004,34180.383865356445,4700,1,0.30000000000000004,33666.939361572266,4700,1,0.30000000000000004,38290.710205078125,4700,1,0.30000000000000004,23636767.299102783,400,400,400,400,400,400,4691,400,400,400,4690,400,400,4690,400,400,400,400,4690,4690,400,4690,400,400,100,0,0,0,0,0,0,0,0,0,0,0,0,0,0,0,0,0,0,0,0,0,0,0,66480525312,2147479552,32624549888,0
99,1713877701288,101659.62509155273,4700,1,0.30000000000000004,35558.97866821289,4700,1,0.30000000000000004,92018.1734161377,4700,1,0.30000000000000004,40477.731704711914,4700,1,0.30000000000000004,42116.49638366699,4700,1,0.30000000000000004,39191.128997802734,4700,1,0.30000000000000004,39784.31123352051,4700,1,0.30000000000000004,40528.530838012695,4700,1,0.30000000000000004,35611.704528808594,4700,1,0.30000000000000004,34180.385498046875,4700,1,0.30000000000000004,33666.940979003906,4700,1,0.30000000000000004,38290.711822509766,4700,1,0.30000000000000004,23636770.902648926,400,400,400,400,400,400,4691,400,400,400,4690,400,400,4690,400,400,400,400,4690,4690,400,4690,400,400,100,0,0,0,0,0,0,0,0,0,0,0,0,0,0,0,0,0,0,0,0,0,0,0,66480525312,2147479552,32834600960,0
99,1713877701388,101660.1089630127,4700,1,0.30000000000000004,35558.980239868164,4700,1,0.30000000000000004,92018.17538452148,4700,1,0.30000000000000004,40477.73649597168,4700,1,0.30000000000000004,42116.50158691406,4700,1,0.30000000000000004,39191.13215637207,4700,1,0.30000000000000004,39784.31433105469,4700,1,0.30000000000000004,40528.533935546875,4700,1,0.30000000000000004,35611.71971130371,4700,1,0.30000000000000004,34180.387115478516,4700,1,0.30000000000000004,33666.94255065918,4700,1,0.30000000000000004,38290.71339416504,4700,1,0.30000000000000004,23636774.538269043,400,400,400,400,400,400,4691,400,400,400,4690,400,400,4690,400,400,400,400,4690,4690,400,4690,400,400,100,0,0,0,0,0,0,0,0,0,0,0,0,0,0,0,0,0,0,0,0,0,0,0,66480525312,2147479552,33044135936,0
99,1713877701488,101660.5922241211,4700,1,0.30000000000000004,35558.98181152344,4700,1,0.30000000000000004,92018.17753601074,4700,1,0.30000000000000004,40477.74075317383,4700,1,0.30000000000000004,42116.50468444824,4700,1,0.30000000000000004,39191.13529968262,4700,1,0.30000000000000004,39784.31742858887,4700,1,0.30000000000000004,40528.537033081055,4700,1,0.30000000000000004,35611.734298706055,4700,1,0.30000000000000004,34180.38868713379,4700,1,0.30000000000000004,33666.94412231445,4700,1,0.30000000000000004,38290.71504211426,4700,1,0.30000000000000004,23636778.169311523,400,400,400,400,400,400,4691,400,400,400,4690,400,400,4690,400,400,400,400,4690,4690,400,4690,400,400,100,0,0,0,0,0,0,0,0,0,0,0,0,0,0,0,0,0,0,0,0,0,0,0,66480525312,2147479552,33253670912,0
99,1713877701588,101661.07803344727,4700,1,0.30000000000000004,35558.98338317871,4700,1,0.30000000000000004,92018.17977905273,4700,1,0.30000000000000004,40477.7449798584,4700,1,0.30000000000000004,42116.507751464844,4700,1,0.30000000000000004,39191.13845825195,4700,1,0.30000000000000004,39784.32189941406,4700,1,0.30000000000000004,40528.54161071777,4700,1,0.30000000000000004,35611.748626708984,4700,1,0.30000000000000004,34180.39189147949,4700,1,0.30000000000000004,33666.94674682617,4700,1,0.30000000000000004,38290.716720581055,4700,1,0.30000000000000004,23636781.82411194,400,400,400,400,400,400,4691,400,400,400,4690,400,400,4690,400,400,400,400,4690,4690,400,4690,400,400,100,0,0,0,0,0,0,0,0,0,0,0,0,0,0,0,0,0,0,0,0,0,0,0,66480525312,2147479552,33269219328,0
99,1713877701688,101661.67413330078,4700,1,0.30000000000000004,35558.98515319824,4700,1,0.30000000000000004,92018.18212890625,4700,1,0.30000000000000004,40477.74833679199,4700,1,0.30000000000000004,42116.511001586914,4700,1,0.30000000000000004,39191.14842224121,4700,1,0.30000000000000004,39784.32508850098,4700,1,0.30000000000000004,40528.5447845459,4700,1,0.30000000000000004,35611.75686645508,4700,1,0.30000000000000004,34180.39350891113,4700,1,0.30000000000000004,33666.94836425781,4700,1,0.30000000000000004,38290.71829223633,4700,1,0.30000000000000004,23636785.749786377,400,400,400,400,400,400,4691,400,400,400,4690,400,400,4690,400,400,400,400,4690,4690,400,4690,400,400,100,0,0,0,0,0,0,0,0,0,0,0,0,0,0,0,0,0,0,0,0,0,0,0,66480525312,2147479552,30909083648,0
99,1713877701789,101662.26974487305,4700,1,0.30000000000000004,35558.987228393555,4700,1,0.30000000000000004,92018.18455505371,4700,1,0.30000000000000004,40477.75151062012,4700,1,0.30000000000000004,42116.514099121094,4700,1,0.30000000000000004,39191.15153503418,4700,1,0.30000000000000004,39784.32830810547,4700,1,0.30000000000000004,40528.54788208008,4700,1,0.30000000000000004,35611.76988220215,4700,1,0.30000000000000004,34180.39506530762,4700,1,0.30000000000000004,33666.949966430664,4700,1,0.30000000000000004,38290.720794677734,4700,1,0.30000000000000004,23636789.621887207,400,400,400,400,400,400,4691,400,400,400,4690,400,400,4690,400,400,400,400,4690,4690,400,4690,400,400,100,0,0,0,0,0,0,0,0,0,0,0,0,0,0,0,0,0,0,0,0,0,0,0,66480525312,2147479552,28564123648,0
99,1713877701889,101662.86631774902,4700,1,0.30000000000000004,35558.98880004883,4700,1,0.30000000000000004,92018.18661499023,4700,1,0.30000000000000004,40477.75469970703,4700,1,0.30000000000000004,42116.51719665527,4700,1,0.30000000000000004,39191.15463256836,4700,1,0.30000000000000004,39784.33140563965,4700,1,0.30000000000000004,40528.55099487305,4700,1,0.30000000000000004,35611.781997680664,4700,1,0.30000000000000004,34180.396713256836,4700,1,0.30000000000000004,33666.95155334473,4700,1,0.30000000000000004,38290.72331237793,4700,1,0.30000000000000004,23636793.56236267,400,400,400,400,400,400,4691,400,400,400,4690,400,400,4690,400,400,400,400,4690,4690,400,4690,400,400,100,0,0,0,0,0,0,0,0,0,0,0,0,0,0,0,0,0,0,0,0,0,0,0,66480525312,2147479552,26216812544,0
99,1713877701989,101663.4626159668,4700,1,0.30000000000000004,35558.99041748047,4700,1,0.30000000000000004,92018.18922424316,4700,1,0.30000000000000004,40477.758041381836,4700,1,0.30000000000000004,42116.521392822266,4700,1,0.30000000000000004,39191.15798950195,4700,1,0.30000000000000004,39784.33622741699,4700,1,0.30000000000000004,40528.554138183594,4700,1,0.30000000000000004,35611.79405212402,4700,1,0.30000000000000004,34180.39828491211,4700,1,0.30000000000000004,33666.953125,4700,1,0.30000000000000004,38290.7248840332,4700,1,0.30000000000000004,23636797.533737183,400,400,400,400,400,400,4691,400,400,400,4690,400,400,4690,400,400,400,400,4690,4690,400,4690,400,400,100,0,0,0,0,0,0,0,0,0,0,0,0,0,0,0,0,0,0,0,0,0,0,0,66480525312,2147479552,23874879488,0
99,1713877702089,101664.05793762207,4700,1,0.30000000000000004,35558.993392944336,4700,1,0.30000000000000004,92018.19146728516,4700,1,0.30000000000000004,40477.76155090332,4700,1,0.30000000000000004,42116.52473449707,4700,1,0.30000000000000004,39191.16130065918,4700,1,0.30000000000000004,39784.34664916992,4700,1,0.30000000000000004,40528.557357788086,4700,1,0.30000000000000004,35611.80534362793,4700,1,0.30000000000000004,34180.40092468262,4700,1,0.30000000000000004,33666.9557800293,4700,1,0.30000000000000004,38290.7276763916,4700,1,0.30000000000000004,23636801.370025635,400,400,400,400,400,400,4691,400,400,400,4690,400,400,4690,400,400,400,400,4690,4690,400,4690,400,400,100,0,0,0,0,0,0,0,4.761904716491699,0,0,0,0,0,0,0,0,0,0,0,0,0,0,0,66480525312,2147479552,21532946432,0
99,1713877702189,101664.62504577637,4700,1,0.30000000000000004,35558.99496459961,4700,1,0.30000000000000004,92018.19360351563,4700,1,0.30000000000000004,40477.765075683594,4700,1,0.30000000000000004,42116.52793884277,4700,1,0.30000000000000004,39191.16439819336,4700,1,0.30000000000000004,39784.349838256836,4700,1,0.30000000000000004,40528.560455322266,4700,1,0.30000000000000004,35611.8200378418,4700,1,0.30000000000000004,34180.40249633789,4700,1,0.30000000000000004,33666.95739746094,4700,1,0.30000000000000004,38290.729248046875,4700,1,0.30000000000000004,23636805.228286743,400,400,400,400,400,400,4691,400,400,400,4690,400,400,4690,400,400,400,400,4690,4690,400,4690,400,400,100,0,0,0,0,0,0,0,4.761904716491699,0,0,0,0,0,0,0,0,0,0,0,0,0,0,0,66480525312,2147479552,20572921856,0
99,1713877702289,101665.09838867188,4700,1,0.30000000000000004,35558.99653625488,4700,1,0.30000000000000004,92018.1957397461,4700,1,0.30000000000000004,40477.769302368164,4700,1,0.30000000000000004,42116.53114318848,4700,1,0.30000000000000004,39191.16749572754,4700,1,0.30000000000000004,39784.352935791016,4700,1,0.30000000000000004,40528.563552856445,4700,1,0.30000000000000004,35611.83381652832,4700,1,0.30000000000000004,34180.40412902832,4700,1,0.30000000000000004,33666.95901489258,4700,1,0.30000000000000004,38290.73081970215,4700,1,0.30000000000000004,23636808.980117798,400,400,400,400,400,400,4691,400,400,400,4690,400,400,4690,400,400,400,400,4690,4690,400,4690,400,400,100,0,0,0,0,0,0,0,0,0,0,0,0,0,0,0,0,0,0,0,0,0,0,0,66480525312,2147479552,20776779776,0
99,1713877702389,101665.57933044434,4700,1,0.30000000000000004,35558.998107910156,4700,1,0.30000000000000004,92018.19757080078,4700,1,0.30000000000000004,40477.773696899414,4700,1,0.30000000000000004,42116.534255981445,4700,1,0.30000000000000004,39191.1706237793,4700,1,0.30000000000000004,39784.35600280762,4700,1,0.30000000000000004,40528.56661987305,4700,1,0.30000000000000004,35611.84226989746,4700,1,0.30000000000000004,34180.40574645996,4700,1,0.30000000000000004,33666.96058654785,4700,1,0.30000000000000004,38290.73388671875,4700,1,0.30000000000000004,23636812.6116333,400,400,400,400,400,400,4691,400,400,400,4690,400,400,4690,400,400,400,400,4690,4690,400,4690,400,400,100,0,0,0,0,0,0,0,0,0,0,0,0,0,0,0,0,0,0,0,0,0,0,0,66480525312,2147479552,20981669888,0
99,1713877702489,101666.06034851074,4700,1,0.30000000000000004,35558.99967956543,4700,1,0.30000000000000004,92018.19985961914,4700,1,0.30000000000000004,40477.778381347656,4700,1,0.30000000000000004,42116.537353515625,4700,1,0.30000000000000004,39191.17378234863,4700,1,0.30000000000000004,39784.3591003418,4700,1,0.30000000000000004,40528.56971740723,4700,1,0.30000000000000004,35611.855072021484,4700,1,0.30000000000000004,34180.407302856445,4700,1,0.30000000000000004,33666.9621887207,4700,1,0.30000000000000004,38290.7354888916,4700,1,0.30000000000000004,23636816.178985596,400,400,400,400,400,400,4691,400,400,400,4690,400,400,4690,400,400,400,400,4690,4690,400,4690,400,400,100,0,0,0,0,0,0,0,0,0,0,0,0,0,0,0,0,0,0,0,0,0,0,0,66480525312,2147479552,21187592192,0
99,1713877702589,101666.5425415039,4700,1,0.30000000000000004,35559.001235961914,4700,1,0.30000000000000004,92018.20166015625,4700,1,0.30000000000000004,40477.782623291016,4700,1,0.30000000000000004,42116.540451049805,4700,1,0.30000000000000004,39191.17687988281,4700,1,0.30000000000000004,39784.36219787598,4700,1,0.30000000000000004,40528.572830200195,4700,1,0.30000000000000004,35611.86740112305,4700,1,0.30000000000000004,34180.410415649414,4700,1,0.30000000000000004,33666.96376037598,4700,1,0.30000000000000004,38290.73710632324,4700,1,0.30000000000000004,23636819.755844116,400,400,400,400,400,400,4691,400,400,400,4690,400,400,4690,400,400,400,400,4690,4690,400,4690,400,400,100,0,0,0,0,0,0,0,0,0,0,0,0,0,0,0,0,0,0,0,0,0,0,0,66480525312,2147479552,21394546688,0
99,1713877702689,101667.02507019043,4700,1,0.30000000000000004,35559.0029296875,4700,1,0.30000000000000004,92018.20364379883,4700,1,0.30000000000000004,40477.787048339844,4700,1,0.30000000000000004,42116.546127319336,4700,1,0.30000000000000004,39191.181060791016,4700,1,0.30000000000000004,39784.365478515625,4700,1,0.30000000000000004,40528.575927734375,4700,1,0.30000000000000004,35611.8790435791,4700,1,0.30000000000000004,34180.412033081055,4700,1,0.30000000000000004,33666.96664428711,4700,1,0.30000000000000004,38290.73881530762,4700,1,0.30000000000000004,23636823.365142822,400,400,400,400,400,400,4691,400,400,400,4690,400,400,4690,400,400,400,400,4690,4690,400,4690,400,400,100,0,0,0,0,0,0,0,0,0,0,0,0,0,0,0,0,0,0,0,0,0,0,0,66480525312,2147479552,21602017280,0
99,1713877702789,101667.5086517334,4700,1,0.30000000000000004,35559.0051574707,4700,1,0.30000000000000004,92018.2060546875,4700,1,0.30000000000000004,40477.7912902832,4700,1,0.30000000000000004,42116.54962158203,4700,1,0.30000000000000004,39191.18486022949,4700,1,0.30000000000000004,39784.36862182617,4700,1,0.30000000000000004,40528.58071899414,4700,1,0.30000000000000004,35611.89057922363,4700,1,0.30000000000000004,34180.41360473633,4700,1,0.30000000000000004,33666.96826171875,4700,1,0.30000000000000004,38290.74038696289,4700,1,0.30000000000000004,23636826.939208984,400,400,400,400,400,400,4691,400,400,400,4690,400,400,4690,400,400,400,400,4690,4690,400,4690,400,400,100,0,0,0,0,0,0,0,0,0,0,0,0,0,0,0,0,0,0,0,0,0,0,0,66480525312,2147479552,21810520064,0
99,1713877702889,101667.99182128906,4700,1,0.30000000000000004,35559.008865356445,4700,1,0.30000000000000004,92018.20846557617,4700,1,0.30000000000000004,40477.79554748535,4700,1,0.30000000000000004,42116.55307006836,4700,1,0.30000000000000004,39191.188064575195,4700,1,0.30000000000000004,39784.37171936035,4700,1,0.30000000000000004,40528.58381652832,4700,1,0.30000000000000004,35611.9051361084,4700,1,0.30000000000000004,34180.4151763916,4700,1,0.30000000000000004,33666.96983337402,4700,1,0.30000000000000004,38290.74206542969,4700,1,0.30000000000000004,23636830.594696045,400,400,400,400,400,400,4691,400,400,400,4690,400,400,4690,400,400,400,400,4690,4690,400,4690,400,400,100,0,0,0,0,0,0,0,0,0,0,0,0,0,0,0,0,0,0,0,0,0,0,0,66480525312,2147479552,22019022848,0
99,1713877702989,101668.47105407715,4700,1,0.30000000000000004,35559.010498046875,4700,1,0.30000000000000004,92018.2112121582,4700,1,0.30000000000000004,40477.80046081543,4700,1,0.30000000000000004,42116.556579589844,4700,1,0.30000000000000004,39191.19305419922,4700,1,0.30000000000000004,39784.37559509277,4700,1,0.30000000000000004,40528.58695983887,4700,1,0.30000000000000004,35611.91943359375,4700,1,0.30000000000000004,34180.416748046875,4700,1,0.30000000000000004,33666.9714050293,4700,1,0.30000000000000004,38290.74363708496,4700,1,0.30000000000000004,23636834.206588745,400,400,400,400,400,400,4691,400,400,400,4690,400,400,4690,400,400,400,400,4690,4690,400,4690,400,400,100,0,0,0,0,0,0,0,0,0,0,0,0,0,0,0,0,0,0,0,0,0,0,0,66480525312,2147479552,22228041728,0
99,1713877703089,101668.955078125,4700,1,0.30000000000000004,35559.01206970215,4700,1,0.30000000000000004,92018.2131652832,4700,1,0.30000000000000004,40477.80479431152,4700,1,0.30000000000000004,42116.5597076416,4700,1,0.30000000000000004,39191.199645996094,4700,1,0.30000000000000004,39784.378662109375,4700,1,0.30000000000000004,40528.59246826172,4700,1,0.30000000000000004,35611.93280029297,4700,1,0.30000000000000004,34180.41831970215,4700,1,0.30000000000000004,33666.97303771973,4700,1,0.30000000000000004,38290.74726867676,4700,1,0.30000000000000004,23636837.81452942,400,400,400,400,400,400,4691,400,400,400,4690,400,400,4690,400,400,400,400,4690,4690,400,4690,400,400,100,0,0,0,0,0,0,0,0,0,0,0,0,0,0,0,0,0,0,0,0,0,0,0,66480525312,2147479552,22437060608,0
99,1713877703189,101669.43913269043,4700,1,0.30000000000000004,35559.01364135742,4700,1,0.30000000000000004,92018.21504211426,4700,1,0.30000000000000004,40477.809143066406,4700,1,0.30000000000000004,42116.56298828125,4700,1,0.30000000000000004,39191.20274353027,4700,1,0.30000000000000004,39784.382400512695,4700,1,0.30000000000000004,40528.59553527832,4700,1,0.30000000000000004,35611.9405670166,4700,1,0.30000000000000004,34180.41987609863,4700,1,0.30000000000000004,33666.97465515137,4700,1,0.30000000000000004,38290.74882507324,4700,1,0.30000000000000004,23636841.349121094,400,400,400,400,400,400,4691,400,400,400,4690,400,400,4690,400,400,400,400,4690,4690,400,4690,400,400,100,0,0,0,0,0,0,0,0,0,0,0,0,0,0,0,0,0,0,0,0,0,0,0,66480525312,2147479552,22645563392,0
99,1713877703289,101669.92324829102,4700,1,0.30000000000000004,35559.015197753906,4700,1,0.30000000000000004,92018.21717834473,4700,1,0.30000000000000004,40477.813385009766,4700,1,0.30000000000000004,42116.5661315918,4700,1,0.30000000000000004,39191.20584106445,4700,1,0.30000000000000004,39784.385498046875,4700,1,0.30000000000000004,40528.59864807129,4700,1,0.30000000000000004,35611.95266723633,4700,1,0.30000000000000004,34180.42152404785,4700,1,0.30000000000000004,33666.97622680664,4700,1,0.30000000000000004,38290.750396728516,4700,1,0.30000000000000004,23636844.823257446,400,400,400,400,400,400,4691,400,400,400,4690,400,400,4690,400,400,400,400,4690,4690,400,4690,400,400,100,0,0,0,0,0,0,0,0,0,0,0,0,0,0,0,0,0,0,0,0,0,0,0,66480525312,2147479552,22854582272,0
99,1713877703389,101670.40731811523,4700,1,0.30000000000000004,35559.016830444336,4700,1,0.30000000000000004,92018.21905517578,4700,1,0.30000000000000004,40477.817626953125,4700,1,0.30000000000000004,42116.57026672363,4700,1,0.30000000000000004,39191.210220336914,4700,1,0.30000000000000004,39784.388732910156,4700,1,0.30000000000000004,40528.60174560547,4700,1,0.30000000000000004,35611.964447021484,4700,1,0.30000000000000004,34180.4231262207,4700,1,0.30000000000000004,33666.980056762695,4700,1,0.30000000000000004,38290.752029418945,4700,1,0.30000000000000004,23636848.382232666,400,400,400,400,400,400,4691,400,400,400,4690,400,400,4690,400,400,400,400,4690,4690,400,4690,400,400,100,0,0,0,0,0,0,0,0,0,0,0,0,0,0,0,0,0,0,0,0,0,0,0,66480525312,2147479552,23063601152,0
99,1713877703490,101670.89126586914,4700,1,0.30000000000000004,35559.01840209961,4700,1,0.30000000000000004,92018.22129821777,4700,1,0.30000000000000004,40477.82238769531,4700,1,0.30000000000000004,42116.57336425781,4700,1,0.30000000000000004,39191.21336364746,4700,1,0.30000000000000004,39784.391830444336,4700,1,0.30000000000000004,40528.60484313965,4700,1,0.30000000000000004,35611.97541809082,4700,1,0.30000000000000004,34180.42469787598,4700,1,0.30000000000000004,33666.98162841797,4700,1,0.30000000000000004,38290.75370788574,4700,1,0.30000000000000004,23636851.93864441,400,400,400,400,400,400,4691,400,400,400,4690,400,400,4690,400,400,400,400,4690,4690,400,4690,400,400,100,0,0,0,0,0,0,0,0,0,0,0,0,0,0,0,0,0,0,0,0,0,0,0,66480525312,2147479552,23273136128,0
99,1713877703590,101671.3752746582,4700,1,0.30000000000000004,35559.01997375488,4700,1,0.30000000000000004,92018.22312927246,4700,1,0.30000000000000004,40477.82662963867,4700,1,0.30000000000000004,42116.57646179199,4700,1,0.30000000000000004,39191.21757507324,4700,1,0.30000000000000004,39784.394927978516,4700,1,0.30000000000000004,40528.60794067383,4700,1,0.30000000000000004,35611.99217224121,4700,1,0.30000000000000004,34180.4278717041,4700,1,0.30000000000000004,33666.98320007324,4700,1,0.30000000000000004,38290.75532531738,4700,1,0.30000000000000004,23636855.49317932,400,400,400,400,400,400,4691,400,400,400,4690,400,400,4690,400,400,400,400,4690,4690,400,4690,400,400,100,0,0,0,0,0,0,0,0,0,0,0,0,0,0,0,0,0,0,0,0,0,0,0,66480525312,2147479552,23482671104,0
99,1713877703690,101671.86071777344,4700,1,0.30000000000000004,35559.02267456055,4700,1,0.30000000000000004,92018.22509765625,4700,1,0.30000000000000004,40477.83093261719,4700,1,0.30000000000000004,42116.57971191406,4700,1,0.30000000000000004,39191.228576660156,4700,1,0.30000000000000004,39784.39825439453,4700,1,0.30000000000000004,40528.611099243164,4700,1,0.30000000000000004,35612.010192871094,4700,1,0.30000000000000004,34180.42948913574,4700,1,0.30000000000000004,33666.985412597656,4700,1,0.30000000000000004,38290.756896972656,4700,1,0.30000000000000004,23636859.036636353,400,400,400,400,400,400,4691,400,400,400,4690,400,400,4690,400,400,400,400,4690,4690,400,4690,400,400,100,0,0,0,0,0,0,0,0,0,0,0,0,0,0,0,0,0,0,0,0,0,0,0,66480525312,2147479552,23692464128,0
99,1713877703790,101672.34132385254,4700,1,0.30000000000000004,35559.02424621582,4700,1,0.30000000000000004,92018.22746276855,4700,1,0.30000000000000004,40477.83514404297,4700,1,0.30000000000000004,42116.582778930664,4700,1,0.30000000000000004,39191.23164367676,4700,1,0.30000000000000004,39784.40132141113,4700,1,0.30000000000000004,40528.614196777344,4700,1,0.30000000000000004,35612.023498535156,4700,1,0.30000000000000004,34180.431060791016,4700,1,0.30000000000000004,33666.98698425293,4700,1,0.30000000000000004,38290.760330200195,4700,1,0.30000000000000004,23636862.58782959,400,400,400,400,400,400,4691,400,400,400,4690,400,400,4690,400,400,400,400,4690,4690,400,4690,400,400,100,0,0,0,0,0,0,0,0,0,0,0,0,0,0,0,0,0,0,0,0,0,0,0,66480525312,2147479552,23902515200,0
99,1713877703890,101672.8265838623,4700,1,0.30000000000000004,35559.025817871094,4700,1,0.30000000000000004,92018.22950744629,4700,1,0.30000000000000004,40477.83946228027,4700,1,0.30000000000000004,42116.58589172363,4700,1,0.30000000000000004,39191.23709106445,4700,1,0.30000000000000004,39784.40441894531,4700,1,0.30000000000000004,40528.61737060547,4700,1,0.30000000000000004,35612.03341674805,4700,1,0.30000000000000004,34180.4326171875,4700,1,0.30000000000000004,33666.99040222168,4700,1,0.30000000000000004,38290.76190185547,4700,1,0.30000000000000004,23636866.15512085,400,400,400,400,400,400,4691,400,400,400,4690,400,400,4690,400,400,400,400,4690,4690,400,4690,400,400,100,0,0,0,0,0,0,0,0,0,0,0,0,0,0,0,0,0,0,0,0,0,0,0,66480525312,2147479552,24112566272,0
99,1713877703990,101673.31080627441,4700,1,0.30000000000000004,35559.027420043945,4700,1,0.30000000000000004,92018.23193359375,4700,1,0.30000000000000004,40477.844650268555,4700,1,0.30000000000000004,42116.59005737305,4700,1,0.30000000000000004,39191.24180603027,4700,1,0.30000000000000004,39784.408111572266,4700,1,0.30000000000000004,40528.620529174805,4700,1,0.30000000000000004,35612.04783630371,4700,1,0.30000000000000004,34180.43418884277,4700,1,0.30000000000000004,33666.991958618164,4700,1,0.30000000000000004,38290.76345825195,4700,1,0.30000000000000004,23636869.712524414,400,400,400,400,400,400,4691,400,400,400,4690,400,400,4690,400,400,400,400,4690,4690,400,4690,400,400,100,0,0,0,0,0,0,0,0,0,0,0,0,0,0,0,0,0,0,0,0,0,0,0,66480525312,2147479552,24322101248,0
99,1713877704090,101673.79588317871,4700,1,0.30000000000000004,35559.04057312012,4700,1,0.30000000000000004,92018.24723815918,4700,1,0.30000000000000004,40477.87754821777,4700,1,0.30000000000000004,42116.615966796875,4700,1,0.30000000000000004,39191.26742553711,4700,1,0.30000000000000004,39784.43022155762,4700,1,0.30000000000000004,40528.64735412598,4700,1,0.30000000000000004,35612.082427978516,4700,1,0.30000000000000004,34180.44770812988,4700,1,0.30000000000000004,33667.00634765625,4700,1,0.30000000000000004,38290.7794342041,4700,1,0.30000000000000004,23636873.555404663,400,400,400,400,400,400,4691,400,400,400,4690,400,400,4690,400,400,400,400,4690,4690,400,4690,400,400,100,0,0,0,0,0,0,0,0,0,0,0,0,0,0,0,0,0,0,0,4.761904716491699,0,0,0,66480525312,2147479552,24531636224,0
99,1713877704190,101674.27960205078,4700,1,0.30000000000000004,35559.04228210449,4700,1,0.30000000000000004,92018.24926757813,4700,1,0.30000000000000004,40477.88215637207,4700,1,0.30000000000000004,42116.62046813965,4700,1,0.30000000000000004,39191.27069091797,4700,1,0.30000000000000004,39784.43388366699,4700,1,0.30000000000000004,40528.652267456055,4700,1,0.30000000000000004,35612.09582519531,4700,1,0.30000000000000004,34180.44932556152,4700,1,0.30000000000000004,33667.00814819336,4700,1,0.30000000000000004,38290.78105163574,4700,1,0.30000000000000004,23636877.14665222,400,400,400,400,400,400,4691,400,400,400,4690,400,400,4690,400,400,400,400,4690,4690,400,4690,400,400,100,0,0,0,0,0,0,0,0,0,0,0,0,0,0,0,0,0,0,0,4.761904716491699,0,0,0,66480525312,2147479552,24740655104,0
99,1713877704290,101674.76402282715,4700,1,0.30000000000000004,35559.043853759766,4700,1,0.30000000000000004,92018.25158691406,4700,1,0.30000000000000004,40477.886459350586,4700,1,0.30000000000000004,42116.62367248535,4700,1,0.30000000000000004,39191.27378845215,4700,1,0.30000000000000004,39784.43698120117,4700,1,0.30000000000000004,40528.655364990234,4700,1,0.30000000000000004,35612.1123046875,4700,1,0.30000000000000004,34180.45098876953,4700,1,0.30000000000000004,33667.00971984863,4700,1,0.30000000000000004,38290.782623291016,4700,1,0.30000000000000004,23636880.707626343,400,400,400,400,400,400,4691,400,400,400,4690,400,400,4690,400,400,400,400,4690,4690,400,4690,400,400,100,0,0,0,0,0,0,0,0,0,0,0,0,0,0,0,0,0,0,0,0,0,0,0,66480525312,2147479552,24949673984,0
99,1713877704390,101675.2448425293,4700,1,0.30000000000000004,35559.045471191406,4700,1,0.30000000000000004,92018.25360107422,4700,1,0.30000000000000004,40477.89067077637,4700,1,0.30000000000000004,42116.6268157959,4700,1,0.30000000000000004,39191.276947021484,4700,1,0.30000000000000004,39784.44007873535,4700,1,0.30000000000000004,40528.658462524414,4700,1,0.30000000000000004,35612.12821960449,4700,1,0.30000000000000004,34180.45446777344,4700,1,0.30000000000000004,33667.01315307617,4700,1,0.30000000000000004,38290.784240722656,4700,1,0.30000000000000004,23636884.237472534,400,400,400,400,400,400,4691,400,400,400,4690,400,400,4690,400,400,400,400,4690,4690,400,4690,400,400,100,0,0,0,0,0,0,0,0,0,0,0,0,0,0,0,0,0,0,0,0,0,0,0,66480525312,2147479552,25159725056,0
99,1713877704490,101675.7290802002,4700,1,0.30000000000000004,35559.04704284668,4700,1,0.30000000000000004,92018.25596618652,4700,1,0.30000000000000004,40477.89535522461,4700,1,0.30000000000000004,42116.6298828125,4700,1,0.30000000000000004,39191.28005981445,4700,1,0.30000000000000004,39784.44317626953,4700,1,0.30000000000000004,40528.661560058594,4700,1,0.30000000000000004,35612.13847351074,4700,1,0.30000000000000004,34180.461196899414,4700,1,0.30000000000000004,33667.014724731445,4700,1,0.30000000000000004,38290.78581237793,4700,1,0.30000000000000004,23636887.86932373,400,400,400,400,400,400,4691,400,400,400,4690,400,400,4690,400,400,400,400,4690,4690,400,4690,400,400,100,0,0,0,0,0,0,0,0,0,0,0,0,0,0,0,0,0,0,0,0,0,0,0,66480525312,2147479552,25369260032,0
99,1713877704590,101676.2142944336,4700,1,0.30000000000000004,35559.04861450195,4700,1,0.30000000000000004,92018.25801086426,4700,1,0.30000000000000004,40477.899673461914,4700,1,0.30000000000000004,42116.63298034668,4700,1,0.30000000000000004,39191.28315734863,4700,1,0.30000000000000004,39784.44624328613,4700,1,0.30000000000000004,40528.664627075195,4700,1,0.30000000000000004,35612.14027404785,4700,1,0.30000000000000004,34180.47080993652,4700,1,0.30000000000000004,33667.01628112793,4700,1,0.30000000000000004,38290.78749084473,4700,1,0.30000000000000004,23636891.471343994,400,400,400,400,400,400,4691,400,400,400,4690,400,400,4690,400,400,400,400,4690,4690,400,4690,400,400,100,0,0,0,0,0,0,0,0,0,0,0,0,0,0,0,0,0,0,0,0,0,0,0,66480525312,2147479552,25579311104,0
99,1713877704690,101676.69862365723,4700,1,0.30000000000000004,35559.05033874512,4700,1,0.30000000000000004,92018.2600402832,4700,1,0.30000000000000004,40477.90397644043,4700,1,0.30000000000000004,42116.638671875,4700,1,0.30000000000000004,39191.28695678711,4700,1,0.30000000000000004,39784.4494934082,4700,1,0.30000000000000004,40528.667739868164,4700,1,0.30000000000000004,35612.14198303223,4700,1,0.30000000000000004,34180.4845123291,4700,1,0.30000000000000004,33667.01805114746,4700,1,0.30000000000000004,38290.78904724121,4700,1,0.30000000000000004,23636895.035720825,400,400,400,400,400,400,4691,400,400,400,4690,400,400,4690,400,400,400,400,4690,4690,400,4690,400,400,100,0,0,0,0,0,0,0,0,0,0,0,0,0,0,0,0,0,0,0,0,4.761904716491699,0,0,66480525312,2147479552,25788846080,0
99,1713877704790,101677.18313598633,4700,1,0.30000000000000004,35559.05191040039,4700,1,0.30000000000000004,92018.26263427734,4700,1,0.30000000000000004,40477.90823364258,4700,1,0.30000000000000004,42116.64176940918,4700,1,0.30000000000000004,39191.290924072266,4700,1,0.30000000000000004,39784.45259094238,4700,1,0.30000000000000004,40528.67138671875,4700,1,0.30000000000000004,35612.14384460449,4700,1,0.30000000000000004,34180.49807739258,4700,1,0.30000000000000004,33667.019622802734,4700,1,0.30000000000000004,38290.790618896484,4700,1,0.30000000000000004,23636898.612945557,400,400,400,400,400,400,4691,400,400,400,4690,400,400,4690,400,400,400,400,4690,4690,400,4690,400,400,100,0,0,0,0,0,0,0,0,0,0,0,0,0,0,0,0,0,0,0,0,4.761904716491699,0,0,66480525312,2147479552,25998352384,0
99,1713877704890,101677.66807556152,4700,1,0.30000000000000004,35559.053482055664,4700,1,0.30000000000000004,92018.26469421387,4700,1,0.30000000000000004,40477.91249084473,4700,1,0.30000000000000004,42116.64491271973,4700,1,0.30000000000000004,39191.294021606445,4700,1,0.30000000000000004,39784.45573425293,4700,1,0.30000000000000004,40528.67448425293,4700,1,0.30000000000000004,35612.14549255371,4700,1,0.30000000000000004,34180.51086425781,4700,1,0.30000000000000004,33667.02313232422,4700,1,0.30000000000000004,38290.79219055176,4700,1,0.30000000000000004,23636902.18334961,400,400,400,400,400,400,4691,400,400,400,4690,400,400,4690,400,400,400,400,4690,4690,400,4690,400,400,100,0,0,0,0,0,0,0,0,0,0,0,0,0,0,0,0,0,0,0,0,4.761904716491699,0,0,66480525312,2147479552,26208403456,0
99,1713877704990,101678.1517944336,4700,1,0.30000000000000004,35559.05514526367,4700,1,0.30000000000000004,92018.26745605469,4700,1,0.30000000000000004,40477.917556762695,4700,1,0.30000000000000004,42116.64810180664,4700,1,0.30000000000000004,39191.29930114746,4700,1,0.30000000000000004,39784.45944213867,4700,1,0.30000000000000004,40528.67762756348,4700,1,0.30000000000000004,35612.14730834961,4700,1,0.30000000000000004,34180.52729797363,4700,1,0.30000000000000004,33667.02470397949,4700,1,0.30000000000000004,38290.79383850098,4700,1,0.30000000000000004,23636905.793136597,400,400,400,400,400,400,4691,400,400,400,4690,400,400,4690,400,400,400,400,4690,4690,400,4690,400,400,100,0,0,0,0,0,0,0,0,0,0,0,0,0,0,0,0,0,0,0,0,4.761904716491699,0,0,66480525312,2147479552,26417422336,0
99,1713877705090,101678.63638305664,4700,1,0.30000000000000004,35559.056716918945,4700,1,0.30000000000000004,92018.26959228516,4700,1,0.30000000000000004,40477.92189025879,4700,1,0.30000000000000004,42116.65126037598,4700,1,0.30000000000000004,39191.30274963379,4700,1,0.30000000000000004,39784.46270751953,4700,1,0.30000000000000004,40528.680725097656,4700,1,0.30000000000000004,35612.148986816406,4700,1,0.30000000000000004,34180.5428314209,4700,1,0.30000000000000004,33667.026275634766,4700,1,0.30000000000000004,38290.795639038086,4700,1,0.30000000000000004,23636909.364501953,400,400,400,400,400,400,4691,400,400,400,4690,400,400,4690,400,400,400,400,4690,4690,400,4690,400,400,100,0,0,0,0,0,0,0,0,0,0,0,0,0,0,0,0,0,0,0,0,5,0,0,66480525312,2147479552,26626957312,0
99,1713877705190,101679.11573791504,4700,1,0.30000000000000004,35559.05828857422,4700,1,0.30000000000000004,92018.2716217041,4700,1,0.30000000000000004,40477.92608642578,4700,1,0.30000000000000004,42116.65446472168,4700,1,0.30000000000000004,39191.30581665039,4700,1,0.30000000000000004,39784.46597290039,4700,1,0.30000000000000004,40528.683822631836,4700,1,0.30000000000000004,35612.15089416504,4700,1,0.30000000000000004,34180.55809020996,4700,1,0.30000000000000004,33667.02870178223,4700,1,0.30000000000000004,38290.79721069336,4700,1,0.30000000000000004,23636912.951400757,400,400,400,400,400,400,4691,400,400,400,4690,400,400,4690,400,400,400,400,4690,4690,400,4690,400,400,100,0,0,0,0,0,0,0,0,0,0,0,0,0,0,0,0,0,0,0,0,5,0,0,66480525312,2147479552,26836492288,0
99,1713877705290,101679.59927368164,4700,1,0.30000000000000004,35559.05986022949,4700,1,0.30000000000000004,92018.27391052246,4700,1,0.30000000000000004,40477.930404663086,4700,1,0.30000000000000004,42116.65760803223,4700,1,0.30000000000000004,39191.30891418457,4700,1,0.30000000000000004,39784.46903991699,4700,1,0.30000000000000004,40528.68688964844,4700,1,0.30000000000000004,35612.152572631836,4700,1,0.30000000000000004,34180.57081604004,4700,1,0.30000000000000004,33667.0302734375,4700,1,0.30000000000000004,38290.79878234863,4700,1,0.30000000000000004,23636916.546554565,400,400,400,400,400,400,4691,400,400,400,4690,400,400,4690,400,400,400,400,4690,4690,400,4690,400,400,100,0,0,0,0,0,0,0,0,0,0,0,0,0,0,0,0,0,0,0,0,4.761904716491699,0,0,66480525312,2147479552,27046027264,0
99,1713877705390,101680.08358764648,4700,1,0.30000000000000004,35559.06141662598,4700,1,0.30000000000000004,92018.27589416504,4700,1,0.30000000000000004,40477.934646606445,4700,1,0.30000000000000004,42116.662994384766,4700,1,0.30000000000000004,39191.312088012695,4700,1,0.30000000000000004,39784.47215270996,4700,1,0.30000000000000004,40528.68998718262,4700,1,0.30000000000000004,35612.154556274414,4700,1,0.30000000000000004,34180.57962036133,4700,1,0.30000000000000004,33667.03366088867,4700,1,0.30000000000000004,38290.80041503906,4700,1,0.30000000000000004,23636920.03578186,400,400,400,400,400,400,4691,400,400,400,4690,400,400,4690,400,400,400,400,4690,4690,400,4690,400,400,100,0,0,0,0,0,0,0,0,0,0,0,0,0,0,0,0,0,0,0,0,4.761904716491699,0,0,66480525312,2147479552,27255562240,0
99,1713877705491,101680.56759643555,4700,1,0.30000000000000004,35559.06298828125,4700,1,0.30000000000000004,92018.27842712402,4700,1,0.30000000000000004,40477.93916320801,4700,1,0.30000000000000004,42116.6661529541,4700,1,0.30000000000000004,39191.31526184082,4700,1,0.30000000000000004,39784.47525024414,4700,1,0.30000000000000004,40528.6930847168,4700,1,0.30000000000000004,35612.15625,4700,1,0.30000000000000004,34180.59242248535,4700,1,0.30000000000000004,33667.035247802734,4700,1,0.30000000000000004,38290.801986694336,4700,1,0.30000000000000004,23636923.63847351,400,400,400,400,400,400,4691,400,400,400,4690,400,400,4690,400,400,400,400,4690,4690,400,4690,400,400,100,0,0,0,0,0,0,0,0,0,0,0,0,0,0,0,0,0,0,0,0,4.761904716491699,0,0,66480525312,2147479552,27465613312,0
99,1713877705591,101681.05209350586,4700,1,0.30000000000000004,35559.06455993652,4700,1,0.30000000000000004,92018.28048706055,4700,1,0.30000000000000004,40477.94372558594,4700,1,0.30000000000000004,42116.66925048828,4700,1,0.30000000000000004,39191.318359375,4700,1,0.30000000000000004,39784.47834777832,4700,1,0.30000000000000004,40528.69618225098,4700,1,0.30000000000000004,35612.158264160156,4700,1,0.30000000000000004,34180.60577392578,4700,1,0.30000000000000004,33667.03681945801,4700,1,0.30000000000000004,38290.80404663086,4700,1,0.30000000000000004,23636927.22969055,400,400,400,400,400,400,4691,400,400,400,4690,400,400,4690,400,400,400,400,4690,4690,400,4690,400,400,100,0,0,0,0,0,0,0,0,0,0,0,0,0,0,0,0,0,0,0,0,4.761904716491699,0,0,66480525312,2147479552,27675148288,0
99,1713877705691,101681.53645324707,4700,1,0.30000000000000004,35559.06636047363,4700,1,0.30000000000000004,92018.28240966797,4700,1,0.30000000000000004,40477.948013305664,4700,1,0.30000000000000004,42116.67248535156,4700,1,0.30000000000000004,39191.329498291016,4700,1,0.30000000000000004,39784.48164367676,4700,1,0.30000000000000004,40528.69934082031,4700,1,0.30000000000000004,35612.15998840332,4700,1,0.30000000000000004,34180.62161254883,4700,1,0.30000000000000004,33667.039978027344,4700,1,0.30000000000000004,38290.8056640625,4700,1,0.30000000000000004,23636930.797180176,400,400,400,400,400,400,4691,400,400,400,4690,400,400,4690,400,400,400,400,4690,4690,400,4690,400,400,100,0,0,0,0,0,0,0,0,0,0,0,0,0,0,0,0,0,0,0,0,5,0,0,66480525312,2147479552,27884941312,0
99,1713877705791,101682.01594543457,4700,1,0.30000000000000004,35559.06800842285,4700,1,0.30000000000000004,92018.28482055664,4700,1,0.30000000000000004,40477.95225524902,4700,1,0.30000000000000004,42116.67558288574,4700,1,0.30000000000000004,39191.332595825195,4700,1,0.30000000000000004,39784.48474121094,4700,1,0.30000000000000004,40528.70243835449,4700,1,0.30000000000000004,35612.16354370117,4700,1,0.30000000000000004,34180.637115478516,4700,1,0.30000000000000004,33667.04154968262,4700,1,0.30000000000000004,38290.80921936035,4700,1,0.30000000000000004,23636934.37687683,400,400,400,400,400,400,4691,400,400,400,4690,400,400,4690,400,400,400,400,4690,4690,400,4690,400,400,100,0,0,0,0,0,0,0,0,0,0,0,0,0,0,0,0,0,0,0,0,5,0,0,66480525312,2147479552,28093960192,0
99,1713877705891,101682.4995727539,4700,1,0.30000000000000004,35559.069580078125,4700,1,0.30000000000000004,92018.28672790527,4700,1,0.30000000000000004,40477.95642089844,4700,1,0.30000000000000004,42116.678649902344,4700,1,0.30000000000000004,39191.33576965332,4700,1,0.30000000000000004,39784.487884521484,4700,1,0.30000000000000004,40528.70553588867,4700,1,0.30000000000000004,35612.16523742676,4700,1,0.30000000000000004,34180.65196228027,4700,1,0.30000000000000004,33667.04493713379,4700,1,0.30000000000000004,38290.81083679199,4700,1,0.30000000000000004,23636938.000320435,400,400,400,400,400,400,4691,400,400,400,4690,400,400,4690,400,400,400,400,4690,4690,400,4690,400,400,100,0,0,0,0,0,0,0,0,0,0,0,0,0,0,0,0,0,0,0,0,4.761904716491699,0,0,66480525312,2147479552,28303495168,0
99,1713877705991,101682.98440551758,4700,1,0.30000000000000004,35559.07124328613,4700,1,0.30000000000000004,92018.28913879395,4700,1,0.30000000000000004,40477.960876464844,4700,1,0.30000000000000004,42116.68276977539,4700,1,0.30000000000000004,39191.34004211426,4700,1,0.30000000000000004,39784.49153137207,4700,1,0.30000000000000004,40528.70864868164,4700,1,0.30000000000000004,35612.167083740234,4700,1,0.30000000000000004,34180.66123962402,4700,1,0.30000000000000004,33667.04649353027,4700,1,0.30000000000000004,38290.812408447266,4700,1,0.30000000000000004,23636941.594314575,400,400,400,400,400,400,4691,400,400,400,4690,400,400,4690,400,400,400,400,4690,4690,400,4690,400,400,100,0,0,0,0,0,0,0,0,0,0,0,0,0,0,0,0,0,0,0,0,4.761904716491699,0,0,66480525312,2147479552,28514062336,0
99,1713877706091,101683.46911621094,4700,1,0.30000000000000004,35559.074630737305,4700,1,0.30000000000000004,92018.29167175293,4700,1,0.30000000000000004,40477.9659576416,4700,1,0.30000000000000004,42116.686096191406,4700,1,0.30000000000000004,39191.343811035156,4700,1,0.30000000000000004,39784.50030517578,4700,1,0.30000000000000004,40528.71188354492,4700,1,0.30000000000000004,35612.16893005371,4700,1,0.30000000000000004,34180.67492675781,4700,1,0.30000000000000004,33667.04913330078,4700,1,0.30000000000000004,38290.815185546875,4700,1,0.30000000000000004,23636945.196914673,400,400,400,400,400,400,4691,400,400,400,4690,400,400,4690,400,400,400,400,4690,4690,400,4690,400,400,100,0,0,0,0,0,0,0,0,0,0,0,0,0,0,0,0,0,0,0,0,4.761904716491699,0,0,66480525312,2147479552,28723597312,0
99,1713877706191,101683.95335388184,4700,1,0.30000000000000004,35559.07620239258,4700,1,0.30000000000000004,92018.29368591309,4700,1,0.30000000000000004,40477.97021484375,4700,1,0.30000000000000004,42116.68934631348,4700,1,0.30000000000000004,39191.346908569336,4700,1,0.30000000000000004,39784.50354003906,4700,1,0.30000000000000004,40528.7149810791,4700,1,0.30000000000000004,35612.170822143555,4700,1,0.30000000000000004,34180.68812561035,4700,1,0.30000000000000004,33667.05076599121,4700,1,0.30000000000000004,38290.81684875488,4700,1,0.30000000000000004,23636948.741744995,400,400,400,400,400,400,4691,400,400,400,4690,400,400,4690,400,400,400,400,4690,4690,400,4690,400,400,100,0,0,0,0,0,0,0,0,0,0,0,0,0,0,0,0,0,0,0,0,4.761904716491699,0,0,66480525312,2147479552,28933132288,0
99,1713877706291,101684.43901062012,4700,1,0.30000000000000004,35559.07777404785,4700,1,0.30000000000000004,92018.29591369629,4700,1,0.30000000000000004,40477.97445678711,4700,1,0.30000000000000004,42116.69253540039,4700,1,0.30000000000000004,39191.350006103516,4700,1,0.30000000000000004,39784.50663757324,4700,1,0.30000000000000004,40528.71807861328,4700,1,0.30000000000000004,35612.17250061035,4700,1,0.30000000000000004,34180.698989868164,4700,1,0.30000000000000004,33667.052337646484,4700,1,0.30000000000000004,38290.818420410156,4700,1,0.30000000000000004,23636952.261672974,400,400,400,400,400,400,4691,400,400,400,4690,400,400,4690,400,400,400,400,4690,4690,400,4690,400,400,100,0,0,0,0,0,0,0,0,0,0,0,0,0,0,0,0,0,0,0,0,0,0,0,66480525312,2147479552,29143183360,0
99,1713877706391,101684.92283630371,4700,1,0.30000000000000004,35559.079345703125,4700,1,0.30000000000000004,92018.2978515625,4700,1,0.30000000000000004,40477.97869873047,4700,1,0.30000000000000004,42116.69567871094,4700,1,0.30000000000000004,39191.35316467285,4700,1,0.30000000000000004,39784.50973510742,4700,1,0.30000000000000004,40528.72117614746,4700,1,0.30000000000000004,35612.17430114746,4700,1,0.30000000000000004,34180.71520996094,4700,1,0.30000000000000004,33667.05578613281,4700,1,0.30000000000000004,38290.81999206543,4700,1,0.30000000000000004,23636955.863342285,400,400,400,400,400,400,4691,400,400,400,4690,400,400,4690,400,400,400,400,4690,4690,400,4690,400,400,100,0,0,0,0,0,0,0,0,0,0,0,0,0,0,0,0,0,0,0,0,0,0,0,66480525312,2147479552,29352718336,0
99,1713877706491,101685.408203125,4700,1,0.30000000000000004,35559.0809173584,4700,1,0.30000000000000004,92018.30000305176,4700,1,0.30000000000000004,40477.98295593262,4700,1,0.30000000000000004,42116.69877624512,4700,1,0.30000000000000004,39191.3563079834,4700,1,0.30000000000000004,39784.51290893555,4700,1,0.30000000000000004,40528.72431945801,4700,1,0.30000000000000004,35612.176010131836,4700,1,0.30000000000000004,34180.73042297363,4700,1,0.30000000000000004,33667.057357788086,4700,1,0.30000000000000004,38290.8215637207,4700,1,0.30000000000000004,23636959.45524597,400,400,400,400,400,400,4691,400,400,400,4690,400,400,4690,400,400,400,400,4690,4690,400,4690,400,400,100,0,0,0,0,0,0,0,0,0,0,0,0,0,0,0,0,0,0,0,0,5,0,0,66480525312,2147479552,29562769408,0
99,1713877706591,101685.88752746582,4700,1,0.30000000000000004,35559.08248901367,4700,1,0.30000000000000004,92018.3023071289,4700,1,0.30000000000000004,40477.98764038086,4700,1,0.30000000000000004,42116.70184326172,4700,1,0.30000000000000004,39191.359375,4700,1,0.30000000000000004,39784.51600646973,4700,1,0.30000000000000004,40528.72741699219,4700,1,0.30000000000000004,35612.17803955078,4700,1,0.30000000000000004,34180.746322631836,4700,1,0.30000000000000004,33667.05892944336,4700,1,0.30000000000000004,38290.82460021973,4700,1,0.30000000000000004,23636963.09814453,400,400,400,400,400,400,4691,400,400,400,4690,400,400,4690,400,400,400,400,4690,4690,400,4690,400,400,100,0,0,0,0,0,0,0,0,0,0,0,0,0,0,0,0,0,0,0,0,5,0,0,66480525312,2147479552,29772820480,0
99,1713877706691,101686.37199401855,4700,1,0.30000000000000004,35559.08419799805,4700,1,0.30000000000000004,92018.30430603027,4700,1,0.30000000000000004,40477.9920501709,4700,1,0.30000000000000004,42116.70755004883,4700,1,0.30000000000000004,39191.363510131836,4700,1,0.30000000000000004,39784.51924133301,4700,1,0.30000000000000004,40528.73048400879,4700,1,0.30000000000000004,35612.17979431152,4700,1,0.30000000000000004,34180.76029968262,4700,1,0.30000000000000004,33667.06147766113,4700,1,0.30000000000000004,38290.826171875,4700,1,0.30000000000000004,23636966.727478027,400,400,400,400,400,400,4691,400,400,400,4690,400,400,4690,400,400,400,400,4690,4690,400,4690,400,400,100,0,0,0,0,0,0,0,0,0,0,0,0,0,0,0,0,0,0,0,0,4.761904716491699,0,0,66480525312,2147479552,29983129600,0
99,1713877706791,101686.85676574707,4700,1,0.30000000000000004,35559.08575439453,4700,1,0.30000000000000004,92018.30685424805,4700,1,0.30000000000000004,40477.99629211426,4700,1,0.30000000000000004,42116.71113586426,4700,1,0.30000000000000004,39191.36734008789,4700,1,0.30000000000000004,39784.52233886719,4700,1,0.30000000000000004,40528.73532104492,4700,1,0.30000000000000004,35612.182067871094,4700,1,0.30000000000000004,34180.76892089844,4700,1,0.30000000000000004,33667.06303405762,4700,1,0.30000000000000004,38290.82777404785,4700,1,0.30000000000000004,23636970.248550415,400,400,400,400,400,400,4691,400,400,400,4690,400,400,4690,400,400,400,400,4690,4690,400,4690,400,400,100,0,0,0,0,0,0,0,0,0,0,0,0,0,0,0,0,0,0,0,0,4.761904716491699,0,0,66480525312,2147479552,30192664576,0
99,1713877706891,101687.34013366699,4700,1,0.30000000000000004,35559.087326049805,4700,1,0.30000000000000004,92018.30876159668,4700,1,0.30000000000000004,40478.000549316406,4700,1,0.30000000000000004,42116.714279174805,4700,1,0.30000000000000004,39191.37043762207,4700,1,0.30000000000000004,39784.52543640137,4700,1,0.30000000000000004,40528.738510131836,4700,1,0.30000000000000004,35612.1837310791,4700,1,0.30000000000000004,34180.781661987305,4700,1,0.30000000000000004,33667.066482543945,4700,1,0.30000000000000004,38290.829360961914,4700,1,0.30000000000000004,23636973.8052063,400,400,400,400,400,400,4691,400,400,400,4690,400,400,4690,400,400,400,400,4690,4690,400,4690,400,400,100,0,0,0,0,0,0,0,0,0,0,0,0,0,0,0,0,0,0,0,0,0,0,0,66480525312,2147479552,30401683456,0
99,1713877706991,101687.82421875,4700,1,0.30000000000000004,35559.088958740234,4700,1,0.30000000000000004,92018.31108093262,4700,1,0.30000000000000004,40478.00489807129,4700,1,0.30000000000000004,42116.71742248535,4700,1,0.30000000000000004,39191.37467956543,4700,1,0.30000000000000004,39784.52877807617,4700,1,0.30000000000000004,40528.74165344238,4700,1,0.30000000000000004,35612.18656921387,4700,1,0.30000000000000004,34180.793853759766,4700,1,0.30000000000000004,33667.06805419922,4700,1,0.30000000000000004,38290.83093261719,4700,1,0.30000000000000004,23636977.39805603,400,400,400,400,400,400,4691,400,400,400,4690,400,400,4690,400,400,400,400,4690,4690,400,4690,400,400,100,0,0,0,0,0,0,0,0,0,0,0,0,0,0,0,0,0,0,0,0,0,0,0,66480525312,2147479552,30611218432,0
99,1713877707091,101688.30903625488,4700,1,0.30000000000000004,35559.09053039551,4700,1,0.30000000000000004,92018.31335449219,4700,1,0.30000000000000004,40478.009689331055,4700,1,0.30000000000000004,42116.7208404541,4700,1,0.30000000000000004,39191.38069152832,4700,1,0.30000000000000004,39784.53187561035,4700,1,0.30000000000000004,40528.74475097656,4700,1,0.30000000000000004,35612.18818664551,4700,1,0.30000000000000004,34180.80972290039,4700,1,0.30000000000000004,33667.06962585449,4700,1,0.30000000000000004,38290.83267211914,4700,1,0.30000000000000004,23636981.00428772,400,400,400,400,400,400,4691,400,400,400,4690,400,400,4690,400,400,400,400,4690,4690,400,4690,400,400,100,4.761904716491699,0,0,0,0,0,0,0,0,0,0,0,0,0,0,0,0,0,0,0,0,0,0,66480525312,2147479552,30821269504,0
99,1713877707191,101688.78915405273,4700,1,0.30000000000000004,35559.09210205078,4700,1,0.30000000000000004,92018.31524658203,4700,1,0.30000000000000004,40478.0139465332,4700,1,0.30000000000000004,42116.72415161133,4700,1,0.30000000000000004,39191.3837890625,4700,1,0.30000000000000004,39784.53514099121,4700,1,0.30000000000000004,40528.74784851074,4700,1,0.30000000000000004,35612.19091796875,4700,1,0.30000000000000004,34180.82473754883,4700,1,0.30000000000000004,33667.072830200195,4700,1,0.30000000000000004,38290.834243774414,4700,1,0.30000000000000004,23636984.56689453,400,400,400,400,400,400,4691,400,400,400,4690,400,400,4690,400,400,400,400,4690,4690,400,4690,400,400,100,4.761904716491699,0,0,0,0,0,0,0,0,0,0,0,0,0,0,0,0,0,0,0,0,0,0,66480525312,2147479552,31031836672,0
99,1713877707291,101689.27345275879,4700,1,0.30000000000000004,35559.093673706055,4700,1,0.30000000000000004,92018.31764221191,4700,1,0.30000000000000004,40478.01817321777,4700,1,0.30000000000000004,42116.727310180664,4700,1,0.30000000000000004,39191.38688659668,4700,1,0.30000000000000004,39784.53823852539,4700,1,0.30000000000000004,40528.75094604492,4700,1,0.30000000000000004,35612.19255065918,4700,1,0.30000000000000004,34180.83753967285,4700,1,0.30000000000000004,33667.07440185547,4700,1,0.30000000000000004,38290.835876464844,4700,1,0.30000000000000004,23636988.186950684,400,400,400,400,400,400,4691,400,400,400,4690,400,400,4690,400,400,400,400,4690,4690,400,4690,400,400,100,0,0,0,0,0,0,0,0,0,0,0,0,0,0,0,0,0,0,0,0,0,0,0,66480525312,2147479552,31241371648,0
99,1713877707392,101689.75831604004,4700,1,0.30000000000000004,35559.09524536133,4700,1,0.30000000000000004,92018.31967163086,4700,1,0.30000000000000004,40478.02241516113,4700,1,0.30000000000000004,42116.73045349121,4700,1,0.30000000000000004,39191.39001464844,4700,1,0.30000000000000004,39784.54130554199,4700,1,0.30000000000000004,40528.75401306152,4700,1,0.30000000000000004,35612.195373535156,4700,1,0.30000000000000004,34180.84652709961,4700,1,0.30000000000000004,33667.07783508301,4700,1,0.30000000000000004,38290.83744812012,4700,1,0.30000000000000004,23636991.80090332,400,400,400,400,400,400,4691,400,400,400,4690,400,400,4690,400,400,400,400,4690,4690,400,4690,400,400,100,0,0,0,0,0,0,0,0,0,0,0,0,0,0,0,0,0,0,0,0,0,0,0,66480525312,2147479552,31451422720,0
99,1713877707492,101690.24101257324,4700,1,0.30000000000000004,35559.09680175781,4700,1,0.30000000000000004,92018.32196044922,4700,1,0.30000000000000004,40478.02665710449,4700,1,0.30000000000000004,42116.73355102539,4700,1,0.30000000000000004,39191.393157958984,4700,1,0.30000000000000004,39784.54440307617,4700,1,0.30000000000000004,40528.75712585449,4700,1,0.30000000000000004,35612.19708251953,4700,1,0.30000000000000004,34180.859634399414,4700,1,0.30000000000000004,33667.07940673828,4700,1,0.30000000000000004,38290.83908081055,4700,1,0.30000000000000004,23636995.323043823,400,400,400,400,400,400,4691,400,400,400,4690,400,400,4690,400,400,400,400,4690,4690,400,4690,400,400,100,0,0,0,0,0,0,0,0,0,0,0,0,0,0,0,0,0,0,0,0,0,0,0,66480525312,2147479552,31659925504,0
99,1713877707592,101690.72477722168,4700,1,0.30000000000000004,35559.098373413086,4700,1,0.30000000000000004,92018.32377624512,4700,1,0.30000000000000004,40478.03137207031,4700,1,0.30000000000000004,42116.73664855957,4700,1,0.30000000000000004,39191.396255493164,4700,1,0.30000000000000004,39784.54750061035,4700,1,0.30000000000000004,40528.76022338867,4700,1,0.30000000000000004,35612.19906616211,4700,1,0.30000000000000004,34180.87289428711,4700,1,0.30000000000000004,33667.080993652344,4700,1,0.30000000000000004,38290.84217834473,4700,1,0.30000000000000004,23636998.93701172,400,400,400,400,400,400,4691,400,400,400,4690,400,400,4690,400,400,400,400,4690,4690,400,4690,400,400,100,0,0,0,0,0,0,0,0,0,0,0,0,0,0,0,0,0,0,0,0,0,0,0,66480525312,2147479552,31869976576,0
99,1713877707692,101691.20875549316,4700,1,0.30000000000000004,35559.10006713867,4700,1,0.30000000000000004,92018.32569885254,4700,1,0.30000000000000004,40478.03569030762,4700,1,0.30000000000000004,42116.7399597168,4700,1,0.30000000000000004,39191.40803527832,4700,1,0.30000000000000004,39784.55081176758,4700,1,0.30000000000000004,40528.76336669922,4700,1,0.30000000000000004,35612.200927734375,4700,1,0.30000000000000004,34180.88487243652,4700,1,0.30000000000000004,33667.08311462402,4700,1,0.30000000000000004,38290.84375,4700,1,0.30000000000000004,23637002.508895874,400,400,400,400,400,400,4691,400,400,400,4690,400,400,4690,400,400,400,400,4690,4690,400,4690,400,400,100,0,0,0,0,0,0,0,0,0,0,0,0,0,0,0,0,0,0,0,0,0,0,0,66480525312,2147479552,32078995456,0
99,1713877707792,101691.69296264648,4700,1,0.30000000000000004,35559.101638793945,4700,1,0.30000000000000004,92018.328125,4700,1,0.30000000000000004,40478.03993225098,4700,1,0.30000000000000004,42116.74305725098,4700,1,0.30000000000000004,39191.4111328125,4700,1,0.30000000000000004,39784.553955078125,4700,1,0.30000000000000004,40528.7664642334,4700,1,0.30000000000000004,35612.20315551758,4700,1,0.30000000000000004,34180.900451660156,4700,1,0.30000000000000004,33667.0846862793,4700,1,0.30000000000000004,38290.84532165527,4700,1,0.30000000000000004,23637006.05380249,400,400,400,400,400,400,4691,400,400,400,4690,400,400,4690,400,400,400,400,4690,4690,400,4690,400,400,100,0,0,0,0,0,0,0,0,0,0,0,0,0,0,0,0,0,0,0,0,0,0,0,66480525312,2147479552,32289046528,0
99,1713877707892,101692.17614746094,4700,1,0.30000000000000004,35559.10321044922,4700,1,0.30000000000000004,92018.33010864258,4700,1,0.30000000000000004,40478.044204711914,4700,1,0.30000000000000004,42116.74621582031,4700,1,0.30000000000000004,39191.41552734375,4700,1,0.30000000000000004,39784.557052612305,4700,1,0.30000000000000004,40528.76956176758,4700,1,0.30000000000000004,35612.20492553711,4700,1,0.30000000000000004,34180.91516113281,4700,1,0.30000000000000004,33667.08625793457,4700,1,0.30000000000000004,38290.84881591797,4700,1,0.30000000000000004,23637009.662872314,400,400,400,400,400,400,4691,400,400,400,4690,400,400,4690,400,400,400,400,4690,4690,400,4690,400,400,100,0,0,0,0,0,0,0,0,0,0,0,0,0,0,0,0,0,0,0,0,0,0,0,66480525312,2147479552,32498065408,0
99,1713877707992,101692.65692138672,4700,1,0.30000000000000004,35559.10482788086,4700,1,0.30000000000000004,92018.33242797852,4700,1,0.30000000000000004,40478.048583984375,4700,1,0.30000000000000004,42116.750259399414,4700,1,0.30000000000000004,39191.41876220703,4700,1,0.30000000000000004,39784.561111450195,4700,1,0.30000000000000004,40528.772720336914,4700,1,0.30000000000000004,35612.20698547363,4700,1,0.30000000000000004,34180.93003845215,4700,1,0.30000000000000004,33667.08972167969,4700,1,0.30000000000000004,38290.85038757324,4700,1,0.30000000000000004,23637013.187423706,400,400,400,400,400,400,4691,400,400,400,4690,400,400,4690,400,400,400,400,4690,4690,400,4690,400,400,100,0,0,0,0,0,0,0,0,0,0,0,0,0,0,0,0,0,0,0,0,0,0,0,66480525312,2147479552,32707600384,0
99,1713877708092,101693.14077758789,4700,1,0.30000000000000004,35559.10639953613,4700,1,0.30000000000000004,92018.33444213867,4700,1,0.30000000000000004,40478.05392456055,4700,1,0.30000000000000004,42116.75386047363,4700,1,0.30000000000000004,39191.4268951416,4700,1,0.30000000000000004,39784.56593322754,4700,1,0.30000000000000004,40528.775787353516,4700,1,0.30000000000000004,35612.2087097168,4700,1,0.30000000000000004,34180.943450927734,4700,1,0.30000000000000004,33667.09129333496,4700,1,0.30000000000000004,38290.85205078125,4700,1,0.30000000000000004,23637016.799591064,400,400,400,400,400,400,4691,400,400,400,4690,400,400,4690,400,400,400,400,4690,4690,400,4690,400,400,100,4.761904716491699,0,0,0,0,0,0,0,0,0,0,0,0,0,0,0,0,0,0,0,0,0,0,66480525312,2147479552,32917135360,0
99,1713877708192,101693.62525939941,4700,1,0.30000000000000004,35559.10795593262,4700,1,0.30000000000000004,92018.33622741699,4700,1,0.30000000000000004,40478.058166503906,4700,1,0.30000000000000004,42116.75704956055,4700,1,0.30000000000000004,39191.43006896973,4700,1,0.30000000000000004,39784.56915283203,4700,1,0.30000000000000004,40528.77897644043,4700,1,0.30000000000000004,35612.210861206055,4700,1,0.30000000000000004,34180.95138549805,4700,1,0.30000000000000004,33667.09394836426,4700,1,0.30000000000000004,38290.85362243652,4700,1,0.30000000000000004,23637020.370773315,400,400,400,400,400,400,4691,400,400,400,4690,400,400,4690,400,400,400,400,4690,4690,400,4690,400,400,100,4.761904716491699,0,0,0,0,0,0,0,0,0,0,0,0,0,0,0,0,0,0,0,0,0,0,66480525312,2147479552,33127186432,0
99,1713877708292,101694.11009216309,4700,1,0.30000000000000004,35559.10954284668,4700,1,0.30000000000000004,92018.3384552002,4700,1,0.30000000000000004,40478.0625,4700,1,0.30000000000000004,42116.76028442383,4700,1,0.30000000000000004,39191.43325805664,4700,1,0.30000000000000004,39784.57225036621,4700,1,0.30000000000000004,40528.78211975098,4700,1,0.30000000000000004,35612.212829589844,4700,1,0.30000000000000004,34180.96220397949,4700,1,0.30000000000000004,33667.09553527832,4700,1,0.30000000000000004,38290.85731506348,4700,1,0.30000000000000004,23637023.86557007,400,400,400,400,400,400,4691,400,400,400,4690,400,400,4690,400,400,400,400,4690,4690,400,4690,400,400,100,0,0,0,0,0,0,0,0,0,0,0,0,0,0,0,0,0,0,0,0,0,0,0,66480525312,2147479552,33336721408,0
99,1713877708392,101694.64730834961,4700,1,0.30000000000000004,35559.11111450195,4700,1,0.30000000000000004,92018.34042358398,4700,1,0.30000000000000004,40478.066329956055,4700,1,0.30000000000000004,42116.76348876953,4700,1,0.30000000000000004,39191.436614990234,4700,1,0.30000000000000004,39784.57704162598,4700,1,0.30000000000000004,40528.7852935791,4700,1,0.30000000000000004,35612.215255737305,4700,1,0.30000000000000004,34180.97428894043,4700,1,0.30000000000000004,33667.09832763672,4700,1,0.30000000000000004,38290.859115600586,4700,1,0.30000000000000004,23637027.534744263,400,400,400,400,400,400,4691,400,400,400,4690,400,400,4690,400,400,400,400,4690,4690,400,4690,400,400,100,0,0,0,0,0,0,0,0,0,0,0,0,0,0,0,0,0,0,0,0,0,0,0,66480525312,2147479552,32334741504,0
99,1713877708492,101695.24263000488,4700,1,0.30000000000000004,35559.11268615723,4700,1,0.30000000000000004,92018.34254455566,4700,1,0.30000000000000004,40478.06945800781,4700,1,0.30000000000000004,42116.76658630371,4700,1,0.30000000000000004,39191.43977355957,4700,1,0.30000000000000004,39784.580139160156,4700,1,0.30000000000000004,40528.78839111328,4700,1,0.30000000000000004,35612.217361450195,4700,1,0.30000000000000004,34180.98991394043,4700,1,0.30000000000000004,33667.09994506836,4700,1,0.30000000000000004,38290.86068725586,4700,1,0.30000000000000004,23637031.35810852,400,400,400,400,400,400,4691,400,400,400,4690,400,400,4690,400,400,400,400,4690,4690,400,4690,400,400,100,0,0,0,0,0,0,0,0,0,0,0,0,0,0,0,0,0,0,0,0,0,0,0,66480525312,2147479552,29992808448,0
99,1713877708592,101695.83952331543,4700,1,0.30000000000000004,35559.1142578125,4700,1,0.30000000000000004,92018.34434509277,4700,1,0.30000000000000004,40478.07258605957,4700,1,0.30000000000000004,42116.76974487305,4700,1,0.30000000000000004,39191.44287109375,4700,1,0.30000000000000004,39784.583236694336,4700,1,0.30000000000000004,40528.79148864746,4700,1,0.30000000000000004,35612.220291137695,4700,1,0.30000000000000004,34181.0065612793,4700,1,0.30000000000000004,33667.10151672363,4700,1,0.30000000000000004,38290.86360168457,4700,1,0.30000000000000004,23637035.237426758,400,400,400,400,400,400,4691,400,400,400,4690,400,400,4690,400,400,400,400,4690,4690,400,4690,400,400,100,0,0,0,0,0,0,0,0,0,0,0,0,0,0,0,0,0,0,0,0,0,0,0,66480525312,2147479552,27634741248,0
99,1713877708692,101696.42875671387,4700,1,0.30000000000000004,35559.11599731445,4700,1,0.30000000000000004,92018.34619140625,4700,1,0.30000000000000004,40478.07582092285,4700,1,0.30000000000000004,42116.775451660156,4700,1,0.30000000000000004,39191.44692993164,4700,1,0.30000000000000004,39784.58676147461,4700,1,0.30000000000000004,40528.79458618164,4700,1,0.30000000000000004,35612.22235107422,4700,1,0.30000000000000004,34181.020736694336,4700,1,0.30000000000000004,33667.10479736328,4700,1,0.30000000000000004,38290.86528015137,4700,1,0.30000000000000004,23637039.107162476,400,400,400,400,400,400,4691,400,400,400,4690,400,400,4690,400,400,400,400,4690,4690,400,4690,400,400,100,0,0,0,0,0,0,0,0,0,0,0,0,0,0,0,0,0,0,0,0,0,0,0,66480525312,2147479552,25303564288,0
99,1713877708792,101697.02510070801,4700,1,0.30000000000000004,35559.11756896973,4700,1,0.30000000000000004,92018.34864807129,4700,1,0.30000000000000004,40478.079010009766,4700,1,0.30000000000000004,42116.77851867676,4700,1,0.30000000000000004,39191.450927734375,4700,1,0.30000000000000004,39784.58982849121,4700,1,0.30000000000000004,40528.798263549805,4700,1,0.30000000000000004,35612.22465515137,4700,1,0.30000000000000004,34181.034606933594,4700,1,0.30000000000000004,33667.106369018555,4700,1,0.30000000000000004,38290.86688232422,4700,1,0.30000000000000004,23637042.981262207,400,400,400,400,400,400,4691,400,400,400,4690,400,400,4690,400,400,400,400,4690,4690,400,4690,400,400,100,0,0,0,0,0,0,0,0,0,0,0,0,0,0,0,0,0,0,0,0,0,0,0,66480525312,2147479552,22955966464,0
99,1713877708892,101697.62176513672,4700,1,0.30000000000000004,35559.11917114258,4700,1,0.30000000000000004,92018.3504486084,4700,1,0.30000000000000004,40478.08219909668,4700,1,0.30000000000000004,42116.78163146973,4700,1,0.30000000000000004,39191.45407104492,4700,1,0.30000000000000004,39784.59292602539,4700,1,0.30000000000000004,40528.801361083984,4700,1,0.30000000000000004,35612.226821899414,4700,1,0.30000000000000004,34181.043060302734,4700,1,0.30000000000000004,33667.10792541504,4700,1,0.30000000000000004,38290.86849975586,4700,1,0.30000000000000004,23637046.90525818,400,400,400,400,400,400,4691,400,400,400,4690,400,400,4690,400,400,400,400,4690,4690,400,4690,400,400,100,0,0,0,0,0,0,0,0,0,0,0,0,0,0,0,0,0,0,0,0,0,0,0,66480525312,2147479552,20598312960,0
99,1713877708992,101698.14164733887,4700,1,0.30000000000000004,35559.1208190918,4700,1,0.30000000000000004,92018.35247802734,4700,1,0.30000000000000004,40478.08625793457,4700,1,0.30000000000000004,42116.78564453125,4700,1,0.30000000000000004,39191.45762634277,4700,1,0.30000000000000004,39784.5966796875,4700,1,0.30000000000000004,40528.80451965332,4700,1,0.30000000000000004,35612.229064941406,4700,1,0.30000000000000004,34181.05583190918,4700,1,0.30000000000000004,33667.11135864258,4700,1,0.30000000000000004,38290.8701171875,4700,1,0.30000000000000004,23637050.665481567,400,400,400,400,400,400,4691,400,400,400,4690,400,400,4690,400,400,400,400,4690,4690,400,4690,400,400,100,0,0,0,0,0,0,0,0,0,0,0,0,0,0,0,0,0,0,0,0,0,0,0,66480525312,2147479552,20653391872,0
99,1713877709092,101698.61961364746,4700,1,0.30000000000000004,35559.12239074707,4700,1,0.30000000000000004,92018.35444641113,4700,1,0.30000000000000004,40478.090591430664,4700,1,0.30000000000000004,42116.788818359375,4700,1,0.30000000000000004,39191.46533203125,4700,1,0.30000000000000004,39784.60110473633,4700,1,0.30000000000000004,40528.8076171875,4700,1,0.30000000000000004,35612.23081970215,4700,1,0.30000000000000004,34181.067459106445,4700,1,0.30000000000000004,33667.11293029785,4700,1,0.30000000000000004,38290.87365722656,4700,1,0.30000000000000004,23637054.36869812,400,400,400,400,400,400,4691,400,400,400,4690,400,400,4690,400,400,400,400,4690,4690,400,4690,400,400,100,0,0,0,0,0,0,0,0,0,0,0,0,0,0,0,0,0,0,0,0,0,0,0,66480525312,2147479552,20856733696,0
99,1713877709192,101699.10192871094,4700,1,0.30000000000000004,35559.13807678223,4700,1,0.30000000000000004,92018.36756896973,4700,1,0.30000000000000004,40478.114654541016,4700,1,0.30000000000000004,42116.804763793945,4700,1,0.30000000000000004,39191.48452758789,4700,1,0.30000000000000004,39784.622009277344,4700,1,0.30000000000000004,40528.825119018555,4700,1,0.30000000000000004,35612.246322631836,4700,1,0.30000000000000004,34181.097579956055,4700,1,0.30000000000000004,33667.12890625,4700,1,0.30000000000000004,38290.88735961914,4700,1,0.30000000000000004,23637058.14237976,400,400,400,400,400,400,4691,400,400,400,4690,400,400,4690,400,400,400,400,4690,4690,400,4690,400,400,100,0,0,0,0,0,0,0,0,0,0,0,0,0,0,0,0,0,0,0,0,0,0,0,66480525312,2147479552,21062656000,0
99,1713877709293,101699.58386230469,4700,1,0.30000000000000004,35559.14155578613,4700,1,0.30000000000000004,92018.37295532227,4700,1,0.30000000000000004,40478.12660217285,4700,1,0.30000000000000004,42116.81022644043,4700,1,0.30000000000000004,39191.490493774414,4700,1,0.30000000000000004,39784.62747192383,4700,1,0.30000000000000004,40528.8293762207,4700,1,0.30000000000000004,35612.251205444336,4700,1,0.30000000000000004,34181.11508178711,4700,1,0.30000000000000004,33667.13188171387,4700,1,0.30000000000000004,38290.891357421875,4700,1,0.30000000000000004,23637061.74459839,400,400,400,400,400,400,4691,400,400,400,4690,400,400,4690,400,400,400,400,4690,4690,400,4690,400,400,100,0,0,0,0,0,0,0,0,0,0,0,0,0,0,0,0,0,0,0,0,0,0,0,66480525312,2147479552,21269610496,0
99,1713877709393,101700.06137084961,4700,1,0.30000000000000004,35559.143127441406,4700,1,0.30000000000000004,92018.37478637695,4700,1,0.30000000000000004,40478.13082885742,4700,1,0.30000000000000004,42116.815689086914,4700,1,0.30000000000000004,39191.49363708496,4700,1,0.30000000000000004,39784.630615234375,4700,1,0.30000000000000004,40528.83247375488,4700,1,0.30000000000000004,35612.253173828125,4700,1,0.30000000000000004,34181.12957763672,4700,1,0.30000000000000004,33667.13345336914,4700,1,0.30000000000000004,38290.89292907715,4700,1,0.30000000000000004,23637065.289108276,400,400,400,400,400,400,4691,400,400,400,4690,400,400,4690,400,400,400,400,4690,4690,400,4690,400,400,100,0,0,0,0,0,0,0,0,0,0,0,0,0,0,0,0,0,0,0,0,0,0,0,66480525312,2147479552,21476564992,0
99,1713877709493,101700.54583740234,4700,1,0.30000000000000004,35559.1448059082,4700,1,0.30000000000000004,92018.37704467773,4700,1,0.30000000000000004,40478.13508605957,4700,1,0.30000000000000004,42116.818786621094,4700,1,0.30000000000000004,39191.49671936035,4700,1,0.30000000000000004,39784.633728027344,4700,1,0.30000000000000004,40528.835540771484,4700,1,0.30000000000000004,35612.25503540039,4700,1,0.30000000000000004,34181.143127441406,4700,1,0.30000000000000004,33667.136962890625,4700,1,0.30000000000000004,38290.89454650879,4700,1,0.30000000000000004,23637068.81903076,400,400,400,400,400,400,4691,400,400,400,4690,400,400,4690,400,400,400,400,4690,4690,400,4690,400,400,100,0,0,0,0,0,0,0,0,0,0,0,0,0,0,0,0,0,0,0,0,0,0,0,66480525312,2147479552,21685583872,0
99,1713877709593,101701.02928161621,4700,1,0.30000000000000004,35559.14636230469,4700,1,0.30000000000000004,92018.37879943848,4700,1,0.30000000000000004,40478.13932800293,4700,1,0.30000000000000004,42116.82189941406,4700,1,0.30000000000000004,39191.50019836426,4700,1,0.30000000000000004,39784.63682556152,4700,1,0.30000000000000004,40528.838638305664,4700,1,0.30000000000000004,35612.25695800781,4700,1,0.30000000000000004,34181.151275634766,4700,1,0.30000000000000004,33667.13851928711,4700,1,0.30000000000000004,38290.897384643555,4700,1,0.30000000000000004,23637072.363357544,400,400,400,400,400,400,4691,400,400,400,4690,400,400,4690,400,400,400,400,4690,4690,400,4690,400,400,100,0,0,0,0,0,0,0,0,0,0,0,0,0,0,0,0,0,0,0,0,0,0,0,66480525312,2147479552,21893570560,0
99,1713877709693,101701.51266479492,4700,1,0.30000000000000004,35559.1481628418,4700,1,0.30000000000000004,92018.38066101074,4700,1,0.30000000000000004,40478.144119262695,4700,1,0.30000000000000004,42116.82504272461,4700,1,0.30000000000000004,39191.5126953125,4700,1,0.30000000000000004,39784.64015197754,4700,1,0.30000000000000004,40528.84178161621,4700,1,0.30000000000000004,35612.258865356445,4700,1,0.30000000000000004,34181.163665771484,4700,1,0.30000000000000004,33667.14059448242,4700,1,0.30000000000000004,38290.89924621582,4700,1,0.30000000000000004,23637075.868850708,400,400,400,400,400,400,4691,400,400,400,4690,400,400,4690,400,400,400,400,4690,4690,400,4690,400,400,100,0,0,0,0,0,0,0,0,0,0,0,0,0,0,0,0,0,0,0,0,0,0,0,66480525312,2147479552,22102274048,0
99,1713877709793,101701.99725341797,4700,1,0.30000000000000004,35559.150329589844,4700,1,0.30000000000000004,92018.38314819336,4700,1,0.30000000000000004,40478.148376464844,4700,1,0.30000000000000004,42116.82814025879,4700,1,0.30000000000000004,39191.51579284668,4700,1,0.30000000000000004,39784.64338684082,4700,1,0.30000000000000004,40528.84487915039,4700,1,0.30000000000000004,35612.261322021484,4700,1,0.30000000000000004,34181.17582702637,4700,1,0.30000000000000004,33667.142166137695,4700,1,0.30000000000000004,38290.90086364746,4700,1,0.30000000000000004,23637079.41329956,400,400,400,400,400,400,4691,400,400,400,4690,400,400,4690,400,400,400,400,4690,4690,400,4690,400,400,100,0,0,0,0,0,0,0,0,0,0,0,0,0,0,0,0,0,0,0,0,0,0,0,66480525312,2147479552,22311292928,0
99,1713877709893,101702.48184204102,4700,1,0.30000000000000004,35559.15190124512,4700,1,0.30000000000000004,92018.38500976563,4700,1,0.30000000000000004,40478.15263366699,4700,1,0.30000000000000004,42116.83123779297,4700,1,0.30000000000000004,39191.51889038086,4700,1,0.30000000000000004,39784.64653015137,4700,1,0.30000000000000004,40528.84797668457,4700,1,0.30000000000000004,35612.26301574707,4700,1,0.30000000000000004,34181.18688964844,4700,1,0.30000000000000004,33667.14373779297,4700,1,0.30000000000000004,38290.902435302734,4700,1,0.30000000000000004,23637082.93789673,400,400,400,400,400,400,4691,400,400,400,4690,400,400,4690,400,400,400,400,4690,4690,400,4690,400,400,100,0,0,0,0,0,0,0,0,0,0,0,0,0,0,0,0,0,0,0,0,0,0,0,66480525312,2147479552,22520827904,0
99,1713877709993,101702.96589660645,4700,1,0.30000000000000004,35559.15351867676,4700,1,0.30000000000000004,92018.3869934082,4700,1,0.30000000000000004,40478.15705871582,4700,1,0.30000000000000004,42116.83525085449,4700,1,0.30000000000000004,39191.5221862793,4700,1,0.30000000000000004,39784.650619506836,4700,1,0.30000000000000004,40528.85111999512,4700,1,0.30000000000000004,35612.2649230957,4700,1,0.30000000000000004,34181.20170593262,4700,1,0.30000000000000004,33667.14715576172,4700,1,0.30000000000000004,38290.90400695801,4700,1,0.30000000000000004,23637086.484298706,400,400,400,400,400,400,4691,400,400,400,4690,400,400,4690,400,400,400,400,4690,4690,400,4690,400,400,100,0,0,0,0,0,0,0,0,0,0,0,0,0,0,0,0,0,0,0,0,0,0,0,66480525312,2147479552,22729846784,0
99,1713877710093,101703.44444274902,4700,1,0.30000000000000004,35559.156509399414,4700,1,0.30000000000000004,92018.38905334473,4700,1,0.30000000000000004,40478.16162109375,4700,1,0.30000000000000004,42116.83857727051,4700,1,0.30000000000000004,39191.52549743652,4700,1,0.30000000000000004,39784.6589050293,4700,1,0.30000000000000004,40528.8543548584,4700,1,0.30000000000000004,35612.26678466797,4700,1,0.30000000000000004,34181.21562194824,4700,1,0.30000000000000004,33667.14888000488,4700,1,0.30000000000000004,38290.906799316406,4700,1,0.30000000000000004,23637090.071273804,400,400,400,400,400,400,4691,400,400,400,4690,400,400,4690,400,400,400,400,4690,4690,400,4690,400,400,100,0,0,0,0,0,0,0,0,0,0,0,0,0,0,0,0,0,0,0,0,0,0,0,66480525312,2147479552,22938865664,0
99,1713877710193,101703.9287109375,4700,1,0.30000000000000004,35559.15808105469,4700,1,0.30000000000000004,92018.39082336426,4700,1,0.30000000000000004,40478.16650390625,4700,1,0.30000000000000004,42116.84164428711,4700,1,0.30000000000000004,39191.528564453125,4700,1,0.30000000000000004,39784.662109375,4700,1,0.30000000000000004,40528.85743713379,4700,1,0.30000000000000004,35612.26858520508,4700,1,0.30000000000000004,34181.229248046875,4700,1,0.30000000000000004,33667.15054321289,4700,1,0.30000000000000004,38290.90841674805,4700,1,0.30000000000000004,23637093.59501648,400,400,400,400,400,400,4691,400,400,400,4690,400,400,4690,400,400,400,400,4690,4690,400,4690,400,400,100,0,0,0,0,0,0,0,0,0,0,0,0,0,0,0,0,0,0,0,0,0,0,0,66480525312,2147479552,23147884544,0
99,1713877710293,101704.41384887695,4700,1,0.30000000000000004,35559.15965270996,4700,1,0.30000000000000004,92018.39283752441,4700,1,0.30000000000000004,40478.17077636719,4700,1,0.30000000000000004,42116.84489440918,4700,1,0.30000000000000004,39191.531677246094,4700,1,0.30000000000000004,39784.66522216797,4700,1,0.30000000000000004,40528.86053466797,4700,1,0.30000000000000004,35612.27049255371,4700,1,0.30000000000000004,34181.23571777344,4700,1,0.30000000000000004,33667.152099609375,4700,1,0.30000000000000004,38290.90997314453,4700,1,0.30000000000000004,23637097.121551514,400,400,400,400,400,400,4691,400,400,400,4690,400,400,4690,400,400,400,400,4690,4690,400,4690,400,400,100,0,0,0,0,0,0,0,0,0,0,0,0,0,0,0,0,0,0,0,0,0,0,0,66480525312,2147479552,23357419520,0
99,1713877710393,101704.89863586426,4700,1,0.30000000000000004,35559.161209106445,4700,1,0.30000000000000004,92018.39463806152,4700,1,0.30000000000000004,40478.17501831055,4700,1,0.30000000000000004,42116.84803771973,4700,1,0.30000000000000004,39191.53483581543,4700,1,0.30000000000000004,39784.66831970215,4700,1,0.30000000000000004,40528.86364746094,4700,1,0.30000000000000004,35612.272872924805,4700,1,0.30000000000000004,34181.248046875,4700,1,0.30000000000000004,33667.15367126465,4700,1,0.30000000000000004,38290.911544799805,4700,1,0.30000000000000004,23637100.645126343,400,400,400,400,400,400,4691,400,400,400,4690,400,400,4690,400,400,400,400,4690,4690,400,4690,400,400,100,0,0,0,0,0,0,0,0,0,0,0,0,0,0,0,0,0,0,0,0,0,0,0,66480525312,2147479552,23567470592,0
99,1713877710493,101705.38221740723,4700,1,0.30000000000000004,35559.16278076172,4700,1,0.30000000000000004,92018.39678955078,4700,1,0.30000000000000004,40478.179260253906,4700,1,0.30000000000000004,42116.851135253906,4700,1,0.30000000000000004,39191.53797912598,4700,1,0.30000000000000004,39784.67141723633,4700,1,0.30000000000000004,40528.86674499512,4700,1,0.30000000000000004,35612.27470397949,4700,1,0.30000000000000004,34181.25930786133,4700,1,0.30000000000000004,33667.15721130371,4700,1,0.30000000000000004,38290.91311645508,4700,1,0.30000000000000004,23637104.200057983,400,400,400,400,400,400,4691,400,400,400,4690,400,400,4690,400,400,400,400,4690,4690,400,4690,400,400,100,0,0,0,0,0,0,0,0,0,0,0,0,0,0,0,0,0,0,0,0,0,0,0,66480525312,2147479552,23776489472,0
99,1713877710593,101705.86660766602,4700,1,0.30000000000000004,35559.16435241699,4700,1,0.30000000000000004,92018.39855957031,4700,1,0.30000000000000004,40478.183502197266,4700,1,0.30000000000000004,42116.854232788086,4700,1,0.30000000000000004,39191.541076660156,4700,1,0.30000000000000004,39784.67451477051,4700,1,0.30000000000000004,40528.8698425293,4700,1,0.30000000000000004,35612.27702331543,4700,1,0.30000000000000004,34181.270568847656,4700,1,0.30000000000000004,33667.158782958984,4700,1,0.30000000000000004,38290.915939331055,4700,1,0.30000000000000004,23637107.758499146,400,400,400,400,400,400,4691,400,400,400,4690,400,400,4690,400,400,400,400,4690,4690,400,4690,400,400,100,0,0,0,0,0,0,0,0,0,0,0,0,0,0,0,0,0,0,0,0,0,0,0,66480525312,2147479552,23985508352,0
99,1713877710693,101706.35231018066,4700,1,0.30000000000000004,35559.16606140137,4700,1,0.30000000000000004,92018.40036010742,4700,1,0.30000000000000004,40478.18852233887,4700,1,0.30000000000000004,42116.85984802246,4700,1,0.30000000000000004,39191.544174194336,4700,1,0.30000000000000004,39784.67778015137,4700,1,0.30000000000000004,40528.87294006348,4700,1,0.30000000000000004,35612.27877807617,4700,1,0.30000000000000004,34181.28498840332,4700,1,0.30000000000000004,33667.16084289551,4700,1,0.30000000000000004,38290.91764831543,4700,1,0.30000000000000004,23637111.288253784,400,400,400,400,400,400,4691,400,400,400,4690,400,400,4690,400,400,400,400,4690,4690,400,4690,400,400,100,0,0,0,0,0,0,0,0,0,0,0,0,0,0,0,0,0,0,0,0,0,0,0,66480525312,2147479552,24195817472,0
99,1713877710793,101706.83190917969,4700,1,0.30000000000000004,35559.16763305664,4700,1,0.30000000000000004,92018.40267944336,4700,1,0.30000000000000004,40478.19282531738,4700,1,0.30000000000000004,42116.863540649414,4700,1,0.30000000000000004,39191.54864501953,4700,1,0.30000000000000004,39784.68087768555,4700,1,0.30000000000000004,40528.87797546387,4700,1,0.30000000000000004,35612.28123474121,4700,1,0.30000000000000004,34181.29948425293,4700,1,0.30000000000000004,33667.16246032715,4700,1,0.30000000000000004,38290.9192199707,4700,1,0.30000000000000004,23637114.876190186,400,400,400,400,400,400,4691,400,400,400,4690,400,400,4690,400,400,400,400,4690,4690,400,4690,400,400,100,0,0,0,0,0,0,0,0,0,0,0,0,0,0,0,0,0,0,0,0,0,0,0,66480525312,2147479552,24405352448,0
99,1713877710893,101707.31550598145,4700,1,0.30000000000000004,35559.169204711914,4700,1,0.30000000000000004,92018.40447998047,4700,1,0.30000000000000004,40478.19708251953,4700,1,0.30000000000000004,42116.86689758301,4700,1,0.30000000000000004,39191.55171203613,4700,1,0.30000000000000004,39784.68394470215,4700,1,0.30000000000000004,40528.88107299805,4700,1,0.30000000000000004,35612.28288269043,4700,1,0.30000000000000004,34181.312591552734,4700,1,0.30000000000000004,33667.16403198242,4700,1,0.30000000000000004,38290.92079162598,4700,1,0.30000000000000004,23637118.41835022,400,400,400,400,400,400,4691,400,400,400,4690,400,400,4690,400,400,400,400,4690,4690,400,4690,400,400,100,0,0,0,0,0,0,0,0,0,0,0,0,0,0,0,0,0,0,0,0,0,0,0,66480525312,2147479552,24614371328,0
99,1713877710993,101707.79887390137,4700,1,0.30000000000000004,35559.1707611084,4700,1,0.30000000000000004,92018.40650939941,4700,1,0.30000000000000004,40478.2014465332,4700,1,0.30000000000000004,42116.87008666992,4700,1,0.30000000000000004,39191.55488586426,4700,1,0.30000000000000004,39784.68721008301,4700,1,0.30000000000000004,40528.88414001465,4700,1,0.30000000000000004,35612.287109375,4700,1,0.30000000000000004,34181.320083618164,4700,1,0.30000000000000004,33667.167541503906,4700,1,0.30000000000000004,38290.92234802246,4700,1,0.30000000000000004,23637122.013534546,400,400,400,400,400,400,4691,400,400,400,4690,400,400,4690,400,400,400,400,4690,4690,400,4690,400,400,100,0,0,0,0,0,0,0,0,0,0,0,0,0,0,0,0,0,0,0,0,0,0,0,66480525312,2147479552,24823390208,0
99,1713877711093,101708.28283691406,4700,1,0.30000000000000004,35559.172943115234,4700,1,0.30000000000000004,92018.40858459473,4700,1,0.30000000000000004,40478.20602416992,4700,1,0.30000000000000004,42116.87367248535,4700,1,0.30000000000000004,39191.55874633789,4700,1,0.30000000000000004,39784.69219970703,4700,1,0.30000000000000004,40528.889419555664,4700,1,0.30000000000000004,35612.29014587402,4700,1,0.30000000000000004,34181.33203125,4700,1,0.30000000000000004,33667.16914367676,4700,1,0.30000000000000004,38290.92720031738,4700,1,0.30000000000000004,23637125.56022644,400,400,400,400,400,400,4691,400,400,400,4690,400,400,4690,400,400,400,400,4690,4690,400,4690,400,400,100,0,0,0,0,0,0,0,0,0,0,0,0,0,0,0,0,0,0,0,0,0,0,0,66480525312,2147479552,25032925184,0
99,1713877711194,101708.7673034668,4700,1,0.30000000000000004,35559.17462158203,4700,1,0.30000000000000004,92018.41040039063,4700,1,0.30000000000000004,40478.21095275879,4700,1,0.30000000000000004,42116.87683105469,4700,1,0.30000000000000004,39191.56184387207,4700,1,0.30000000000000004,39784.69546508789,4700,1,0.30000000000000004,40528.892517089844,4700,1,0.30000000000000004,35612.29284667969,4700,1,0.30000000000000004,34181.343521118164,4700,1,0.30000000000000004,33667.17121887207,4700,1,0.30000000000000004,38290.92881774902,4700,1,0.30000000000000004,23637129.14326477,400,400,400,400,400,400,4691,400,400,400,4690,400,400,4690,400,400,400,400,4690,4690,400,4690,400,400,100,0,0,0,0,0,0,0,0,0,0,0,0,0,0,0,0,0,0,0,0,0,0,0,66480525312,2147479552,25241944064,0
99,1713877711294,101709.25146484375,4700,1,0.30000000000000004,35559.176193237305,4700,1,0.30000000000000004,92018.41244506836,4700,1,0.30000000000000004,40478.21522521973,4700,1,0.30000000000000004,42116.88003540039,4700,1,0.30000000000000004,39191.56494140625,4700,1,0.30000000000000004,39784.69856262207,4700,1,0.30000000000000004,40528.89561462402,4700,1,0.30000000000000004,35612.29473876953,4700,1,0.30000000000000004,34181.35241699219,4700,1,0.30000000000000004,33667.172790527344,4700,1,0.30000000000000004,38290.9303894043,4700,1,0.30000000000000004,23637132.764892578,400,400,400,400,400,400,4691,400,400,400,4690,400,400,4690,400,400,400,400,4690,4690,400,4690,400,400,100,0,0,0,0,0,0,0,0,0,0,0,0,0,0,0,0,0,0,0,0,0,0,0,66480525312,2147479552,25452511232,0
99,1713877711394,101709.7349395752,4700,1,0.30000000000000004,35559.17776489258,4700,1,0.30000000000000004,92018.41423034668,4700,1,0.30000000000000004,40478.219467163086,4700,1,0.30000000000000004,42116.88327026367,4700,1,0.30000000000000004,39191.57014465332,4700,1,0.30000000000000004,39784.70166015625,4700,1,0.30000000000000004,40528.8987121582,4700,1,0.30000000000000004,35612.297286987305,4700,1,0.30000000000000004,34181.36863708496,4700,1,0.30000000000000004,33667.17436218262,4700,1,0.30000000000000004,38290.933013916016,4700,1,0.30000000000000004,23637136.360290527,400,400,400,400,400,400,4691,400,400,400,4690,400,400,4690,400,400,400,400,4690,4690,400,4690,400,400,100,0,0,0,0,0,0,0,0,0,0,0,0,0,0,0,0,0,0,0,0,0,0,0,66480525312,2147479552,25661530112,0
99,1713877711494,101710.21421813965,4700,1,0.30000000000000004,35559.17933654785,4700,1,0.30000000000000004,92018.41638183594,4700,1,0.30000000000000004,40478.22367858887,4700,1,0.30000000000000004,42116.88636779785,4700,1,0.30000000000000004,39191.57342529297,4700,1,0.30000000000000004,39784.70475769043,4700,1,0.30000000000000004,40528.90180969238,4700,1,0.30000000000000004,35612.299392700195,4700,1,0.30000000000000004,34181.38383483887,4700,1,0.30000000000000004,33667.17784118652,4700,1,0.30000000000000004,38290.93458557129,4700,1,0.30000000000000004,23637139.96206665,400,400,400,400,400,400,4691,400,400,400,4690,400,400,4690,400,400,400,400,4690,4690,400,4690,400,400,100,0,0,0,0,0,0,0,0,0,0,0,0,0,0,0,0,0,0,0,0,5,0,0,66480525312,2147479552,25871065088,0
99,1713877711594,101710.69808959961,4700,1,0.30000000000000004,35559.180923461914,4700,1,0.30000000000000004,92018.42764282227,4700,1,0.30000000000000004,40478.22792053223,4700,1,0.30000000000000004,42116.88943481445,4700,1,0.30000000000000004,39191.57649230957,4700,1,0.30000000000000004,39784.70782470703,4700,1,0.30000000000000004,40528.904876708984,4700,1,0.30000000000000004,35612.301666259766,4700,1,0.30000000000000004,34181.39889526367,4700,1,0.30000000000000004,33667.17953491211,4700,1,0.30000000000000004,38290.93885803223,4700,1,0.30000000000000004,23637143.583633423,400,400,400,400,400,400,4691,400,400,400,4690,400,400,4690,400,400,400,400,4690,4690,400,4690,400,400,100,0,0,0,0,0,0,0,0,0,0,0,0,0,0,0,0,0,0,0,0,5,0,0,66480525312,2147479552,26080600064,0
99,1713877711694,101711.18128967285,4700,1,0.30000000000000004,35559.1826171875,4700,1,0.30000000000000004,92018.42944335938,4700,1,0.30000000000000004,40478.23246765137,4700,1,0.30000000000000004,42116.89505004883,4700,1,0.30000000000000004,39191.58924865723,4700,1,0.30000000000000004,39784.7110748291,4700,1,0.30000000000000004,40528.910583496094,4700,1,0.30000000000000004,35612.3037109375,4700,1,0.30000000000000004,34181.408203125,4700,1,0.30000000000000004,33667.18118286133,4700,1,0.30000000000000004,38290.9405670166,4700,1,0.30000000000000004,23637147.215194702,400,400,400,400,400,400,4691,400,400,400,4690,400,400,4690,400,400,400,400,4690,4690,400,4690,400,400,100,0,0,0,0,0,0,0,0,0,0,0,0,0,0,0,0,0,0,0,0,0,0,0,66480525312,2147479552,26289876992,0
99,1713877711794,101711.66586303711,4700,1,0.30000000000000004,35559.184173583984,4700,1,0.30000000000000004,92018.43182373047,4700,1,0.30000000000000004,40478.237075805664,4700,1,0.30000000000000004,42116.89814758301,4700,1,0.30000000000000004,39191.59239196777,4700,1,0.30000000000000004,39784.71420288086,4700,1,0.30000000000000004,40528.91491699219,4700,1,0.30000000000000004,35612.3065032959,4700,1,0.30000000000000004,34181.42253112793,4700,1,0.30000000000000004,33667.1827545166,4700,1,0.30000000000000004,38290.942138671875,4700,1,0.30000000000000004,23637150.788131714,400,400,400,400,400,400,4691,400,400,400,4690,400,400,4690,400,400,400,400,4690,4690,400,4690,400,400,100,0,0,0,0,0,0,0,0,0,0,0,0,0,0,0,0,0,0,0,0,0,0,0,66480525312,2147479552,26499411968,0
99,1713877711894,101712.15023803711,4700,1,0.30000000000000004,35559.18574523926,4700,1,0.30000000000000004,92018.43365478516,4700,1,0.30000000000000004,40478.24131774902,4700,1,0.30000000000000004,42116.90124511719,4700,1,0.30000000000000004,39191.59548950195,4700,1,0.30000000000000004,39784.71730041504,4700,1,0.30000000000000004,40528.91801452637,4700,1,0.30000000000000004,35612.30828857422,4700,1,0.30000000000000004,34181.43551635742,4700,1,0.30000000000000004,33667.184326171875,4700,1,0.30000000000000004,38290.945571899414,4700,1,0.30000000000000004,23637154.34625244,400,400,400,400,400,400,4691,400,400,400,4690,400,400,4690,400,400,400,400,4690,4690,400,4690,400,400,100,0,0,0,0,0,0,0,0,0,0,0,0,0,0,0,0,0,0,0,0,4.761904716491699,0,0,66480525312,2147479552,26708946944,0
99,1713877711994,101712.63511657715,4700,1,0.30000000000000004,35559.18733215332,4700,1,0.30000000000000004,92018.43580627441,4700,1,0.30000000000000004,40478.24557495117,4700,1,0.30000000000000004,42116.9051361084,4700,1,0.30000000000000004,39191.59864807129,4700,1,0.30000000000000004,39784.72317504883,4700,1,0.30000000000000004,40528.9211730957,4700,1,0.30000000000000004,35612.31117248535,4700,1,0.30000000000000004,34181.44903564453,4700,1,0.30000000000000004,33667.18630981445,4700,1,0.30000000000000004,38290.94714355469,4700,1,0.30000000000000004,23637157.886016846,400,400,400,400,400,400,4691,400,400,400,4690,400,400,4690,400,400,400,400,4690,4690,400,4690,400,400,100,0,0,0,0,0,0,0,0,0,0,0,0,0,0,0,0,0,0,0,0,4.761904716491699,0,0,66480525312,2147479552,26918481920,0
99,1713877712094,101713.11883544922,4700,1,0.30000000000000004,35559.18893432617,4700,1,0.30000000000000004,92018.43769836426,4700,1,0.30000000000000004,40478.249908447266,4700,1,0.30000000000000004,42116.9083404541,4700,1,0.30000000000000004,39191.604721069336,4700,1,0.30000000000000004,39784.72741699219,4700,1,0.30000000000000004,40528.92433166504,4700,1,0.30000000000000004,35612.31295776367,4700,1,0.30000000000000004,34181.46505737305,4700,1,0.30000000000000004,33667.187911987305,4700,1,0.30000000000000004,38290.948791503906,4700,1,0.30000000000000004,23637161.455718994,400,400,400,400,400,400,4691,400,400,400,4690,400,400,4690,400,400,400,400,4690,4690,400,4690,400,400,100,0,0,0,0,0,0,0,0,0,0,0,0,0,0,0,0,0,0,0,0,0,0,0,66480525312,2147479552,27127500800,0
99,1713877712194,101713.59674072266,4700,1,0.30000000000000004,35559.190505981445,4700,1,0.30000000000000004,92018.43946838379,4700,1,0.30000000000000004,40478.25427246094,4700,1,0.30000000000000004,42116.91143798828,4700,1,0.30000000000000004,39191.60786437988,4700,1,0.30000000000000004,39784.732192993164,4700,1,0.30000000000000004,40528.92742919922,4700,1,0.30000000000000004,35612.315368652344,4700,1,0.30000000000000004,34181.48085021973,4700,1,0.30000000000000004,33667.18997192383,4700,1,0.30000000000000004,38290.95050048828,4700,1,0.30000000000000004,23637165.08807373,400,400,400,400,400,400,4691,400,400,400,4690,400,400,4690,400,400,400,400,4690,4690,400,4690,400,400,100,0,0,0,0,0,0,0,0,0,0,0,0,0,0,0,0,0,0,0,0,0,0,0,66480525312,2147479552,27336519680,0
99,1713877712294,101714.08074951172,4700,1,0.30000000000000004,35559.19207763672,4700,1,0.30000000000000004,92018.44157409668,4700,1,0.30000000000000004,40478.259048461914,4700,1,0.30000000000000004,42116.914611816406,4700,1,0.30000000000000004,39191.610931396484,4700,1,0.30000000000000004,39784.735290527344,4700,1,0.30000000000000004,40528.9305267334,4700,1,0.30000000000000004,35612.31742858887,4700,1,0.30000000000000004,34181.494064331055,4700,1,0.30000000000000004,33667.1915435791,4700,1,0.30000000000000004,38290.952072143555,4700,1,0.30000000000000004,23637168.694229126,400,400,400,400,400,400,4691,400,400,400,4690,400,400,4690,400,400,400,400,4690,4690,400,4690,400,400,100,0,0,0,0,0,0,0,0,0,0,0,0,0,0,0,0,0,0,0,0,4.761904716491699,0,0,66480525312,2147479552,27546570752,0
99,1713877712394,101714.56616210938,4700,1,0.30000000000000004,35559.19366455078,4700,1,0.30000000000000004,92018.44332885742,4700,1,0.30000000000000004,40478.26338195801,4700,1,0.30000000000000004,42116.91780090332,4700,1,0.30000000000000004,39191.61408996582,4700,1,0.30000000000000004,39784.7384185791,4700,1,0.30000000000000004,40528.93603515625,4700,1,0.30000000000000004,35612.319885253906,4700,1,0.30000000000000004,34181.503479003906,4700,1,0.30000000000000004,33667.193099975586,4700,1,0.30000000000000004,38290.95364379883,4700,1,0.30000000000000004,23637172.263015747,400,400,400,400,400,400,4691,400,400,400,4690,400,400,4690,400,400,400,400,4690,4690,400,4690,400,400,100,0,0,0,0,0,0,0,0,0,0,0,0,0,0,0,0,0,0,0,0,4.761904716491699,0,0,66480525312,2147479552,27756621824,0
99,1713877712494,101715.0511932373,4700,1,0.30000000000000004,35559.195236206055,4700,1,0.30000000000000004,92018.44541931152,4700,1,0.30000000000000004,40478.26762390137,4700,1,0.30000000000000004,42116.9208984375,4700,1,0.30000000000000004,39191.6171875,4700,1,0.30000000000000004,39784.74151611328,4700,1,0.30000000000000004,40528.9391784668,4700,1,0.30000000000000004,35612.32191467285,4700,1,0.30000000000000004,34181.51696777344,4700,1,0.30000000000000004,33667.19467163086,4700,1,0.30000000000000004,38290.9552154541,4700,1,0.30000000000000004,23637175.78514099,400,400,400,400,400,400,4691,400,400,400,4690,400,400,4690,400,400,400,400,4690,4690,400,4690,400,400,100,0,0,0,0,0,0,0,0,0,0,0,0,0,0,0,0,0,0,0,0,4.761904716491699,0,0,66480525312,2147479552,27966672896,0
99,1713877712594,101715.5348815918,4700,1,0.30000000000000004,35559.19680786133,4700,1,0.30000000000000004,92018.44717407227,4700,1,0.30000000000000004,40478.27186584473,4700,1,0.30000000000000004,42116.92399597168,4700,1,0.30000000000000004,39191.62033081055,4700,1,0.30000000000000004,39784.74461364746,4700,1,0.30000000000000004,40528.94227600098,4700,1,0.30000000000000004,35612.32400512695,4700,1,0.30000000000000004,34181.53047180176,4700,1,0.30000000000000004,33667.19822692871,4700,1,0.30000000000000004,38290.958068847656,4700,1,0.30000000000000004,23637179.397964478,400,400,400,400,400,400,4691,400,400,400,4690,400,400,4690,400,400,400,400,4690,4690,400,4690,400,400,100,0,0,0,0,0,0,0,0,0,0,0,0,0,0,0,0,0,0,0,0,4.761904716491699,0,0,66480525312,2147479552,28176207872,0
99,1713877712694,101716.0189666748,4700,1,0.30000000000000004,35559.19853210449,4700,1,0.30000000000000004,92018.44897460938,4700,1,0.30000000000000004,40478.27632141113,4700,1,0.30000000000000004,42116.92953491211,4700,1,0.30000000000000004,39191.62399291992,4700,1,0.30000000000000004,39784.74786376953,4700,1,0.30000000000000004,40528.945373535156,4700,1,0.30000000000000004,35612.325912475586,4700,1,0.30000000000000004,34181.54298400879,4700,1,0.30000000000000004,33667.2000579834,4700,1,0.30000000000000004,38290.95964050293,4700,1,0.30000000000000004,23637183.018692017,400,400,400,400,400,400,4691,400,400,400,4690,400,400,4690,400,400,400,400,4690,4690,400,4690,400,400,100,0,0,0,0,0,0,0,0,0,0,0,0,0,0,0,0,0,0,0,0,4.761904716491699,0,0,66480525312,2147479552,28386258944,0
99,1713877712794,101716.5034942627,4700,1,0.30000000000000004,35559.20069885254,4700,1,0.30000000000000004,92018.45176696777,4700,1,0.30000000000000004,40478.28108215332,4700,1,0.30000000000000004,42116.93263244629,4700,1,0.30000000000000004,39191.628494262695,4700,1,0.30000000000000004,39784.75100708008,4700,1,0.30000000000000004,40528.94917297363,4700,1,0.30000000000000004,35612.329010009766,4700,1,0.30000000000000004,34181.56025695801,4700,1,0.30000000000000004,33667.20162963867,4700,1,0.30000000000000004,38290.96325683594,4700,1,0.30000000000000004,23637186.67478943,400,400,400,400,400,400,4691,400,400,400,4690,400,400,4690,400,400,400,400,4690,4690,400,4690,400,400,100,0,0,0,0,0,0,0,0,0,0,0,0,0,0,0,0,0,0,0,0,4.761904716491699,0,0,66480525312,2147479552,28596051968,0
99,1713877712894,101716.9854888916,4700,1,0.30000000000000004,35559.20227050781,4700,1,0.30000000000000004,92018.4536743164,4700,1,0.30000000000000004,40478.28536987305,4700,1,0.30000000000000004,42116.935791015625,4700,1,0.30000000000000004,39191.63166809082,4700,1,0.30000000000000004,39784.754150390625,4700,1,0.30000000000000004,40528.95233154297,4700,1,0.30000000000000004,35612.330825805664,4700,1,0.30000000000000004,34181.57572937012,4700,1,0.30000000000000004,33667.203201293945,4700,1,0.30000000000000004,38290.96485900879,4700,1,0.30000000000000004,23637190.33604431,400,400,400,400,400,400,4691,400,400,400,4690,400,400,4690,400,400,400,400,4690,4690,400,4690,400,400,100,0,0,0,0,0,0,0,0,0,0,0,0,0,0,0,0,0,0,0,0,5,0,0,66480525312,2147479552,28804554752,0
99,1713877712994,101717.46420288086,4700,1,0.30000000000000004,35559.20393371582,4700,1,0.30000000000000004,92018.45571899414,4700,1,0.30000000000000004,40478.28958129883,4700,1,0.30000000000000004,42116.9395904541,4700,1,0.30000000000000004,39191.63473510742,4700,1,0.30000000000000004,39784.7596282959,4700,1,0.30000000000000004,40528.955474853516,4700,1,0.30000000000000004,35612.33322143555,4700,1,0.30000000000000004,34181.59141540527,4700,1,0.30000000000000004,33667.20477294922,4700,1,0.30000000000000004,38290.96647644043,4700,1,0.30000000000000004,23637193.970489502,400,400,400,400,400,400,4691,400,400,400,4690,400,400,4690,400,400,400,400,4690,4690,400,4690,400,400,100,0,0,0,0,0,0,0,0,0,0,0,0,0,0,0,0,0,0,0,0,5,0,0,66480525312,2147479552,29013573632,0
99,1713877713095,101717.9483795166,4700,1,0.30000000000000004,35559.205505371094,4700,1,0.30000000000000004,92018.45767211914,4700,1,0.30000000000000004,40478.294036865234,4700,1,0.30000000000000004,42116.94274902344,4700,1,0.30000000000000004,39191.64024353027,4700,1,0.30000000000000004,39784.76806640625,4700,1,0.30000000000000004,40528.95854187012,4700,1,0.30000000000000004,35612.335021972656,4700,1,0.30000000000000004,34181.60028076172,4700,1,0.30000000000000004,33667.2082824707,4700,1,0.30000000000000004,38290.97007751465,4700,1,0.30000000000000004,23637197.560150146,400,400,400,400,400,400,4691,400,400,400,4690,400,400,4690,400,400,400,400,4690,4690,400,4690,400,400,100,0,0,0,0,0,0,0,0,0,0,0,0,0,0,0,0,0,0,0,0,4.761904716491699,0,0,66480525312,2147479552,29223108608,0
99,1713877713195,101718.43203735352,4700,1,0.30000000000000004,35559.20706176758,4700,1,0.30000000000000004,92018.4594116211,4700,1,0.30000000000000004,40478.29833984375,4700,1,0.30000000000000004,42116.945892333984,4700,1,0.30000000000000004,39191.64337158203,4700,1,0.30000000000000004,39784.77128601074,4700,1,0.30000000000000004,40528.961654663086,4700,1,0.30000000000000004,35612.33702087402,4700,1,0.30000000000000004,34181.61415100098,4700,1,0.30000000000000004,33667.20993041992,4700,1,0.30000000000000004,38290.97163391113,4700,1,0.30000000000000004,23637201.08076477,400,400,400,400,400,400,4691,400,400,400,4690,400,400,4690,400,400,400,400,4690,4690,400,4690,400,400,100,0,0,0,0,0,0,0,0,0,0,0,0,0,0,0,0,0,0,0,0,4.761904716491699,0,0,66480525312,2147479552,29432127488,0
99,1713877713295,101718.91662597656,4700,1,0.30000000000000004,35559.20866394043,4700,1,0.30000000000000004,92018.46182250977,4700,1,0.30000000000000004,40478.303161621094,4700,1,0.30000000000000004,42116.94905090332,4700,1,0.30000000000000004,39191.648864746094,4700,1,0.30000000000000004,39784.77438354492,4700,1,0.30000000000000004,40528.964752197266,4700,1,0.30000000000000004,35612.33898925781,4700,1,0.30000000000000004,34181.625244140625,4700,1,0.30000000000000004,33667.211502075195,4700,1,0.30000000000000004,38290.973220825195,4700,1,0.30000000000000004,23637204.68772888,400,400,400,400,400,400,4691,400,400,400,4690,400,400,4690,400,400,400,400,4690,4690,400,4690,400,400,100,0,0,0,0,0,0,0,0,0,0,0,0,0,0,0,0,0,0,0,0,0,0,0,66480525312,2147479552,29642178560,0
99,1713877713395,101719.40089416504,4700,1,0.30000000000000004,35559.2102355957,4700,1,0.30000000000000004,92018.46360778809,4700,1,0.30000000000000004,40478.30744934082,4700,1,0.30000000000000004,42116.95230102539,4700,1,0.30000000000000004,39191.652099609375,4700,1,0.30000000000000004,39784.7776184082,4700,1,0.30000000000000004,40528.967849731445,4700,1,0.30000000000000004,35612.34130859375,4700,1,0.30000000000000004,34181.63829040527,4700,1,0.30000000000000004,33667.21307373047,4700,1,0.30000000000000004,38290.974853515625,4700,1,0.30000000000000004,23637208.263641357,400,400,400,400,400,400,4691,400,400,400,4690,400,400,4690,400,400,400,400,4690,4690,400,4690,400,400,100,0,0,0,0,0,0,0,0,0,0,0,0,0,0,0,0,0,0,0,0,0,0,0,66480525312,2147479552,29851713536,0
99,1713877713495,101719.8849029541,4700,1,0.30000000000000004,35559.21180725098,4700,1,0.30000000000000004,92018.4656829834,4700,1,0.30000000000000004,40478.31170654297,4700,1,0.30000000000000004,42116.95539855957,4700,1,0.30000000000000004,39191.655197143555,4700,1,0.30000000000000004,39784.78071594238,4700,1,0.30000000000000004,40528.970947265625,4700,1,0.30000000000000004,35612.34327697754,4700,1,0.30000000000000004,34181.65417480469,4700,1,0.30000000000000004,33667.21464538574,4700,1,0.30000000000000004,38290.976470947266,4700,1,0.30000000000000004,23637211.81425476,400,400,400,400,400,400,4691,400,400,400,4690,400,400,4690,400,400,400,400,4690,4690,400,4690,400,400,100,0,0,0,0,0,0,0,0,0,0,0,0,0,0,0,0,0,0,0,0,5,0,0,66480525312,2147479552,30061248512,0
99,1713877713595,101720.36477661133,4700,1,0.30000000000000004,35559.21337890625,4700,1,0.30000000000000004,92018.46743774414,4700,1,0.30000000000000004,40478.31594848633,4700,1,0.30000000000000004,42116.958557128906,4700,1,0.30000000000000004,39191.6583404541,4700,1,0.30000000000000004,39784.78381347656,4700,1,0.30000000000000004,40528.974044799805,4700,1,0.30000000000000004,35612.345306396484,4700,1,0.30000000000000004,34181.66993713379,4700,1,0.30000000000000004,33667.218170166016,4700,1,0.30000000000000004,38290.97927856445,4700,1,0.30000000000000004,23637215.41242981,400,400,400,400,400,400,4691,400,400,400,4690,400,400,4690,400,400,400,400,4690,4690,400,4690,400,400,100,0,0,0,0,0,0,0,0,0,0,0,0,0,0,0,0,0,0,0,0,5,0,0,66480525312,2147479552,30271299584,0
99,1713877713695,101720.84898376465,4700,1,0.30000000000000004,35559.21522521973,4700,1,0.30000000000000004,92018.46925354004,4700,1,0.30000000000000004,40478.3201751709,4700,1,0.30000000000000004,42116.96162414551,4700,1,0.30000000000000004,39191.67079162598,4700,1,0.30000000000000004,39784.78713989258,4700,1,0.30000000000000004,40528.97718811035,4700,1,0.30000000000000004,35612.34718322754,4700,1,0.30000000000000004,34181.68472290039,4700,1,0.30000000000000004,33667.21983337402,4700,1,0.30000000000000004,38290.98085021973,4700,1,0.30000000000000004,23637218.97894287,400,400,400,400,400,400,4691,400,400,400,4690,400,400,4690,400,400,400,400,4690,4690,400,4690,400,400,100,0,0,0,0,0,0,0,0,0,0,0,0,0,0,0,0,0,0,0,0,4.761904716491699,0,0,66480525312,2147479552,30480834560,0
99,1713877713795,101721.33317565918,4700,1,0.30000000000000004,35559.21743774414,4700,1,0.30000000000000004,92018.47227478027,4700,1,0.30000000000000004,40478.32504272461,4700,1,0.30000000000000004,42116.96725463867,4700,1,0.30000000000000004,39191.673904418945,4700,1,0.30000000000000004,39784.790267944336,4700,1,0.30000000000000004,40528.98025512695,4700,1,0.30000000000000004,35612.35014343262,4700,1,0.30000000000000004,34181.69413757324,4700,1,0.30000000000000004,33667.22138977051,4700,1,0.30000000000000004,38290.98449707031,4700,1,0.30000000000000004,23637222.532043457,400,400,400,400,400,400,4691,400,400,400,4690,400,400,4690,400,400,400,400,4690,4690,400,4690,400,400,100,0,0,0,0,0,0,0,0,0,0,0,0,0,0,0,0,0,0,0,0,4.761904716491699,0,0,66480525312,2147479552,30689853440,0
99,1713877713895,101721.81665039063,4700,1,0.30000000000000004,35559.218994140625,4700,1,0.30000000000000004,92018.47407531738,4700,1,0.30000000000000004,40478.32929992676,4700,1,0.30000000000000004,42116.97035217285,4700,1,0.30000000000000004,39191.677001953125,4700,1,0.30000000000000004,39784.79342651367,4700,1,0.30000000000000004,40528.98336791992,4700,1,0.30000000000000004,35612.351974487305,4700,1,0.30000000000000004,34181.70738220215,4700,1,0.30000000000000004,33667.22296142578,4700,1,0.30000000000000004,38290.986099243164,4700,1,0.30000000000000004,23637226.13998413,400,400,400,400,400,400,4691,400,400,400,4690,400,400,4690,400,400,400,400,4690,4690,400,4690,400,400,100,0,0,0,0,0,0,0,0,0,0,0,0,0,0,0,0,0,0,0,0,4.761904716491699,0,0,66480525312,2147479552,30899904512,0
99,1713877713995,101722.30110168457,4700,1,0.30000000000000004,35559.22059631348,4700,1,0.30000000000000004,92018.47624206543,4700,1,0.30000000000000004,40478.33360290527,4700,1,0.30000000000000004,42116.97413635254,4700,1,0.30000000000000004,39191.68017578125,4700,1,0.30000000000000004,39784.796630859375,4700,1,0.30000000000000004,40528.9864654541,4700,1,0.30000000000000004,35612.354400634766,4700,1,0.30000000000000004,34181.72053527832,4700,1,0.30000000000000004,33667.224548339844,4700,1,0.30000000000000004,38290.98767089844,4700,1,0.30000000000000004,23637229.720291138,400,400,400,400,400,400,4691,400,400,400,4690,400,400,4690,400,400,400,400,4690,4690,400,4690,400,400,100,0,0,0,0,0,0,0,0,0,0,0,0,0,0,0,0,0,0,0,0,4.761904716491699,0,0,66480525312,2147479552,31109439488,0
99,1713877714095,101722.78559875488,4700,1,0.30000000000000004,35559.2234954834,4700,1,0.30000000000000004,92018.4783782959,4700,1,0.30000000000000004,40478.33808898926,4700,1,0.30000000000000004,42116.977462768555,4700,1,0.30000000000000004,39191.689376831055,4700,1,0.30000000000000004,39784.80516052246,4700,1,0.30000000000000004,40528.98973083496,4700,1,0.30000000000000004,35612.35624694824,4700,1,0.30000000000000004,34181.732849121094,4700,1,0.30000000000000004,33667.227294921875,4700,1,0.30000000000000004,38290.990463256836,4700,1,0.30000000000000004,23637233.321243286,400,400,400,400,400,400,4691,400,400,400,4690,400,400,4690,400,400,400,400,4690,4690,400,4690,400,400,100,0,0,0,0,0,0,0,0,0,0,0,0,0,0,0,0,0,0,0,0,5,0,0,66480525312,2147479552,31319490560,0
99,1713877714195,101723.27027893066,4700,1,0.30000000000000004,35559.22506713867,4700,1,0.30000000000000004,92018.48014831543,4700,1,0.30000000000000004,40478.34242248535,4700,1,0.30000000000000004,42116.980560302734,4700,1,0.30000000000000004,39191.692474365234,4700,1,0.30000000000000004,39784.80839538574,4700,1,0.30000000000000004,40528.99282836914,4700,1,0.30000000000000004,35612.3586730957,4700,1,0.30000000000000004,34181.7488861084,4700,1,0.30000000000000004,33667.22898864746,4700,1,0.30000000000000004,38290.99203491211,4700,1,0.30000000000000004,23637236.82962036,400,400,400,400,400,400,4691,400,400,400,4690,400,400,4690,400,400,400,400,4690,4690,400,4690,400,400,100,0,0,0,0,0,0,0,0,0,0,0,0,0,0,0,0,0,0,0,0,5,0,0,66480525312,2147479552,31529025536,0
99,1713877714295,101723.75389099121,4700,1,0.30000000000000004,35559.226638793945,4700,1,0.30000000000000004,92018.4821472168,4700,1,0.30000000000000004,40478.34729003906,4700,1,0.30000000000000004,42116.983795166016,4700,1,0.30000000000000004,39191.695571899414,4700,1,0.30000000000000004,39784.81149291992,4700,1,0.30000000000000004,40528.99592590332,4700,1,0.30000000000000004,35612.36051940918,4700,1,0.30000000000000004,34181.76387023926,4700,1,0.30000000000000004,33667.230560302734,4700,1,0.30000000000000004,38290.99360656738,4700,1,0.30000000000000004,23637240.371887207,400,400,400,400,400,400,4691,400,400,400,4690,400,400,4690,400,400,400,400,4690,4690,400,4690,400,400,100,0,0,0,0,0,0,0,0,0,0,0,0,0,0,0,0,0,0,0,0,0,0,0,66480525312,2147479552,31738560512,0
99,1713877714395,101724.23539733887,4700,1,0.30000000000000004,35559.239822387695,4700,1,0.30000000000000004,92018.49601745605,4700,1,0.30000000000000004,40478.373306274414,4700,1,0.30000000000000004,42117.002853393555,4700,1,0.30000000000000004,39191.71650695801,4700,1,0.30000000000000004,39784.83116149902,4700,1,0.30000000000000004,40529.01606750488,4700,1,0.30000000000000004,35612.37712097168,4700,1,0.30000000000000004,34181.78971862793,4700,1,0.30000000000000004,33667.24331665039,4700,1,0.30000000000000004,38291.00923156738,4700,1,0.30000000000000004,23637244.170074463,400,400,400,400,400,400,4691,400,400,400,4690,400,400,4690,400,400,400,400,4690,4690,400,4690,400,400,100,0,0,0,0,0,0,0,0,0,0,0,0,0,0,0,0,0,0,0,0,0,0,0,66480525312,2147479552,31942643712,0
99,1713877714495,101724.72071838379,4700,1,0.30000000000000004,35559.24139404297,4700,1,0.30000000000000004,92018.4983215332,4700,1,0.30000000000000004,40478.37777709961,4700,1,0.30000000000000004,42117.00601196289,4700,1,0.30000000000000004,39191.71975708008,4700,1,0.30000000000000004,39784.83467102051,4700,1,0.30000000000000004,40529.019134521484,4700,1,0.30000000000000004,35612.37908935547,4700,1,0.30000000000000004,34181.803482055664,4700,1,0.30000000000000004,33667.244888305664,4700,1,0.30000000000000004,38291.01103210449,4700,1,0.30000000000000004,23637247.704925537,400,400,400,400,400,400,4691,400,400,400,4690,400,400,4690,400,400,400,400,4690,4690,400,4690,400,400,100,0,0,0,0,0,4.761904716491699,0,0,0,0,0,0,0,0,0,0,0,0,0,0,0,0,0,66480525312,2147479552,32152694784,0
99,1713877714595,101725.20442199707,4700,1,0.30000000000000004,35559.24299621582,4700,1,0.30000000000000004,92018.50003051758,4700,1,0.30000000000000004,40478.38203430176,4700,1,0.30000000000000004,42117.00910949707,4700,1,0.30000000000000004,39191.72300720215,4700,1,0.30000000000000004,39784.837966918945,4700,1,0.30000000000000004,40529.022232055664,4700,1,0.30000000000000004,35612.38130187988,4700,1,0.30000000000000004,34181.81204223633,4700,1,0.30000000000000004,33667.248306274414,4700,1,0.30000000000000004,38291.01379394531,4700,1,0.30000000000000004,23637251.25880432,400,400,400,400,400,400,4691,400,400,400,4690,400,400,4690,400,400,400,400,4690,4690,400,4690,400,400,100,0,0,0,0,0,4.761904716491699,0,0,0,0,0,0,0,0,0,0,0,0,0,0,0,0,0,66480525312,2147479552,32362229760,0
99,1713877714695,101725.6882019043,4700,1,0.30000000000000004,35559.24542236328,4700,1,0.30000000000000004,92018.50187683105,4700,1,0.30000000000000004,40478.38653564453,4700,1,0.30000000000000004,42117.01463317871,4700,1,0.30000000000000004,39191.726150512695,4700,1,0.30000000000000004,39784.841247558594,4700,1,0.30000000000000004,40529.025329589844,4700,1,0.30000000000000004,35612.38310241699,4700,1,0.30000000000000004,34181.82473754883,4700,1,0.30000000000000004,33667.25,4700,1,0.30000000000000004,38291.01542663574,4700,1,0.30000000000000004,23637254.904922485,400,400,400,400,400,400,4691,400,400,400,4690,400,400,4690,400,400,400,400,4690,4690,400,4690,400,400,100,0,0,0,0,0,0,0,0,0,0,0,0,0,0,0,0,0,0,0,0,0,0,0,66480525312,2147479552,32572145664,0
99,1713877714795,101726.17332458496,4700,1,0.30000000000000004,35559.246994018555,4700,1,0.30000000000000004,92018.50419616699,4700,1,0.30000000000000004,40478.391204833984,4700,1,0.30000000000000004,42117.01876831055,4700,1,0.30000000000000004,39191.731689453125,4700,1,0.30000000000000004,39784.84439086914,4700,1,0.30000000000000004,40529.030349731445,4700,1,0.30000000000000004,35612.38557434082,4700,1,0.30000000000000004,34181.837158203125,4700,1,0.30000000000000004,33667.25157165527,4700,1,0.30000000000000004,38291.01887512207,4700,1,0.30000000000000004,23637258.475631714,400,400,400,400,400,400,4691,400,400,400,4690,400,400,4690,400,400,400,400,4690,4690,400,4690,400,400,100,0,0,0,0,0,0,0,0,0,0,0,0,0,0,0,0,0,0,0,0,0,0,0,66480525312,2147479552,32782196736,0
99,1713877714895,101726.65837097168,4700,1,0.30000000000000004,35559.25044250488,4700,1,0.30000000000000004,92018.5059967041,4700,1,0.30000000000000004,40478.395736694336,4700,1,0.30000000000000004,42117.0221862793,4700,1,0.30000000000000004,39191.734786987305,4700,1,0.30000000000000004,39784.84753417969,4700,1,0.30000000000000004,40529.033447265625,4700,1,0.30000000000000004,35612.38751220703,4700,1,0.30000000000000004,34181.85105895996,4700,1,0.30000000000000004,33667.25314331055,4700,1,0.30000000000000004,38291.02049255371,4700,1,0.30000000000000004,23637262.07460022,400,400,400,400,400,400,4691,400,400,400,4690,400,400,4690,400,400,400,400,4690,4690,400,4690,400,400,100,0,0,0,0,0,0,0,0,0,0,0,0,0,0,0,0,0,0,0,0,0,0,0,66480525312,2147479552,32992247808,0
99,1713877714996,101727.13856506348,4700,1,0.30000000000000004,35559.25207519531,4700,1,0.30000000000000004,92018.50805664063,4700,1,0.30000000000000004,40478.40010070801,4700,1,0.30000000000000004,42117.02592468262,4700,1,0.30000000000000004,39191.738372802734,4700,1,0.30000000000000004,39784.85092163086,4700,1,0.30000000000000004,40529.03659057617,4700,1,0.30000000000000004,35612.38984680176,4700,1,0.30000000000000004,34181.86624145508,4700,1,0.30000000000000004,33667.25471496582,4700,1,0.30000000000000004,38291.022064208984,4700,1,0.30000000000000004,23637265.61528015,400,400,400,400,400,400,4691,400,400,400,4690,400,400,4690,400,400,400,400,4690,4690,400,4690,400,400,100,0,0,0,0,0,0,0,0,0,0,0,0,0,0,0,0,0,0,0,0,0,0,0,66480525312,2147479552,33202298880,0
99,1713877715096,101727.62307739258,4700,1,0.30000000000000004,35559.253646850586,4700,1,0.30000000000000004,92018.50996398926,4700,1,0.30000000000000004,40478.40440368652,4700,1,0.30000000000000004,42117.029052734375,4700,1,0.30000000000000004,39191.74653625488,4700,1,0.30000000000000004,39784.85444641113,4700,1,0.30000000000000004,40529.03968811035,4700,1,0.30000000000000004,35612.39176940918,4700,1,0.30000000000000004,34181.88055419922,4700,1,0.30000000000000004,33667.25813293457,4700,1,0.30000000000000004,38291.02555847168,4700,1,0.30000000000000004,23637269.25315857,400,400,400,400,400,400,4691,400,400,400,4690,400,400,4690,400,400,400,400,4690,4690,400,4690,400,400,100,0,0,0,0,0,0,0,0,0,0,0,0,0,0,0,0,0,0,0,0,0,0,0,66480525312,2147479552,33412866048,0
99,1713877715196,101728.20294189453,4700,1,0.30000000000000004,35559.255462646484,4700,1,0.30000000000000004,92018.51182556152,4700,1,0.30000000000000004,40478.40808105469,4700,1,0.30000000000000004,42117.035415649414,4700,1,0.30000000000000004,39191.75489807129,4700,1,0.30000000000000004,39784.86067199707,4700,1,0.30000000000000004,40529.04309082031,4700,1,0.30000000000000004,35612.39457702637,4700,1,0.30000000000000004,34181.88996887207,4700,1,0.30000000000000004,33667.259857177734,4700,1,0.30000000000000004,38291.031478881836,4700,1,0.30000000000000004,23637273.021591187,400,400,400,400,400,400,4691,400,400,400,4690,400,400,4690,400,400,400,400,4690,4690,400,4690,400,400,100,0,0,0,0,0,0,0,0,0,0,0,0,0,0,0,0,0,0,0,0,0,0,0,66480525312,2147479552,31421382656,0
99,1713877715296,101728.7993927002,4700,1,0.30000000000000004,35559.25701904297,4700,1,0.30000000000000004,92018.51477050781,4700,1,0.30000000000000004,40478.41117858887,4700,1,0.30000000000000004,42117.03857421875,4700,1,0.30000000000000004,39191.75799560547,4700,1,0.30000000000000004,39784.86380004883,4700,1,0.30000000000000004,40529.04620361328,4700,1,0.30000000000000004,35612.39683532715,4700,1,0.30000000000000004,34181.901779174805,4700,1,0.30000000000000004,33667.26142883301,4700,1,0.30000000000000004,38291.03308105469,4700,1,0.30000000000000004,23637276.920074463,400,400,400,400,400,400,4691,400,400,400,4690,400,400,4690,400,400,400,400,4690,4690,400,4690,400,400,100,4.761904716491699,0,0,0,0,0,0,0,0,0,0,0,0,0,0,0,0,0,0,0,0,0,0,66480525312,2147479552,29074485248,0
99,1713877715396,101729.39472961426,4700,1,0.30000000000000004,35559.2586517334,4700,1,0.30000000000000004,92018.51733398438,4700,1,0.30000000000000004,40478.414489746094,4700,1,0.30000000000000004,42117.043045043945,4700,1,0.30000000000000004,39191.761169433594,4700,1,0.30000000000000004,39784.86689758301,4700,1,0.30000000000000004,40529.04930114746,4700,1,0.30000000000000004,35612.39971923828,4700,1,0.30000000000000004,34181.91487121582,4700,1,0.30000000000000004,33667.26301574707,4700,1,0.30000000000000004,38291.03465270996,4700,1,0.30000000000000004,23637280.786331177,400,400,400,400,400,400,4691,400,400,400,4690,400,400,4690,400,400,400,400,4690,4690,400,4690,400,400,100,4.761904716491699,0,0,0,0,0,0,0,0,0,0,0,0,0,0,0,0,0,0,0,0,0,0,66480525312,2147479552,26732138496,0
99,1713877715496,101729.99133300781,4700,1,0.30000000000000004,35559.26022338867,4700,1,0.30000000000000004,92018.51976013184,4700,1,0.30000000000000004,40478.41763305664,4700,1,0.30000000000000004,42117.046142578125,4700,1,0.30000000000000004,39191.76432800293,4700,1,0.30000000000000004,39784.86999511719,4700,1,0.30000000000000004,40529.05239868164,4700,1,0.30000000000000004,35612.40168762207,4700,1,0.30000000000000004,34181.9267578125,4700,1,0.30000000000000004,33667.264587402344,4700,1,0.30000000000000004,38291.036224365234,4700,1,0.30000000000000004,23637284.659729004,400,400,400,400,400,400,4691,400,400,400,4690,400,400,4690,400,400,400,400,4690,4690,400,4690,400,400,100,0,0,0,0,0,0,0,0,0,0,0,0,0,0,0,0,0,0,0,0,0,0,0,66480525312,2147479552,24385241088,0
99,1713877715596,101730.58630371094,4700,1,0.30000000000000004,35559.261795043945,4700,1,0.30000000000000004,92018.52206420898,4700,1,0.30000000000000004,40478.420806884766,4700,1,0.30000000000000004,42117.049240112305,4700,1,0.30000000000000004,39191.76742553711,4700,1,0.30000000000000004,39784.87309265137,4700,1,0.30000000000000004,40529.05549621582,4700,1,0.30000000000000004,35612.40397644043,4700,1,0.30000000000000004,34181.94276428223,4700,1,0.30000000000000004,33667.26806640625,4700,1,0.30000000000000004,38291.03890991211,4700,1,0.30000000000000004,23637288.556671143,400,400,400,400,400,400,4691,400,400,400,4690,400,400,4690,400,400,400,400,4690,4690,400,4690,400,400,100,0,0,0,0,0,0,0,0,0,0,0,0,0,0,0,0,0,0,0,0,0,0,0,66480525312,2147479552,22043308032,0
99,1713877715696,101731.17875671387,4700,1,0.30000000000000004,35559.264236450195,4700,1,0.30000000000000004,92018.52397155762,4700,1,0.30000000000000004,40478.42414855957,4700,1,0.30000000000000004,42117.05487060547,4700,1,0.30000000000000004,39191.77339172363,4700,1,0.30000000000000004,39784.876403808594,4700,1,0.30000000000000004,40529.05863952637,4700,1,0.30000000000000004,35612.40589904785,4700,1,0.30000000000000004,34181.95748901367,4700,1,0.30000000000000004,33667.269760131836,4700,1,0.30000000000000004,38291.04048156738,4700,1,0.30000000000000004,23637292.47846985,400,400,400,400,400,400,4691,400,400,400,4690,400,400,4690,400,400,400,400,4690,4690,400,4690,400,400,100,0,0,0,0,0,0,0,0,0,0,0,0,0,0,0,0,0,0,0,0,0,0,0,66480525312,2147479552,20524646400,0
99,1713877715796,101731.6537322998,4700,1,0.30000000000000004,35559.26580810547,4700,1,0.30000000000000004,92018.52638244629,4700,1,0.30000000000000004,40478.42837524414,4700,1,0.30000000000000004,42117.05793762207,4700,1,0.30000000000000004,39191.776458740234,4700,1,0.30000000000000004,39784.87950134277,4700,1,0.30000000000000004,40529.06173706055,4700,1,0.30000000000000004,35612.40832519531,4700,1,0.30000000000000004,34181.972106933594,4700,1,0.30000000000000004,33667.27133178711,4700,1,0.30000000000000004,38291.043884277344,4700,1,0.30000000000000004,23637296.178344727,400,400,400,400,400,400,4691,400,400,400,4690,400,400,4690,400,400,400,400,4690,4690,400,4690,400,400,100,0,0,0,0,0,0,0,0,0,0,0,0,0,0,0,0,0,0,0,0,0,0,0,66480525312,2147479552,20727988224,0
99,1713877715896,101732.1340637207,4700,1,0.30000000000000004,35559.26737976074,4700,1,0.30000000000000004,92018.52824401855,4700,1,0.30000000000000004,40478.43330383301,4700,1,0.30000000000000004,42117.06103515625,4700,1,0.30000000000000004,39191.798919677734,4700,1,0.30000000000000004,39784.882568359375,4700,1,0.30000000000000004,40529.0672454834,4700,1,0.30000000000000004,35612.41015625,4700,1,0.30000000000000004,34181.98600769043,4700,1,0.30000000000000004,33667.27290344238,4700,1,0.30000000000000004,38291.04553222656,4700,1,0.30000000000000004,23637299.882995605,400,400,400,400,400,400,4691,400,400,400,4690,400,400,4690,400,400,400,400,4690,4690,400,4690,400,400,100,0,0,0,0,0,0,0,0,0,0,0,0,0,0,0,0,0,0,0,0,0,0,0,66480525312,2147479552,20933394432,0
99,1713877715996,101732.61582946777,4700,1,0.30000000000000004,35559.26893615723,4700,1,0.30000000000000004,92018.53044128418,4700,1,0.30000000000000004,40478.437591552734,4700,1,0.30000000000000004,42117.06475830078,4700,1,0.30000000000000004,39191.802017211914,4700,1,0.30000000000000004,39784.885665893555,4700,1,0.30000000000000004,40529.07034301758,4700,1,0.30000000000000004,35612.41255187988,4700,1,0.30000000000000004,34181.99415588379,4700,1,0.30000000000000004,33667.27445983887,4700,1,0.30000000000000004,38291.04708862305,4700,1,0.30000000000000004,23637303.33920288,400,400,400,400,400,400,4691,400,400,400,4690,400,400,4690,400,400,400,400,4690,4690,400,4690,400,400,100,0,0,0,0,0,0,0,0,0,0,0,0,0,0,0,0,0,0,0,0,0,0,0,66480525312,2147479552,21139316736,0
99,1713877716096,101733.09895324707,4700,1,0.30000000000000004,35559.27053833008,4700,1,0.30000000000000004,92018.53242492676,4700,1,0.30000000000000004,40478.442138671875,4700,1,0.30000000000000004,42117.067932128906,4700,1,0.30000000000000004,39191.80923461914,4700,1,0.30000000000000004,39784.89012145996,4700,1,0.30000000000000004,40529.073486328125,4700,1,0.30000000000000004,35612.41427612305,4700,1,0.30000000000000004,34182.006271362305,4700,1,0.30000000000000004,33667.27786254883,4700,1,0.30000000000000004,38291.04878234863,4700,1,0.30000000000000004,23637306.883605957,400,400,400,400,400,400,4691,400,400,400,4690,400,400,4690,400,400,400,400,4690,4690,400,4690,400,400,100,0,0,0,0,0,0,0,0,0,0,0,0,0,0,0,0,0,0,0,0,0,0,0,66480525312,2147479552,21347303424,0
99,1713877716196,101733.58200073242,4700,1,0.30000000000000004,35559.27210998535,4700,1,0.30000000000000004,92018.53428649902,4700,1,0.30000000000000004,40478.4464263916,4700,1,0.30000000000000004,42117.071029663086,4700,1,0.30000000000000004,39191.81233215332,4700,1,0.30000000000000004,39784.89340209961,4700,1,0.30000000000000004,40529.076583862305,4700,1,0.30000000000000004,35612.41670227051,4700,1,0.30000000000000004,34182.01840209961,4700,1,0.30000000000000004,33667.27958679199,4700,1,0.30000000000000004,38291.050354003906,4700,1,0.30000000000000004,23637310.397842407,400,400,400,400,400,400,4691,400,400,400,4690,400,400,4690,400,400,400,400,4690,4690,400,4690,400,400,100,0,0,0,0,0,0,0,0,0,0,0,0,0,0,0,0,0,0,0,0,0,0,0,66480525312,2147479552,21554774016,0
99,1713877716296,101734.0655670166,4700,1,0.30000000000000004,35559.273681640625,4700,1,0.30000000000000004,92018.53643798828,4700,1,0.30000000000000004,40478.45068359375,4700,1,0.30000000000000004,42117.07423400879,4700,1,0.30000000000000004,39191.8154296875,4700,1,0.30000000000000004,39784.89649963379,4700,1,0.30000000000000004,40529.079681396484,4700,1,0.30000000000000004,35612.41859436035,4700,1,0.30000000000000004,34182.03173828125,4700,1,0.30000000000000004,33667.281158447266,4700,1,0.30000000000000004,38291.05192565918,4700,1,0.30000000000000004,23637313.905151367,400,400,400,400,400,400,4691,400,400,400,4690,400,400,4690,400,400,400,400,4690,4690,400,4690,400,400,100,0,0,0,0,0,0,0,0,0,0,0,0,0,0,0,0,0,0,0,0,0,0,0,66480525312,2147479552,21763276800,0
99,1713877716396,101734.54867553711,4700,1,0.30000000000000004,35559.2752532959,4700,1,0.30000000000000004,92018.53828430176,4700,1,0.30000000000000004,40478.455474853516,4700,1,0.30000000000000004,42117.077377319336,4700,1,0.30000000000000004,39191.818588256836,4700,1,0.30000000000000004,39784.89959716797,4700,1,0.30000000000000004,40529.082778930664,4700,1,0.30000000000000004,35612.420654296875,4700,1,0.30000000000000004,34182.04656982422,4700,1,0.30000000000000004,33667.28273010254,4700,1,0.30000000000000004,38291.05349731445,4700,1,0.30000000000000004,23637317.463180542,400,400,400,400,400,400,4691,400,400,400,4690,400,400,4690,400,400,400,400,4690,4690,400,4690,400,400,100,0,0,0,0,0,0,0,0,0,0,0,0,0,0,0,0,0,0,0,0,0,0,0,66480525312,2147479552,21971263488,0
99,1713877716496,101735.0279083252,4700,1,0.30000000000000004,35559.27682495117,4700,1,0.30000000000000004,92018.54055786133,4700,1,0.30000000000000004,40478.459716796875,4700,1,0.30000000000000004,42117.080490112305,4700,1,0.30000000000000004,39191.821685791016,4700,1,0.30000000000000004,39784.902755737305,4700,1,0.30000000000000004,40529.085876464844,4700,1,0.30000000000000004,35612.42247009277,4700,1,0.30000000000000004,34182.06053161621,4700,1,0.30000000000000004,33667.28430175781,4700,1,0.30000000000000004,38291.05506896973,4700,1,0.30000000000000004,23637320.99598694,400,400,400,400,400,400,4691,400,400,400,4690,400,400,4690,400,400,400,400,4690,4690,400,4690,400,400,100,0,0,0,0,0,0,0,0,0,0,0,0,0,0,0,0,0,0,0,0,0,0,0,66480525312,2147479552,22180282368,0
99,1713877716596,101735.51277160645,4700,1,0.30000000000000004,35559.278396606445,4700,1,0.30000000000000004,92018.54235839844,4700,1,0.30000000000000004,40478.463958740234,4700,1,0.30000000000000004,42117.083587646484,4700,1,0.30000000000000004,39191.824798583984,4700,1,0.30000000000000004,39784.905822753906,4700,1,0.30000000000000004,40529.088943481445,4700,1,0.30000000000000004,35612.4248046875,4700,1,0.30000000000000004,34182.069259643555,4700,1,0.30000000000000004,33667.285873413086,4700,1,0.30000000000000004,38291.05776977539,4700,1,0.30000000000000004,23637324.523620605,400,400,400,400,400,400,4691,400,400,400,4690,400,400,4690,400,400,400,400,4690,4690,400,4690,400,400,100,0,0,0,0,0,0,0,0,0,0,0,0,0,0,0,0,0,0,0,0,0,0,0,66480525312,2147479552,22389301248,0
99,1713877716696,101735.99673461914,4700,1,0.30000000000000004,35559.28010559082,4700,1,0.30000000000000004,92018.54420471191,4700,1,0.30000000000000004,40478.468353271484,4700,1,0.30000000000000004,42117.086685180664,4700,1,0.30000000000000004,39191.82791137695,4700,1,0.30000000000000004,39784.90914916992,4700,1,0.30000000000000004,40529.092041015625,4700,1,0.30000000000000004,35612.42646789551,4700,1,0.30000000000000004,34182.081939697266,4700,1,0.30000000000000004,33667.28938293457,4700,1,0.30000000000000004,38291.059326171875,4700,1,0.30000000000000004,23637328.06100464,400,400,400,400,400,400,4691,400,400,400,4690,400,400,4690,400,400,400,400,4690,4690,400,4690,400,400,100,0,0,0,0,0,0,0,0,0,0,0,0,0,0,0,0,0,0,0,0,0,0,0,66480525312,2147479552,22598836224,0
99,1713877716796,101736.48001098633,4700,1,0.30000000000000004,35559.281677246094,4700,1,0.30000000000000004,92018.54661560059,4700,1,0.30000000000000004,40478.472732543945,4700,1,0.30000000000000004,42117.092376708984,4700,1,0.30000000000000004,39191.83100891113,4700,1,0.30000000000000004,39784.9122467041,4700,1,0.30000000000000004,40529.095962524414,4700,1,0.30000000000000004,35612.42904663086,4700,1,0.30000000000000004,34182.0945892334,4700,1,0.30000000000000004,33667.29096984863,4700,1,0.30000000000000004,38291.06181335449,4700,1,0.30000000000000004,23637331.529022217,400,400,400,400,400,400,4691,400,400,400,4690,400,400,4690,400,400,400,400,4690,4690,400,4690,400,400,100,0,0,0,0,0,0,0,0,0,0,0,0,0,0,0,0,0,0,0,0,0,0,0,66480525312,2147479552,22807080960,0
99,1713877716896,101736.96537780762,4700,1,0.30000000000000004,35559.28324890137,4700,1,0.30000000000000004,92018.54846191406,4700,1,0.30000000000000004,40478.477600097656,4700,1,0.30000000000000004,42117.09552001953,4700,1,0.30000000000000004,39191.83410644531,4700,1,0.30000000000000004,39784.91534423828,4700,1,0.30000000000000004,40529.099060058594,4700,1,0.30000000000000004,35612.43083190918,4700,1,0.30000000000000004,34182.10627746582,4700,1,0.30000000000000004,33667.292541503906,4700,1,0.30000000000000004,38291.063735961914,4700,1,0.30000000000000004,23637335.050369263,400,400,400,400,400,400,4691,400,400,400,4690,400,400,4690,400,400,400,400,4690,4690,400,4690,400,400,100,0,0,0,0,0,0,0,0,0,0,0,0,0,0,0,0,0,0,0,0,0,0,0,66480525312,2147479552,23016615936,0
99,1713877716997,101737.44868469238,4700,1,0.30000000000000004,35559.2848815918,4700,1,0.30000000000000004,92018.55058288574,4700,1,0.30000000000000004,40478.48188781738,4700,1,0.30000000000000004,42117.09916687012,4700,1,0.30000000000000004,39191.83729553223,4700,1,0.30000000000000004,39784.918701171875,4700,1,0.30000000000000004,40529.10215759277,4700,1,0.30000000000000004,35612.43322753906,4700,1,0.30000000000000004,34182.12161254883,4700,1,0.30000000000000004,33667.29411315918,4700,1,0.30000000000000004,38291.06530761719,4700,1,0.30000000000000004,23637338.588180542,400,400,400,400,400,400,4691,400,400,400,4690,400,400,4690,400,400,400,400,4690,4690,400,4690,400,400,100,0,0,0,0,0,0,0,0,0,0,0,0,0,0,0,0,0,0,0,0,0,0,0,66480525312,2147479552,23225634816,0
99,1713877717097,101737.93348693848,4700,1,0.30000000000000004,35559.28648376465,4700,1,0.30000000000000004,92018.55244445801,4700,1,0.30000000000000004,40478.48635864258,4700,1,0.30000000000000004,42117.10234069824,4700,1,0.30000000000000004,39191.8427734375,4700,1,0.30000000000000004,39784.92852783203,4700,1,0.30000000000000004,40529.10531616211,4700,1,0.30000000000000004,35612.43490600586,4700,1,0.30000000000000004,34182.135818481445,4700,1,0.30000000000000004,33667.29568481445,4700,1,0.30000000000000004,38291.06880187988,4700,1,0.30000000000000004,23637342.15447998,400,400,400,400,400,400,4691,400,400,400,4690,400,400,4690,400,400,400,400,4690,4690,400,4690,400,400,100,0,0,0,0,0,0,0,0,0,0,0,0,0,0,0,0,0,0,0,0,0,0,0,66480525312,2147479552,23435169792,0
99,1713877717197,101738.41288757324,4700,1,0.30000000000000004,35559.28805541992,4700,1,0.30000000000000004,92018.55419921875,4700,1,0.30000000000000004,40478.49058532715,4700,1,0.30000000000000004,42117.10545349121,4700,1,0.30000000000000004,39191.8458404541,4700,1,0.30000000000000004,39784.93174743652,4700,1,0.30000000000000004,40529.10841369629,4700,1,0.30000000000000004,35612.43728637695,4700,1,0.30000000000000004,34182.15005493164,4700,1,0.30000000000000004,33667.29740905762,4700,1,0.30000000000000004,38291.07046508789,4700,1,0.30000000000000004,23637345.691986084,400,400,400,400,400,400,4691,400,400,400,4690,400,400,4690,400,400,400,400,4690,4690,400,4690,400,400,100,0,0,0,0,0,0,0,0,0,0,0,0,0,0,0,0,0,0,0,0,0,0,0,66480525312,2147479552,23644704768,0
99,1713877717297,101738.8978881836,4700,1,0.30000000000000004,35559.28982543945,4700,1,0.30000000000000004,92018.55627441406,4700,1,0.30000000000000004,40478.49490356445,4700,1,0.30000000000000004,42117.10861206055,4700,1,0.30000000000000004,39191.84893798828,4700,1,0.30000000000000004,39784.934814453125,4700,1,0.30000000000000004,40529.11148071289,4700,1,0.30000000000000004,35612.43989562988,4700,1,0.30000000000000004,34182.16549682617,4700,1,0.30000000000000004,33667.29983520508,4700,1,0.30000000000000004,38291.07225036621,4700,1,0.30000000000000004,23637349.254943848,400,400,400,400,400,400,4691,400,400,400,4690,400,400,4690,400,400,400,400,4690,4690,400,4690,400,400,100,0,0,0,0,0,0,0,0,0,0,0,0,0,0,0,0,0,0,0,0,0,0,0,66480525312,2147479552,23854755840,0
99,1713877717397,101739.38287353516,4700,1,0.30000000000000004,35559.29138183594,4700,1,0.30000000000000004,92018.55801391602,4700,1,0.30000000000000004,40478.499572753906,4700,1,0.30000000000000004,42117.11199951172,4700,1,0.30000000000000004,39191.852111816406,4700,1,0.30000000000000004,39784.937911987305,4700,1,0.30000000000000004,40529.11457824707,4700,1,0.30000000000000004,35612.442642211914,4700,1,0.30000000000000004,34182.17337036133,4700,1,0.30000000000000004,33667.30139160156,4700,1,0.30000000000000004,38291.075271606445,4700,1,0.30000000000000004,23637352.762435913,400,400,400,400,400,400,4691,400,400,400,4690,400,400,4690,400,400,400,400,4690,4690,400,4690,400,400,100,0,0,0,0,0,0,0,0,0,0,0,0,0,0,0,0,0,0,0,0,0,0,0,66480525312,2147479552,24064290816,0
99,1713877717497,101739.86715698242,4700,1,0.30000000000000004,35559.29295349121,4700,1,0.30000000000000004,92018.56015014648,4700,1,0.30000000000000004,40478.503845214844,4700,1,0.30000000000000004,42117.11518859863,4700,1,0.30000000000000004,39191.855239868164,4700,1,0.30000000000000004,39784.941009521484,4700,1,0.30000000000000004,40529.11767578125,4700,1,0.30000000000000004,35612.4444732666,4700,1,0.30000000000000004,34182.185302734375,4700,1,0.30000000000000004,33667.302978515625,4700,1,0.30000000000000004,38291.07696533203,4700,1,0.30000000000000004,23637356.337371826,400,400,400,400,400,400,4691,400,400,400,4690,400,400,4690,400,400,400,400,4690,4690,400,4690,400,400,100,0,0,0,0,0,0,0,0,0,0,0,0,0,0,0,0,0,0,0,0,0,0,0,66480525312,2147479552,24273825792,0
99,1713877717597,101740.35151672363,4700,1,0.30000000000000004,35559.294525146484,4700,1,0.30000000000000004,92018.5619506836,4700,1,0.30000000000000004,40478.5080871582,4700,1,0.30000000000000004,42117.11828613281,4700,1,0.30000000000000004,39191.85836791992,4700,1,0.30000000000000004,39784.944107055664,4700,1,0.30000000000000004,40529.12077331543,4700,1,0.30000000000000004,35612.446853637695,4700,1,0.30000000000000004,34182.19711303711,4700,1,0.30000000000000004,33667.3045501709,4700,1,0.30000000000000004,38291.07963562012,4700,1,0.30000000000000004,23637359.918395996,400,400,400,400,400,400,4691,400,400,400,4690,400,400,4690,400,400,400,400,4690,4690,400,4690,400,400,100,0,0,0,0,0,0,0,0,0,0,0,0,0,0,0,0,0,0,0,0,0,0,0,66480525312,2147479552,24483360768,0
99,1713877717697,101740.83615112305,4700,1,0.30000000000000004,35559.29635620117,4700,1,0.30000000000000004,92018.56382751465,4700,1,0.30000000000000004,40478.5124206543,4700,1,0.30000000000000004,42117.12138366699,4700,1,0.30000000000000004,39191.87022399902,4700,1,0.30000000000000004,39784.94737243652,4700,1,0.30000000000000004,40529.12391662598,4700,1,0.30000000000000004,35612.44871520996,4700,1,0.30000000000000004,34182.21194458008,4700,1,0.30000000000000004,33667.3063659668,4700,1,0.30000000000000004,38291.0813293457,4700,1,0.30000000000000004,23637363.42578125,400,400,400,400,400,400,4691,400,400,400,4690,400,400,4690,400,400,400,400,4690,4690,400,4690,400,400,100,0,0,0,0,0,0,0,0,0,0,0,0,0,0,0,0,0,0,0,0,0,0,0,66480525312,2147479552,24692895744,0
99,1713877717797,101741.32049560547,4700,1,0.30000000000000004,35559.298416137695,4700,1,0.30000000000000004,92018.56617736816,4700,1,0.30000000000000004,40478.516662597656,4700,1,0.30000000000000004,42117.12448120117,4700,1,0.30000000000000004,39191.8733215332,4700,1,0.30000000000000004,39784.9504699707,4700,1,0.30000000000000004,40529.127014160156,4700,1,0.30000000000000004,35612.450942993164,4700,1,0.30000000000000004,34182.226654052734,4700,1,0.30000000000000004,33667.30793762207,4700,1,0.30000000000000004,38291.08290100098,4700,1,0.30000000000000004,23637366.942626953,400,400,400,400,400,400,4691,400,400,400,4690,400,400,4690,400,400,400,400,4690,4690,400,4690,400,400,100,0,0,0,0,0,0,0,0,0,0,0,0,0,0,0,0,0,0,0,0,0,0,0,66480525312,2147479552,24902430720,0
99,1713877717897,101741.79968261719,4700,1,0.30000000000000004,35559.29998779297,4700,1,0.30000000000000004,92018.56806945801,4700,1,0.30000000000000004,40478.521255493164,4700,1,0.30000000000000004,42117.12760925293,4700,1,0.30000000000000004,39191.876525878906,4700,1,0.30000000000000004,39784.95361328125,4700,1,0.30000000000000004,40529.130111694336,4700,1,0.30000000000000004,35612.45260620117,4700,1,0.30000000000000004,34182.240463256836,4700,1,0.30000000000000004,33667.309509277344,4700,1,0.30000000000000004,38291.08642578125,4700,1,0.30000000000000004,23637370.480041504,400,400,400,400,400,400,4691,400,400,400,4690,400,400,4690,400,400,400,400,4690,4690,400,4690,400,400,100,0,0,0,0,0,0,0,0,0,0,0,0,0,0,0,0,0,0,0,0,0,0,0,66480525312,2147479552,25111965696,0
99,1713877717997,101742.28280639648,4700,1,0.30000000000000004,35559.30155944824,4700,1,0.30000000000000004,92018.57009887695,4700,1,0.30000000000000004,40478.52586364746,4700,1,0.30000000000000004,42117.13124084473,4700,1,0.30000000000000004,39191.87959289551,4700,1,0.30000000000000004,39784.95668029785,4700,1,0.30000000000000004,40529.13317871094,4700,1,0.30000000000000004,35612.4549407959,4700,1,0.30000000000000004,34182.24884033203,4700,1,0.30000000000000004,33667.31108093262,4700,1,0.30000000000000004,38291.08799743652,4700,1,0.30000000000000004,23637374.132400513,400,400,400,400,400,400,4691,400,400,400,4690,400,400,4690,400,400,400,400,4690,4690,400,4690,400,400,100,0,0,0,0,0,0,0,0,0,0,0,0,0,0,0,0,0,0,0,0,0,0,0,66480525312,2147479552,25321500672,0
99,1713877718097,101742.76635742188,4700,1,0.30000000000000004,35559.30447387695,4700,1,0.30000000000000004,92018.57206726074,4700,1,0.30000000000000004,40478.530349731445,4700,1,0.30000000000000004,42117.134506225586,4700,1,0.30000000000000004,39191.88542175293,4700,1,0.30000000000000004,39784.964447021484,4700,1,0.30000000000000004,40529.1364440918,4700,1,0.30000000000000004,35612.45672607422,4700,1,0.30000000000000004,34182.26139831543,4700,1,0.30000000000000004,33667.313735961914,4700,1,0.30000000000000004,38291.09066772461,4700,1,0.30000000000000004,23637377.748397827,400,400,400,400,400,400,4691,400,400,400,4690,400,400,4690,400,400,400,400,4690,4690,400,4690,400,400,100,0,0,0,0,0,0,0,0,0,0,0,0,0,0,0,4.761904716491699,0,0,0,0,0,0,0,66480525312,2147479552,25531035648,0
99,1713877718197,101743.25122070313,4700,1,0.30000000000000004,35559.30604553223,4700,1,0.30000000000000004,92018.57383728027,4700,1,0.30000000000000004,40478.53463745117,4700,1,0.30000000000000004,42117.137603759766,4700,1,0.30000000000000004,39191.88851928711,4700,1,0.30000000000000004,39784.96762084961,4700,1,0.30000000000000004,40529.13954162598,4700,1,0.30000000000000004,35612.459045410156,4700,1,0.30000000000000004,34182.27374267578,4700,1,0.30000000000000004,33667.31546020508,4700,1,0.30000000000000004,38291.09231567383,4700,1,0.30000000000000004,23637381.24081421,400,400,400,400,400,400,4691,400,400,400,4690,400,400,4690,400,400,400,400,4690,4690,400,4690,400,400,100,0,0,0,0,0,0,0,0,0,0,0,0,0,0,0,4.761904716491699,0,0,0,0,0,0,0,66480525312,2147479552,25741086720,0
99,1713877718297,101743.73472595215,4700,1,0.30000000000000004,35559.3076171875,4700,1,0.30000000000000004,92018.57592773438,4700,1,0.30000000000000004,40478.53890991211,4700,1,0.30000000000000004,42117.14080810547,4700,1,0.30000000000000004,39191.89698791504,4700,1,0.30000000000000004,39784.970764160156,4700,1,0.30000000000000004,40529.14268493652,4700,1,0.30000000000000004,35612.46096801758,4700,1,0.30000000000000004,34182.285095214844,4700,1,0.30000000000000004,33667.31703186035,4700,1,0.30000000000000004,38291.0938873291,4700,1,0.30000000000000004,23637384.808288574,400,400,400,400,400,400,4691,400,400,400,4690,400,400,4690,400,400,400,400,4690,4690,400,4690,400,400,100,0,0,0,0,0,0,0,0,0,0,0,0,0,0,0,0,0,0,0,4.761904716491699,0,0,0,66480525312,2147479552,25950105600,0
99,1713877718397,101744.21879577637,4700,1,0.30000000000000004,35559.30918884277,4700,1,0.30000000000000004,92018.57768249512,4700,1,0.30000000000000004,40478.54327392578,4700,1,0.30000000000000004,42117.14401245117,4700,1,0.30000000000000004,39191.90028381348,4700,1,0.30000000000000004,39784.97445678711,4700,1,0.30000000000000004,40529.14582824707,4700,1,0.30000000000000004,35612.46286010742,4700,1,0.30000000000000004,34182.300384521484,4700,1,0.30000000000000004,33667.318603515625,4700,1,0.30000000000000004,38291.09553527832,4700,1,0.30000000000000004,23637388.37425232,400,400,400,400,400,400,4691,400,400,400,4690,400,400,4690,400,400,400,400,4690,4690,400,4690,400,400,100,0,0,0,0,0,0,0,0,0,0,0,0,0,0,0,0,0,0,0,4.761904716491699,0,0,0,66480525312,2147479552,26160156672,0
99,1713877718497,101744.70263671875,4700,1,0.30000000000000004,35559.31076049805,4700,1,0.30000000000000004,92018.57971191406,4700,1,0.30000000000000004,40478.54814147949,4700,1,0.30000000000000004,42117.14715576172,4700,1,0.30000000000000004,39191.903381347656,4700,1,0.30000000000000004,39784.97755432129,4700,1,0.30000000000000004,40529.14892578125,4700,1,0.30000000000000004,35612.46473693848,4700,1,0.30000000000000004,34182.314544677734,4700,1,0.30000000000000004,33667.3201751709,4700,1,0.30000000000000004,38291.097244262695,4700,1,0.30000000000000004,23637391.938095093,400,400,400,400,400,400,4691,400,400,400,4690,400,400,4690,400,400,400,400,4690,4690,400,4690,400,400,100,0,0,0,0,0,0,0,0,0,0,0,0,0,0,0,0,0,0,0,0,0,0,0,66480525312,2147479552,26369691648,0
99,1713877718597,101745.18101501465,4700,1,0.30000000000000004,35559.31233215332,4700,1,0.30000000000000004,92018.58155822754,4700,1,0.30000000000000004,40478.55235290527,4700,1,0.30000000000000004,42117.15028381348,4700,1,0.30000000000000004,39191.906509399414,4700,1,0.30000000000000004,39784.98065185547,4700,1,0.30000000000000004,40529.15202331543,4700,1,0.30000000000000004,35612.46710205078,4700,1,0.30000000000000004,34182.32862854004,4700,1,0.30000000000000004,33667.32174682617,4700,1,0.30000000000000004,38291.0998840332,4700,1,0.30000000000000004,23637395.527755737,400,400,400,400,400,400,4691,400,400,400,4690,400,400,4690,400,400,400,400,4690,4690,400,4690,400,400,100,0,0,0,0,0,0,0,0,0,0,0,0,0,0,0,0,0,0,0,0,0,0,0,66480525312,2147479552,26578710528,0
99,1713877718697,101745.66496276855,4700,1,0.30000000000000004,35559.314025878906,4700,1,0.30000000000000004,92018.58340454102,4700,1,0.30000000000000004,40478.55685424805,4700,1,0.30000000000000004,42117.15591430664,4700,1,0.30000000000000004,39191.90965270996,4700,1,0.30000000000000004,39784.98384094238,4700,1,0.30000000000000004,40529.15509033203,4700,1,0.30000000000000004,35612.46887207031,4700,1,0.30000000000000004,34182.34167480469,4700,1,0.30000000000000004,33667.323471069336,4700,1,0.30000000000000004,38291.10145568848,4700,1,0.30000000000000004,23637399.0723114,400,400,400,400,400,400,4691,400,400,400,4690,400,400,4690,400,400,400,400,4690,4690,400,4690,400,400,100,0,0,0,0,0,0,0,0,0,0,0,0,0,0,0,0,0,0,0,0,0,0,0,66480525312,2147479552,26787987456,0
99,1713877718797,101746.14973449707,4700,1,0.30000000000000004,35559.31579589844,4700,1,0.30000000000000004,92018.58595275879,4700,1,0.30000000000000004,40478.56132507324,4700,1,0.30000000000000004,42117.159759521484,4700,1,0.30000000000000004,39191.9128112793,4700,1,0.30000000000000004,39784.98709106445,4700,1,0.30000000000000004,40529.161361694336,4700,1,0.30000000000000004,35612.471588134766,4700,1,0.30000000000000004,34182.34931945801,4700,1,0.30000000000000004,33667.32502746582,4700,1,0.30000000000000004,38291.103103637695,4700,1,0.30000000000000004,23637402.552764893,400,400,400,400,400,400,4691,400,400,400,4690,400,400,4690,400,400,400,400,4690,4690,400,4690,400,400,100,0,0,0,0,0,0,0,0,0,0,0,0,0,0,0,0,0,0,0,0,0,0,0,66480525312,2147479552,26998038528,0
99,1713877718898,101746.63398742676,4700,1,0.30000000000000004,35559.31741333008,4700,1,0.30000000000000004,92018.58776855469,4700,1,0.30000000000000004,40478.565673828125,4700,1,0.30000000000000004,42117.16311645508,4700,1,0.30000000000000004,39191.91590881348,4700,1,0.30000000000000004,39784.99018859863,4700,1,0.30000000000000004,40529.16450500488,4700,1,0.30000000000000004,35612.47325134277,4700,1,0.30000000000000004,34182.36083984375,4700,1,0.30000000000000004,33667.32661437988,4700,1,0.30000000000000004,38291.106506347656,4700,1,0.30000000000000004,23637406.12409973,400,400,400,400,400,400,4691,400,400,400,4690,400,400,4690,400,400,400,400,4690,4690,400,4690,400,400,100,0,0,0,0,0,0,0,0,0,0,0,0,0,0,0,0,0,0,0,0,0,0,0,66480525312,2147479552,27208089600,0
99,1713877718998,101747.11778259277,4700,1,0.30000000000000004,35559.31904602051,4700,1,0.30000000000000004,92018.58990478516,4700,1,0.30000000000000004,40478.57060241699,4700,1,0.30000000000000004,42117.166259765625,4700,1,0.30000000000000004,39191.921478271484,4700,1,0.30000000000000004,39784.99334716797,4700,1,0.30000000000000004,40529.16760253906,4700,1,0.30000000000000004,35612.476333618164,4700,1,0.30000000000000004,34182.37438964844,4700,1,0.30000000000000004,33667.328186035156,4700,1,0.30000000000000004,38291.108154296875,4700,1,0.30000000000000004,23637409.716201782,400,400,400,400,400,400,4691,400,400,400,4690,400,400,4690,400,400,400,400,4690,4690,400,4690,400,400,100,0,0,0,0,0,0,0,0,0,0,0,0,0,0,0,0,0,0,0,0,0,0,0,66480525312,2147479552,27417624576,0
99,1713877719098,101747.60098266602,4700,1,0.30000000000000004,35559.32069396973,4700,1,0.30000000000000004,92018.59190368652,4700,1,0.30000000000000004,40478.57507324219,4700,1,0.30000000000000004,42117.16940307617,4700,1,0.30000000000000004,39191.93209838867,4700,1,0.30000000000000004,39785.001388549805,4700,1,0.30000000000000004,40529.17074584961,4700,1,0.30000000000000004,35612.47807312012,4700,1,0.30000000000000004,34182.39031982422,4700,1,0.30000000000000004,33667.32975769043,4700,1,0.30000000000000004,38291.11166381836,4700,1,0.30000000000000004,23637413.33366394,400,400,400,400,400,400,4691,400,400,400,4690,400,400,4690,400,400,400,400,4690,4690,400,4690,400,400,100,0,0,0,0,0,0,4.761904716491699,0,0,0,0,0,0,0,0,0,0,0,0,0,0,0,0,66480525312,2147479552,27627159552,0
99,1713877719198,101748.08494567871,4700,1,0.30000000000000004,35559.324157714844,4700,1,0.30000000000000004,92018.59371948242,4700,1,0.30000000000000004,40478.57954406738,4700,1,0.30000000000000004,42117.17501831055,4700,1,0.30000000000000004,39191.9352722168,4700,1,0.30000000000000004,39785.004791259766,4700,1,0.30000000000000004,40529.17631530762,4700,1,0.30000000000000004,35612.480377197266,4700,1,0.30000000000000004,34182.40675354004,4700,1,0.30000000000000004,33667.33192443848,4700,1,0.30000000000000004,38291.11328125,4700,1,0.30000000000000004,23637416.877044678,400,400,400,400,400,400,4691,400,400,400,4690,400,400,4690,400,400,400,400,4690,4690,400,4690,400,400,100,0,0,0,0,0,0,4.761904716491699,0,0,0,0,0,0,0,0,0,0,0,0,0,0,0,0,66480525312,2147479552,27836694528,0
99,1713877719298,101748.56416320801,4700,1,0.30000000000000004,35559.32582092285,4700,1,0.30000000000000004,92018.59609985352,4700,1,0.30000000000000004,40478.583755493164,4700,1,0.30000000000000004,42117.17817687988,4700,1,0.30000000000000004,39191.93836975098,4700,1,0.30000000000000004,39785.00793457031,4700,1,0.30000000000000004,40529.1794128418,4700,1,0.30000000000000004,35612.48223876953,4700,1,0.30000000000000004,34182.42002868652,4700,1,0.30000000000000004,33667.333557128906,4700,1,0.30000000000000004,38291.11485290527,4700,1,0.30000000000000004,23637420.448791504,400,400,400,400,400,400,4691,400,400,400,4690,400,400,4690,400,400,400,400,4690,4690,400,4690,400,400,100,0,0,0,0,0,0,0,0,0,0,0,0,0,0,0,0,0,0,0,0,0,0,0,66480525312,2147479552,28046229504,0
99,1713877719398,101749.04747009277,4700,1,0.30000000000000004,35559.32743835449,4700,1,0.30000000000000004,92018.59785461426,4700,1,0.30000000000000004,40478.58799743652,4700,1,0.30000000000000004,42117.18132019043,4700,1,0.30000000000000004,39191.941497802734,4700,1,0.30000000000000004,39785.011001586914,4700,1,0.30000000000000004,40529.1824798584,4700,1,0.30000000000000004,35612.48454284668,4700,1,0.30000000000000004,34182.43006896973,4700,1,0.30000000000000004,33667.33512878418,4700,1,0.30000000000000004,38291.11642456055,4700,1,0.30000000000000004,23637424.082733154,400,400,400,400,400,400,4691,400,400,400,4690,400,400,4690,400,400,400,400,4690,4690,400,4690,400,400,100,0,0,0,0,0,0,0,0,0,0,0,0,0,0,0,0,0,0,0,0,0,0,0,66480525312,2147479552,28255764480,0
99,1713877719498,101749.53346252441,4700,1,0.30000000000000004,35559.34071350098,4700,1,0.30000000000000004,92018.615234375,4700,1,0.30000000000000004,40478.623046875,4700,1,0.30000000000000004,42117.20098876953,4700,1,0.30000000000000004,39191.96424865723,4700,1,0.30000000000000004,39785.02781677246,4700,1,0.30000000000000004,40529.203201293945,4700,1,0.30000000000000004,35612.499084472656,4700,1,0.30000000000000004,34182.45851135254,4700,1,0.30000000000000004,33667.34912109375,4700,1,0.30000000000000004,38291.13343811035,4700,1,0.30000000000000004,23637427.919952393,400,400,400,400,400,400,4691,400,400,400,4690,400,400,4690,400,400,400,400,4690,4690,400,4690,400,400,100,0,0,0,0,0,0,0,0,0,0,0,0,0,0,0,0,0,0,0,0,4.761904716491699,0,0,66480525312,2147479552,28465299456,0
99,1713877719598,101750.01770019531,4700,1,0.30000000000000004,35559.34228515625,4700,1,0.30000000000000004,92018.61701965332,4700,1,0.30000000000000004,40478.62728881836,4700,1,0.30000000000000004,42117.20413208008,4700,1,0.30000000000000004,39191.96739196777,4700,1,0.30000000000000004,39785.03091430664,4700,1,0.30000000000000004,40529.206298828125,4700,1,0.30000000000000004,35612.50143432617,4700,1,0.30000000000000004,34182.47221374512,4700,1,0.30000000000000004,33667.35069274902,4700,1,0.30000000000000004,38291.13505554199,4700,1,0.30000000000000004,23637431.467544556,400,400,400,400,400,400,4691,400,400,400,4690,400,400,4690,400,400,400,400,4690,4690,400,4690,400,400,100,0,0,0,0,0,0,0,0,0,0,0,0,0,0,0,0,0,0,0,0,4.761904716491699,0,0,66480525312,2147479552,28675350528,0
99,1713877719698,101750.50032043457,4700,1,0.30000000000000004,35559.34460449219,4700,1,0.30000000000000004,92018.61892700195,4700,1,0.30000000000000004,40478.63153076172,4700,1,0.30000000000000004,42117.20732116699,4700,1,0.30000000000000004,39191.97953796387,4700,1,0.30000000000000004,39785.036392211914,4700,1,0.30000000000000004,40529.2119140625,4700,1,0.30000000000000004,35612.50326538086,4700,1,0.30000000000000004,34182.4850769043,4700,1,0.30000000000000004,33667.35414123535,4700,1,0.30000000000000004,38291.13668823242,4700,1,0.30000000000000004,23637435.087753296,400,400,400,400,400,400,4691,400,400,400,4690,400,400,4690,400,400,400,400,4690,4690,400,4690,400,400,100,0,0,0,0,0,0,0,0,0,0,0,0,0,0,0,0,0,0,0,0,4.761904716491699,0,0,66480525312,2147479552,28884852736,0
99,1713877719798,101750.98454284668,4700,1,0.30000000000000004,35559.34617614746,4700,1,0.30000000000000004,92018.62129211426,4700,1,0.30000000000000004,40478.635833740234,4700,1,0.30000000000000004,42117.210510253906,4700,1,0.30000000000000004,39191.98263549805,4700,1,0.30000000000000004,39785.03958129883,4700,1,0.30000000000000004,40529.21501159668,4700,1,0.30000000000000004,35612.50566101074,4700,1,0.30000000000000004,34182.497787475586,4700,1,0.30000000000000004,33667.35575866699,4700,1,0.30000000000000004,38291.138259887695,4700,1,0.30000000000000004,23637438.66567993,400,400,400,400,400,400,4691,400,400,400,4690,400,400,4690,400,400,400,400,4690,4690,400,4690,400,400,100,0,0,0,0,0,0,0,0,0,0,0,0,0,0,0,0,0,0,0,0,4.761904716491699,0,0,66480525312,2147479552,29094903808,0
99,1713877719898,101751.46797180176,4700,1,0.30000000000000004,35559.347747802734,4700,1,0.30000000000000004,92018.62310791016,4700,1,0.30000000000000004,40478.640045166016,4700,1,0.30000000000000004,42117.21365356445,4700,1,0.30000000000000004,39191.98573303223,4700,1,0.30000000000000004,39785.04267883301,4700,1,0.30000000000000004,40529.21810913086,4700,1,0.30000000000000004,35612.50743103027,4700,1,0.30000000000000004,34182.513748168945,4700,1,0.30000000000000004,33667.357330322266,4700,1,0.30000000000000004,38291.141830444336,4700,1,0.30000000000000004,23637442.237991333,400,400,400,400,400,400,4691,400,400,400,4690,400,400,4690,400,400,400,400,4690,4690,400,4690,400,400,100,0,0,0,0,0,0,0,0,0,0,0,0,0,0,0,0,0,0,0,0,0,0,0,66480525312,2147479552,29303922688,0
99,1713877719998,101751.94827270508,4700,1,0.30000000000000004,35559.34931945801,4700,1,0.30000000000000004,92018.62532043457,4700,1,0.30000000000000004,40478.64489746094,4700,1,0.30000000000000004,42117.21682739258,4700,1,0.30000000000000004,39191.99116516113,4700,1,0.30000000000000004,39785.04577636719,4700,1,0.30000000000000004,40529.221282958984,4700,1,0.30000000000000004,35612.51039123535,4700,1,0.30000000000000004,34182.53030395508,4700,1,0.30000000000000004,33667.358978271484,4700,1,0.30000000000000004,38291.14340209961,4700,1,0.30000000000000004,23637445.770187378,400,400,400,400,400,400,4691,400,400,400,4690,400,400,4690,400,400,400,400,4690,4690,400,4690,400,400,100,0,0,0,0,0,0,0,0,0,0,0,0,0,0,0,0,0,0,0,0,0,0,0,66480525312,2147479552,29513973760,0
99,1713877720098,101752.4312286377,4700,1,0.30000000000000004,35559.35275268555,4700,1,0.30000000000000004,92018.62719726563,4700,1,0.30000000000000004,40478.649337768555,4700,1,0.30000000000000004,42117.22003173828,4700,1,0.30000000000000004,39191.99954223633,4700,1,0.30000000000000004,39785.05044555664,4700,1,0.30000000000000004,40529.22442626953,4700,1,0.30000000000000004,35612.51216125488,4700,1,0.30000000000000004,34182.5451965332,4700,1,0.30000000000000004,33667.36054992676,4700,1,0.30000000000000004,38291.14505004883,4700,1,0.30000000000000004,23637449.431259155,400,400,400,400,400,400,4691,400,400,400,4690,400,400,4690,400,400,400,400,4690,4690,400,4690,400,400,100,0,0,0,0,0,0,0,0,0,0,0,0,0,0,0,0,0,0,0,0,4.761904716491699,0,0,66480525312,2147479552,29723508736,0
99,1713877720198,101752.91532897949,4700,1,0.30000000000000004,35559.35430908203,4700,1,0.30000000000000004,92018.62895202637,4700,1,0.30000000000000004,40478.65365600586,4700,1,0.30000000000000004,42117.22314453125,4700,1,0.30000000000000004,39192.00263977051,4700,1,0.30000000000000004,39785.05354309082,4700,1,0.30000000000000004,40529.22749328613,4700,1,0.30000000000000004,35612.51448059082,4700,1,0.30000000000000004,34182.55435180664,4700,1,0.30000000000000004,33667.36218261719,4700,1,0.30000000000000004,38291.14665222168,4700,1,0.30000000000000004,23637452.990585327,400,400,400,400,400,400,4691,400,400,400,4690,400,400,4690,400,400,400,400,4690,4690,400,4690,400,400,100,0,0,0,0,0,0,0,0,0,0,0,0,0,0,0,0,0,0,0,0,4.761904716491699,0,0,66480525312,2147479552,29933559808,0
99,1713877720298,101753.3989868164,4700,1,0.30000000000000004,35559.355880737305,4700,1,0.30000000000000004,92018.6309967041,4700,1,0.30000000000000004,40478.6580657959,4700,1,0.30000000000000004,42117.22637939453,4700,1,0.30000000000000004,39192.00573730469,4700,1,0.30000000000000004,39785.05676269531,4700,1,0.30000000000000004,40529.23059082031,4700,1,0.30000000000000004,35612.516357421875,4700,1,0.30000000000000004,34182.567626953125,4700,1,0.30000000000000004,33667.36376953125,4700,1,0.30000000000000004,38291.14822387695,4700,1,0.30000000000000004,23637456.566101074,400,400,400,400,400,400,4691,400,400,400,4690,400,400,4690,400,400,400,400,4690,4690,400,4690,400,400,100,0,0,0,0,0,0,0,0,0,0,0,0,0,0,0,0,0,0,0,0,4.761904716491699,0,0,66480525312,2147479552,30143094784,0
99,1713877720398,101753.88319396973,4700,1,0.30000000000000004,35559.35746765137,4700,1,0.30000000000000004,92018.63278198242,4700,1,0.30000000000000004,40478.66230773926,4700,1,0.30000000000000004,42117.22952270508,4700,1,0.30000000000000004,39192.00889587402,4700,1,0.30000000000000004,39785.05986022949,4700,1,0.30000000000000004,40529.23368835449,4700,1,0.30000000000000004,35612.51867675781,4700,1,0.30000000000000004,34182.58093261719,4700,1,0.30000000000000004,33667.36540222168,4700,1,0.30000000000000004,38291.149963378906,4700,1,0.30000000000000004,23637460.09451294,400,400,400,400,400,400,4691,400,400,400,4690,400,400,4690,400,400,400,400,4690,4690,400,4690,400,400,100,0,0,0,0,0,0,0,0,0,0,0,0,0,0,0,0,0,0,0,0,4.761904716491699,0,0,66480525312,2147479552,30353145856,0
99,1713877720498,101754.3667755127,4700,1,0.30000000000000004,35559.35903930664,4700,1,0.30000000000000004,92018.63514709473,4700,1,0.30000000000000004,40478.6671295166,4700,1,0.30000000000000004,42117.23262023926,4700,1,0.30000000000000004,39192.0119934082,4700,1,0.30000000000000004,39785.06555175781,4700,1,0.30000000000000004,40529.23678588867,4700,1,0.30000000000000004,35612.52069091797,4700,1,0.30000000000000004,34182.59295654297,4700,1,0.30000000000000004,33667.36697387695,4700,1,0.30000000000000004,38291.15153503418,4700,1,0.30000000000000004,23637463.68119812,400,400,400,400,400,400,4691,400,400,400,4690,400,400,4690,400,400,400,400,4690,4690,400,4690,400,400,100,0,0,0,0,0,0,0,0,0,0,0,0,0,0,0,0,0,0,0,0,0,0,0,66480525312,2147479552,30562680832,0
99,1713877720598,101754.85043334961,4700,1,0.30000000000000004,35559.360610961914,4700,1,0.30000000000000004,92018.63696289063,4700,1,0.30000000000000004,40478.67141723633,4700,1,0.30000000000000004,42117.235763549805,4700,1,0.30000000000000004,39192.01513671875,4700,1,0.30000000000000004,39785.06864929199,4700,1,0.30000000000000004,40529.23988342285,4700,1,0.30000000000000004,35612.522705078125,4700,1,0.30000000000000004,34182.60917663574,4700,1,0.30000000000000004,33667.36854553223,4700,1,0.30000000000000004,38291.15412902832,4700,1,0.30000000000000004,23637467.32080078,400,400,400,400,400,400,4691,400,400,400,4690,400,400,4690,400,400,400,400,4690,4690,400,4690,400,400,100,0,0,0,0,0,0,0,0,0,0,0,0,0,0,0,0,0,0,0,0,0,0,0,66480525312,2147479552,30772215808,0
99,1713877720698,101755.32872009277,4700,1,0.30000000000000004,35559.36235046387,4700,1,0.30000000000000004,92018.63876342773,4700,1,0.30000000000000004,40478.675720214844,4700,1,0.30000000000000004,42117.23893737793,4700,1,0.30000000000000004,39192.01823425293,4700,1,0.30000000000000004,39785.07174682617,4700,1,0.30000000000000004,40529.243576049805,4700,1,0.30000000000000004,35612.5244140625,4700,1,0.30000000000000004,34182.62435913086,4700,1,0.30000000000000004,33667.370178222656,4700,1,0.30000000000000004,38291.15574645996,4700,1,0.30000000000000004,23637470.95249939,400,400,400,400,400,400,4691,400,400,400,4690,400,400,4690,400,400,400,400,4690,4690,400,4690,400,400,100,0,0,0,0,0,0,0,0,0,0,0,0,0,0,0,0,0,0,0,0,9.090909004211426,0,0,66480525312,2147479552,30982008832,0
99,1713877720799,101755.8139038086,4700,1,0.30000000000000004,35559.36392211914,4700,1,0.30000000000000004,92018.64114379883,4700,1,0.30000000000000004,40478.68016052246,4700,1,0.30000000000000004,42117.2420501709,4700,1,0.30000000000000004,39192.02130126953,4700,1,0.30000000000000004,39785.076583862305,4700,1,0.30000000000000004,40529.24670410156,4700,1,0.30000000000000004,35612.52696228027,4700,1,0.30000000000000004,34182.63975524902,4700,1,0.30000000000000004,33667.37174987793,4700,1,0.30000000000000004,38291.157318115234,4700,1,0.30000000000000004,23637474.47175598,400,400,400,400,400,400,4691,400,400,400,4690,400,400,4690,400,400,400,400,4690,4690,400,4690,400,400,100,0,0,0,0,0,0,0,0,0,0,0,0,0,0,0,0,0,0,0,0,9.090909004211426,0,0,66480525312,2147479552,31192059904,0
99,1713877720899,101756.29710388184,4700,1,0.30000000000000004,35559.36552429199,4700,1,0.30000000000000004,92018.64295959473,4700,1,0.30000000000000004,40478.68441772461,4700,1,0.30000000000000004,42117.245208740234,4700,1,0.30000000000000004,39192.0244140625,4700,1,0.30000000000000004,39785.079681396484,4700,1,0.30000000000000004,40529.24980163574,4700,1,0.30000000000000004,35612.52862548828,4700,1,0.30000000000000004,34182.648361206055,4700,1,0.30000000000000004,33667.373306274414,4700,1,0.30000000000000004,38291.16079711914,4700,1,0.30000000000000004,23637478.0776062,400,400,400,400,400,400,4691,400,400,400,4690,400,400,4690,400,400,400,400,4690,4690,400,4690,400,400,100,0,0,0,0,0,0,0,0,0,0,0,0,0,0,0,0,0,0,0,0,0,0,0,66480525312,2147479552,31401078784,0
99,1713877720999,101756.7804107666,4700,1,0.30000000000000004,35559.36708068848,4700,1,0.30000000000000004,92018.64552307129,4700,1,0.30000000000000004,40478.68911743164,4700,1,0.30000000000000004,42117.24835205078,4700,1,0.30000000000000004,39192.02751159668,4700,1,0.30000000000000004,39785.08285522461,4700,1,0.30000000000000004,40529.25289916992,4700,1,0.30000000000000004,35612.53144836426,4700,1,0.30000000000000004,34182.66192626953,4700,1,0.30000000000000004,33667.37487792969,4700,1,0.30000000000000004,38291.162368774414,4700,1,0.30000000000000004,23637481.662521362,400,400,400,400,400,400,4691,400,400,400,4690,400,400,4690,400,400,400,400,4690,4690,400,4690,400,400,100,0,0,0,0,0,0,0,0,0,0,0,0,0,0,0,0,0,0,0,0,0,0,0,66480525312,2147479552,31611129856,0
99,1713877721099,101757.26412963867,4700,1,0.30000000000000004,35559.368743896484,4700,1,0.30000000000000004,92018.64749145508,4700,1,0.30000000000000004,40478.69389343262,4700,1,0.30000000000000004,42117.25151062012,4700,1,0.30000000000000004,39192.03253173828,4700,1,0.30000000000000004,39785.08750915527,4700,1,0.30000000000000004,40529.25604248047,4700,1,0.30000000000000004,35612.533142089844,4700,1,0.30000000000000004,34182.67485046387,4700,1,0.30000000000000004,33667.37644958496,4700,1,0.30000000000000004,38291.165939331055,4700,1,0.30000000000000004,23637485.314727783,400,400,400,400,400,400,4691,400,400,400,4690,400,400,4690,400,400,400,400,4690,4690,400,4690,400,400,100,0,0,0,0,0,0,0,0,0,0,0,0,0,0,0,0,0,0,0,0,5,0,0,66480525312,2147479552,31820664832,0
99,1713877721199,101757.74855041504,4700,1,0.30000000000000004,35559.37031555176,4700,1,0.30000000000000004,92018.64926147461,4700,1,0.30000000000000004,40478.698150634766,4700,1,0.30000000000000004,42117.254653930664,4700,1,0.30000000000000004,39192.03562927246,4700,1,0.30000000000000004,39785.09060668945,4700,1,0.30000000000000004,40529.25914001465,4700,1,0.30000000000000004,35612.53549194336,4700,1,0.30000000000000004,34182.687423706055,4700,1,0.30000000000000004,33667.378021240234,4700,1,0.30000000000000004,38291.16760253906,4700,1,0.30000000000000004,23637488.856307983,400,400,400,400,400,400,4691,400,400,400,4690,400,400,4690,400,400,400,400,4690,4690,400,4690,400,400,100,0,0,0,0,0,0,0,0,0,0,0,0,0,0,0,0,0,0,0,0,5,0,0,66480525312,2147479552,32030199808,0
99,1713877721299,101758.23277282715,4700,1,0.30000000000000004,35559.37188720703,4700,1,0.30000000000000004,92018.65133666992,4700,1,0.30000000000000004,40478.70248413086,4700,1,0.30000000000000004,42117.25785827637,4700,1,0.30000000000000004,39192.03872680664,4700,1,0.30000000000000004,39785.093841552734,4700,1,0.30000000000000004,40529.26223754883,4700,1,0.30000000000000004,35612.53727722168,4700,1,0.30000000000000004,34182.70292663574,4700,1,0.30000000000000004,33667.37966918945,4700,1,0.30000000000000004,38291.169174194336,4700,1,0.30000000000000004,23637492.437408447,400,400,400,400,400,400,4691,400,400,400,4690,400,400,4690,400,400,400,400,4690,4690,400,4690,400,400,100,0,0,0,0,0,0,0,0,0,0,0,0,0,0,0,0,0,0,0,0,4.761904716491699,0,0,66480525312,2147479552,32240250880,0
99,1713877721399,101758.7114868164,4700,1,0.30000000000000004,35559.373458862305,4700,1,0.30000000000000004,92018.65310668945,4700,1,0.30000000000000004,40478.70666503906,4700,1,0.30000000000000004,42117.26133728027,4700,1,0.30000000000000004,39192.04188537598,4700,1,0.30000000000000004,39785.096939086914,4700,1,0.30000000000000004,40529.26533508301,4700,1,0.30000000000000004,35612.53927612305,4700,1,0.30000000000000004,34182.71838378906,4700,1,0.30000000000000004,33667.38124084473,4700,1,0.30000000000000004,38291.17074584961,4700,1,0.30000000000000004,23637496.00390625,400,400,400,400,400,400,4691,400,400,400,4690,400,400,4690,400,400,400,400,4690,4690,400,4690,400,400,100,0,0,0,0,0,0,0,0,0,0,0,0,0,0,0,0,0,0,0,0,4.761904716491699,0,0,66480525312,2147479552,32449269760,0
99,1713877721499,101759.19604492188,4700,1,0.30000000000000004,35559.375091552734,4700,1,0.30000000000000004,92018.65538024902,4700,1,0.30000000000000004,40478.71105957031,4700,1,0.30000000000000004,42117.26445007324,4700,1,0.30000000000000004,39192.04495239258,4700,1,0.30000000000000004,39785.100006103516,4700,1,0.30000000000000004,40529.26843261719,4700,1,0.30000000000000004,35612.54113769531,4700,1,0.30000000000000004,34182.73301696777,4700,1,0.30000000000000004,33667.3828125,4700,1,0.30000000000000004,38291.17231750488,4700,1,0.30000000000000004,23637499.571166992,400,400,400,400,400,400,4691,400,400,400,4690,400,400,4690,400,400,400,400,4690,4690,400,4690,400,400,100,0,0,0,0,0,0,0,0,0,0,0,0,0,0,0,0,0,0,0,0,4.761904716491699,0,0,66480525312,2147479552,32658804736,0
99,1713877721599,101759.67997741699,4700,1,0.30000000000000004,35559.37664794922,4700,1,0.30000000000000004,92018.65718078613,4700,1,0.30000000000000004,40478.71627807617,4700,1,0.30000000000000004,42117.26756286621,4700,1,0.30000000000000004,39192.048095703125,4700,1,0.30000000000000004,39785.103103637695,4700,1,0.30000000000000004,40529.27149963379,4700,1,0.30000000000000004,35612.5439453125,4700,1,0.30000000000000004,34182.742279052734,4700,1,0.30000000000000004,33667.38441467285,4700,1,0.30000000000000004,38291.17492675781,4700,1,0.30000000000000004,23637503.184951782,400,400,400,400,400,400,4691,400,400,400,4690,400,400,4690,400,400,400,400,4690,4690,400,4690,400,400,100,0,0,0,0,0,0,0,0,0,0,0,0,0,0,0,0,0,0,0,0,4.761904716491699,0,0,66480525312,2147479552,32868339712,0
99,1713877721699,101760.16441345215,4700,1,0.30000000000000004,35559.37852478027,4700,1,0.30000000000000004,92018.65901184082,4700,1,0.30000000000000004,40478.72052001953,4700,1,0.30000000000000004,42117.27066040039,4700,1,0.30000000000000004,39192.05612182617,4700,1,0.30000000000000004,39785.10624694824,4700,1,0.30000000000000004,40529.274658203125,4700,1,0.30000000000000004,35612.5458984375,4700,1,0.30000000000000004,34182.75535583496,4700,1,0.30000000000000004,33667.385986328125,4700,1,0.30000000000000004,38291.176498413086,4700,1,0.30000000000000004,23637506.69000244,400,400,400,400,400,400,4691,400,400,400,4690,400,400,4690,400,400,400,400,4690,4690,400,4690,400,400,100,0,0,0,0,0,0,0,0,0,0,0,0,0,0,0,0,0,0,0,0,5,0,0,66480525312,2147479552,33078390784,0
99,1713877721799,101760.64859008789,4700,1,0.30000000000000004,35559.380615234375,4700,1,0.30000000000000004,92018.66143798828,4700,1,0.30000000000000004,40478.724853515625,4700,1,0.30000000000000004,42117.27380371094,4700,1,0.30000000000000004,39192.05921936035,4700,1,0.30000000000000004,39785.109466552734,4700,1,0.30000000000000004,40529.277755737305,4700,1,0.30000000000000004,35612.548278808594,4700,1,0.30000000000000004,34182.76856994629,4700,1,0.30000000000000004,33667.387634277344,4700,1,0.30000000000000004,38291.17808532715,4700,1,0.30000000000000004,23637510.26132202,400,400,400,400,400,400,4691,400,400,400,4690,400,400,4690,400,400,400,400,4690,4690,400,4690,400,400,100,0,0,0,0,0,0,0,0,0,0,0,0,0,0,0,0,0,0,0,0,5,0,0,66480525312,2147479552,33287925760,0
99,1713877721899,101761.1622467041,4700,1,0.30000000000000004,35559.38218688965,4700,1,0.30000000000000004,92018.6633605957,4700,1,0.30000000000000004,40478.729080200195,4700,1,0.30000000000000004,42117.2770690918,4700,1,0.30000000000000004,39192.062438964844,4700,1,0.30000000000000004,39785.112564086914,4700,1,0.30000000000000004,40529.28091430664,4700,1,0.30000000000000004,35612.550369262695,4700,1,0.30000000000000004,34182.78062438965,4700,1,0.30000000000000004,33667.38926696777,4700,1,0.30000000000000004,38291.18185424805,4700,1,0.30000000000000004,23637513.883728027,400,400,400,400,400,400,4691,400,400,400,4690,400,400,4690,400,400,400,400,4690,4690,400,4690,400,400,100,0,0,0,0,0,0,0,0,0,0,0,0,0,0,0,0,0,0,0,0,0,0,0,66480525312,2147479552,32829349888,0
99,1713877721999,101761.7590637207,4700,1,0.30000000000000004,35559.38375854492,4700,1,0.30000000000000004,92018.66554260254,4700,1,0.30000000000000004,40478.73225402832,4700,1,0.30000000000000004,42117.280212402344,4700,1,0.30000000000000004,39192.06558227539,4700,1,0.30000000000000004,39785.11814880371,4700,1,0.30000000000000004,40529.28401184082,4700,1,0.30000000000000004,35612.552825927734,4700,1,0.30000000000000004,34182.796325683594,4700,1,0.30000000000000004,33667.39083862305,4700,1,0.30000000000000004,38291.18347167969,4700,1,0.30000000000000004,23637517.79408264,400,400,400,400,400,400,4691,400,400,400,4690,400,400,4690,400,400,400,400,4690,4690,400,4690,400,400,100,0,0,0,0,0,0,0,0,0,0,0,0,0,0,0,0,0,0,0,0,0,0,0,66480525312,2147479552,30466732032,0
99,1713877722099,101762.34848022461,4700,1,0.30000000000000004,35559.3874206543,4700,1,0.30000000000000004,92018.66796875,4700,1,0.30000000000000004,40478.73582458496,4700,1,0.30000000000000004,42117.28350830078,4700,1,0.30000000000000004,39192.073791503906,4700,1,0.30000000000000004,39785.12355041504,4700,1,0.30000000000000004,40529.28727722168,4700,1,0.30000000000000004,35612.5555267334,4700,1,0.30000000000000004,34182.811950683594,4700,1,0.30000000000000004,33667.393630981445,4700,1,0.30000000000000004,38291.18516540527,4700,1,0.30000000000000004,23637521.708587646,400,400,400,400,400,400,4691,400,400,400,4690,400,400,4690,400,400,400,400,4690,4690,400,4690,400,400,100,0,0,0,0,0,0,0,0,0,0,0,0,0,0,0,0,0,0,0,0,4.761904716491699,0,0,66480525312,2147479552,28140519424,0
99,1713877722199,101762.94535827637,4700,1,0.30000000000000004,35559.38899230957,4700,1,0.30000000000000004,92018.66972351074,4700,1,0.30000000000000004,40478.7389831543,4700,1,0.30000000000000004,42117.28657531738,4700,1,0.30000000000000004,39192.07693481445,4700,1,0.30000000000000004,39785.12661743164,4700,1,0.30000000000000004,40529.29037475586,4700,1,0.30000000000000004,35612.55810546875,4700,1,0.30000000000000004,34182.82873535156,4700,1,0.30000000000000004,33667.39520263672,4700,1,0.30000000000000004,38291.18673706055,4700,1,0.30000000000000004,23637525.61820984,400,400,400,400,400,400,4691,400,400,400,4690,400,400,4690,400,400,400,400,4690,4690,400,4690,400,400,100,0,0,0,0,0,0,0,0,0,0,0,0,0,0,0,0,0,0,0,0,4.761904716491699,0,0,66480525312,2147479552,25777487872,0
99,1713877722299,101763.53981018066,4700,1,0.30000000000000004,35559.390563964844,4700,1,0.30000000000000004,92018.67227172852,4700,1,0.30000000000000004,40478.74240112305,4700,1,0.30000000000000004,42117.29002380371,4700,1,0.30000000000000004,39192.08238220215,4700,1,0.30000000000000004,39785.13168334961,4700,1,0.30000000000000004,40529.29344177246,4700,1,0.30000000000000004,35612.56002807617,4700,1,0.30000000000000004,34182.83703613281,4700,1,0.30000000000000004,33667.39855957031,4700,1,0.30000000000000004,38291.188385009766,4700,1,0.30000000000000004,23637529.536605835,400,400,400,400,400,400,4691,400,400,400,4690,400,400,4690,400,400,400,400,4690,4690,400,4690,400,400,100,0,0,0,0,0,0,0,0,0,0,0,0,0,0,0,0,0,0,0,0,0,0,0,66480525312,2147479552,23458721792,0
99,1713877722399,101764.13700866699,4700,1,0.30000000000000004,35559.39212036133,4700,1,0.30000000000000004,92018.67402648926,4700,1,0.30000000000000004,40478.74555969238,4700,1,0.30000000000000004,42117.29643249512,4700,1,0.30000000000000004,39192.085540771484,4700,1,0.30000000000000004,39785.13478088379,4700,1,0.30000000000000004,40529.29655456543,4700,1,0.30000000000000004,35612.5622253418,4700,1,0.30000000000000004,34182.85046386719,4700,1,0.30000000000000004,33667.400131225586,4700,1,0.30000000000000004,38291.18994140625,4700,1,0.30000000000000004,23637533.323120117,400,400,400,400,400,400,4691,400,400,400,4690,400,400,4690,400,400,400,400,4690,4690,400,4690,400,400,100,0,0,0,0,0,0,0,0,0,0,0,0,0,0,0,0,0,0,0,0,0,0,0,66480525312,2147479552,21103964160,0
99,1713877722499,101764.68235778809,4700,1,0.30000000000000004,35559.39370727539,4700,1,0.30000000000000004,92018.67640686035,4700,1,0.30000000000000004,40478.749267578125,4700,1,0.30000000000000004,42117.2995300293,4700,1,0.30000000000000004,39192.088638305664,4700,1,0.30000000000000004,39785.13787841797,4700,1,0.30000000000000004,40529.29965209961,4700,1,0.30000000000000004,35612.56434631348,4700,1,0.30000000000000004,34182.862716674805,4700,1,0.30000000000000004,33667.40170288086,4700,1,0.30000000000000004,38291.19151306152,4700,1,0.30000000000000004,23637537.175308228,400,400,400,400,400,400,4691,400,400,400,4690,400,400,4690,400,400,400,400,4690,4690,400,4690,400,400,100,0,0,0,0,0,0,0,0,0,0,0,0,0,0,0,0,0,0,0,0,0,0,0,66480525312,2147479552,20605886464,0
99,1713877722599,101765.16015625,4700,1,0.30000000000000004,35559.395278930664,4700,1,0.30000000000000004,92018.67819213867,4700,1,0.30000000000000004,40478.75408935547,4700,1,0.30000000000000004,42117.302673339844,4700,1,0.30000000000000004,39192.09178161621,4700,1,0.30000000000000004,39785.14097595215,4700,1,0.30000000000000004,40529.30274963379,4700,1,0.30000000000000004,35612.56723022461,4700,1,0.30000000000000004,34182.87530517578,4700,1,0.30000000000000004,33667.40327453613,4700,1,0.30000000000000004,38291.19415283203,4700,1,0.30000000000000004,23637540.803710938,400,400,400,400,400,400,4691,400,400,400,4690,400,400,4690,400,400,400,400,4690,4690,400,4690,400,400,100,0,0,0,0,0,0,0,0,0,0,0,0,0,0,0,0,0,0,0,0,0,0,0,66480525312,2147479552,20809228288,0
99,1713877722700,101765.64157104492,4700,1,0.30000000000000004,35559.397384643555,4700,1,0.30000000000000004,92018.67999267578,4700,1,0.30000000000000004,40478.76008605957,4700,1,0.30000000000000004,42117.30625915527,4700,1,0.30000000000000004,39192.09696960449,4700,1,0.30000000000000004,39785.146743774414,4700,1,0.30000000000000004,40529.30584716797,4700,1,0.30000000000000004,35612.569076538086,4700,1,0.30000000000000004,34182.89079284668,4700,1,0.30000000000000004,33667.40646362305,4700,1,0.30000000000000004,38291.19599914551,4700,1,0.30000000000000004,23637544.334884644,400,400,400,400,400,400,4691,400,400,400,4690,400,400,4690,400,400,400,400,4690,4690,400,4690,400,400,100,0,0,0,0,0,0,0,0,0,0,0,0,0,0,0,0,0,0,0,0,0,0,0,66480525312,2147479552,21014892544,0
99,1713877722800,101766.1185913086,4700,1,0.30000000000000004,35559.39970397949,4700,1,0.30000000000000004,92018.68240356445,4700,1,0.30000000000000004,40478.76480102539,4700,1,0.30000000000000004,42117.31266784668,4700,1,0.30000000000000004,39192.100173950195,4700,1,0.30000000000000004,39785.1502532959,4700,1,0.30000000000000004,40529.30908203125,4700,1,0.30000000000000004,35612.571716308594,4700,1,0.30000000000000004,34182.90609741211,4700,1,0.30000000000000004,33667.40808105469,4700,1,0.30000000000000004,38291.19757080078,4700,1,0.30000000000000004,23637547.849731445,400,400,400,400,400,400,4691,400,400,400,4690,400,400,4690,400,400,400,400,4690,4690,400,4690,400,400,100,0,0,0,0,0,0,0,0,0,0,0,0,0,0,0,0,0,0,0,0,0,0,0,66480525312,2147479552,21221330944,0
99,1713877722900,101766.60116577148,4700,1,0.30000000000000004,35559.401275634766,4700,1,0.30000000000000004,92018.68432617188,4700,1,0.30000000000000004,40478.769119262695,4700,1,0.30000000000000004,42117.31605529785,4700,1,0.30000000000000004,39192.10331726074,4700,1,0.30000000000000004,39785.15335083008,4700,1,0.30000000000000004,40529.31217956543,4700,1,0.30000000000000004,35612.57341003418,4700,1,0.30000000000000004,34182.92037963867,4700,1,0.30000000000000004,33667.40965270996,4700,1,0.30000000000000004,38291.20016479492,4700,1,0.30000000000000004,23637551.40071106,400,400,400,400,400,400,4691,400,400,400,4690,400,400,4690,400,400,400,400,4690,4690,400,4690,400,400,100,0,0,0,0,0,0,0,0,0,0,0,0,0,0,0,0,0,0,0,0,0,0,0,66480525312,2147479552,21428801536,0
99,1713877723000,101767.08464050293,4700,1,0.30000000000000004,35559.40284729004,4700,1,0.30000000000000004,92018.68634033203,4700,1,0.30000000000000004,40478.77348327637,4700,1,0.30000000000000004,42117.3191986084,4700,1,0.30000000000000004,39192.10641479492,4700,1,0.30000000000000004,39785.156509399414,4700,1,0.30000000000000004,40529.31524658203,4700,1,0.30000000000000004,35612.57585144043,4700,1,0.30000000000000004,34182.92918395996,4700,1,0.30000000000000004,33667.411209106445,4700,1,0.30000000000000004,38291.20178222656,4700,1,0.30000000000000004,23637554.904067993,400,400,400,400,400,400,4691,400,400,400,4690,400,400,4690,400,400,400,400,4690,4690,400,4690,400,400,100,0,0,0,0,0,0,0,0,0,0,0,0,0,0,0,0,0,0,0,0,0,0,0,66480525312,2147479552,21636788224,0
99,1713877723100,101767.56756591797,4700,1,0.30000000000000004,35559.40473937988,4700,1,0.30000000000000004,92018.68824768066,4700,1,0.30000000000000004,40478.77853393555,4700,1,0.30000000000000004,42117.32241821289,4700,1,0.30000000000000004,39192.110092163086,4700,1,0.30000000000000004,39785.16036987305,4700,1,0.30000000000000004,40529.31840515137,4700,1,0.30000000000000004,35612.577697753906,4700,1,0.30000000000000004,34182.9422454834,4700,1,0.30000000000000004,33667.41278076172,4700,1,0.30000000000000004,38291.203521728516,4700,1,0.30000000000000004,23637558.435836792,400,400,400,400,400,400,4691,400,400,400,4690,400,400,4690,400,400,400,400,4690,4690,400,4690,400,400,100,0,0,0,0,0,0,0,0,0,0,0,0,0,0,0,0,4.761904716491699,0,0,0,0,0,0,66480525312,2147479552,21845291008,0
99,1713877723200,101768.04974365234,4700,1,0.30000000000000004,35559.406311035156,4700,1,0.30000000000000004,92018.6900024414,4700,1,0.30000000000000004,40478.782791137695,4700,1,0.30000000000000004,42117.32556152344,4700,1,0.30000000000000004,39192.113189697266,4700,1,0.30000000000000004,39785.16346740723,4700,1,0.30000000000000004,40529.32150268555,4700,1,0.30000000000000004,35612.58018493652,4700,1,0.30000000000000004,34182.95477294922,4700,1,0.30000000000000004,33667.41436767578,4700,1,0.30000000000000004,38291.20512390137,4700,1,0.30000000000000004,23637562.003967285,400,400,400,400,400,400,4691,400,400,400,4690,400,400,4690,400,400,400,400,4690,4690,400,4690,400,400,100,0,0,0,0,0,0,0,0,0,0,0,0,0,0,0,0,4.761904716491699,0,0,0,0,0,0,66480525312,2147479552,22052761600,0
99,1713877723300,101768.53382873535,4700,1,0.30000000000000004,35559.40788269043,4700,1,0.30000000000000004,92018.69223022461,4700,1,0.30000000000000004,40478.787109375,4700,1,0.30000000000000004,42117.32872009277,4700,1,0.30000000000000004,39192.116287231445,4700,1,0.30000000000000004,39785.166748046875,4700,1,0.30000000000000004,40529.32460021973,4700,1,0.30000000000000004,35612.58200073242,4700,1,0.30000000000000004,34182.96635437012,4700,1,0.30000000000000004,33667.41600036621,4700,1,0.30000000000000004,38291.20669555664,4700,1,0.30000000000000004,23637565.562698364,400,400,400,400,400,400,4691,400,400,400,4690,400,400,4690,400,400,400,400,4690,4690,400,4690,400,400,100,0,0,0,0,0,0,0,0,0,0,0,0,0,0,0,0,0,0,0,0,0,0,0,66480525312,2147479552,22262296576,0
99,1713877723400,101769.0182800293,4700,1,0.29374999999999996,35559.4094543457,4700,1,0.30000000000000004,92018.69403076172,4700,1,0.30000000000000004,40478.791412353516,4700,1,0.30000000000000004,42117.33200073242,4700,1,0.30000000000000004,39192.11950683594,4700,1,0.30000000000000004,39785.169982910156,4700,1,0.30000000000000004,40529.327697753906,4700,1,0.30000000000000004,35612.584564208984,4700,1,0.30000000000000004,34182.98191833496,4700,1,0.30000000000000004,33667.417572021484,4700,1,0.30000000000000004,38291.20935058594,4700,1,0.30000000000000004,23637569.102981567,400,400,400,400,400,400,4691,400,400,400,4690,400,400,4690,400,400,400,400,4690,4690,400,4690,400,400,100,0,0,0,0,0,0,0,0,0,0,0,0,0,0,0,0,0,0,0,0,0,0,0,66480525312,2147479552,22471831552,0
99,1713877723500,101769.49754333496,4700,1,0.30000000000000004,35559.41102600098,4700,1,0.30000000000000004,92018.69612121582,4700,1,0.30000000000000004,40478.795669555664,4700,1,0.30000000000000004,42117.3350982666,4700,1,0.30000000000000004,39192.12260437012,4700,1,0.30000000000000004,39785.173080444336,4700,1,0.30000000000000004,40529.330795288086,4700,1,0.30000000000000004,35612.58654785156,4700,1,0.30000000000000004,34182.99656677246,4700,1,0.30000000000000004,33667.41914367676,4700,1,0.30000000000000004,38291.211029052734,4700,1,0.30000000000000004,23637572.617340088,400,400,400,400,400,400,4691,400,400,400,4690,400,400,4690,400,400,400,400,4690,4690,400,4690,400,400,100,0,0,0,0,0,0,0,0,0,0,0,0,0,0,0,0,0,0,0,0,0,0,0,66480525312,2147479552,22680850432,0
99,1713877723600,101769.98014831543,4700,1,0.30000000000000004,35559.41259765625,4700,1,0.30000000000000004,92018.69793701172,4700,1,0.30000000000000004,40478.80049133301,4700,1,0.30000000000000004,42117.33822631836,4700,1,0.30000000000000004,39192.12580871582,4700,1,0.30000000000000004,39785.17614746094,4700,1,0.30000000000000004,40529.333892822266,4700,1,0.30000000000000004,35612.58937072754,4700,1,0.30000000000000004,34183.01135253906,4700,1,0.30000000000000004,33667.42071533203,4700,1,0.30000000000000004,38291.21365356445,4700,1,0.30000000000000004,23637576.179000854,400,400,400,400,400,400,4691,400,400,400,4690,400,400,4690,400,400,400,400,4690,4690,400,4690,400,400,100,0,0,0,0,0,0,0,0,0,0,0,0,0,0,0,0,0,0,0,0,0,0,0,66480525312,2147479552,22888837120,0
99,1713877723700,101770.46472167969,4700,1,0.30000000000000004,35559.414291381836,4700,1,0.30000000000000004,92018.69982910156,4700,1,0.30000000000000004,40478.80490112305,4700,1,0.30000000000000004,42117.34133911133,4700,1,0.30000000000000004,39192.13819885254,4700,1,0.30000000000000004,39785.17935180664,4700,1,0.30000000000000004,40529.33695983887,4700,1,0.30000000000000004,35612.59120178223,4700,1,0.30000000000000004,34183.019622802734,4700,1,0.30000000000000004,33667.422286987305,4700,1,0.30000000000000004,38291.215270996094,4700,1,0.30000000000000004,23637579.72027588,400,400,400,400,400,400,4691,400,400,400,4690,400,400,4690,400,400,400,400,4690,4690,400,4690,400,400,100,0,0,0,0,0,0,0,0,0,0,0,0,0,0,0,0,0,0,0,0,0,0,0,66480525312,2147479552,23098630144,0
99,1713877723800,101770.94822692871,4700,1,0.30000000000000004,35559.41584777832,4700,1,0.30000000000000004,92018.70220947266,4700,1,0.30000000000000004,40478.80924987793,4700,1,0.30000000000000004,42117.344482421875,4700,1,0.30000000000000004,39192.1413269043,4700,1,0.30000000000000004,39785.18263244629,4700,1,0.30000000000000004,40529.340072631836,4700,1,0.30000000000000004,35612.59379577637,4700,1,0.30000000000000004,34183.03269958496,4700,1,0.30000000000000004,33667.423904418945,4700,1,0.30000000000000004,38291.21682739258,4700,1,0.30000000000000004,23637583.253234863,400,400,400,400,400,400,4691,400,400,400,4690,400,400,4690,400,400,400,400,4690,4690,400,4690,400,400,100,0,0,0,0,0,0,0,0,0,0,0,0,0,0,0,0,0,0,0,0,0,0,0,66480525312,2147479552,23307649024,0
99,1713877723900,101771.43299865723,4700,1,0.30000000000000004,35559.41743469238,4700,1,0.30000000000000004,92018.70408630371,4700,1,0.30000000000000004,40478.81350708008,4700,1,0.30000000000000004,42117.347579956055,4700,1,0.30000000000000004,39192.14448547363,4700,1,0.30000000000000004,39785.185775756836,4700,1,0.30000000000000004,40529.343170166016,4700,1,0.30000000000000004,35612.595642089844,4700,1,0.30000000000000004,34183.04490661621,4700,1,0.30000000000000004,33667.42547607422,4700,1,0.30000000000000004,38291.22032165527,4700,1,0.30000000000000004,23637586.779907227,400,400,400,400,400,400,4691,400,400,400,4690,400,400,4690,400,400,400,400,4690,4690,400,4690,400,400,100,0,0,0,0,0,0,0,0,0,0,0,0,0,0,0,0,0,0,0,0,0,0,0,66480525312,2147479552,23518216192,0
99,1713877724000,101771.9169921875,4700,1,0.30000000000000004,35559.419006347656,4700,1,0.30000000000000004,92018.70620727539,4700,1,0.30000000000000004,40478.817794799805,4700,1,0.30000000000000004,42117.35095214844,4700,1,0.30000000000000004,39192.14758300781,4700,1,0.30000000000000004,39785.188873291016,4700,1,0.30000000000000004,40529.346267700195,4700,1,0.30000000000000004,35612.59802246094,4700,1,0.30000000000000004,34183.056884765625,4700,1,0.30000000000000004,33667.42704772949,4700,1,0.30000000000000004,38291.221939086914,4700,1,0.30000000000000004,23637590.34388733,400,400,400,400,400,400,4691,400,400,400,4690,400,400,4690,400,400,400,400,4690,4690,400,4690,400,400,100,0,0,0,0,0,0,0,0,0,0,0,0,0,0,0,0,0,0,0,0,0,0,0,66480525312,2147479552,23727235072,0
99,1713877724100,101772.40026855469,4700,1,0.30000000000000004,35559.4206237793,4700,1,0.30000000000000004,92018.70852661133,4700,1,0.30000000000000004,40478.82279968262,4700,1,0.30000000000000004,42117.35411071777,4700,1,0.30000000000000004,39192.15577697754,4700,1,0.30000000000000004,39785.19274902344,4700,1,0.30000000000000004,40529.34941101074,4700,1,0.30000000000000004,35612.600006103516,4700,1,0.30000000000000004,34183.07196044922,4700,1,0.30000000000000004,33667.428619384766,4700,1,0.30000000000000004,38291.22360229492,4700,1,0.30000000000000004,23637593.931625366,400,400,400,400,400,400,4691,400,400,400,4690,400,400,4690,400,400,400,400,4690,4690,400,4690,400,400,100,0,0,0,0,0,0,0,0,0,0,0,0,0,0,0,0,0,0,0,0,0,0,0,66480525312,2147479552,23936770048,0
99,1713877724200,101772.87924194336,4700,1,0.30000000000000004,35559.42219543457,4700,1,0.30000000000000004,92018.71032714844,4700,1,0.30000000000000004,40478.82734680176,4700,1,0.30000000000000004,42117.35720825195,4700,1,0.30000000000000004,39192.15887451172,4700,1,0.30000000000000004,39785.19584655762,4700,1,0.30000000000000004,40529.35250854492,4700,1,0.30000000000000004,35612.60232543945,4700,1,0.30000000000000004,34183.08686828613,4700,1,0.30000000000000004,33667.43019104004,4700,1,0.30000000000000004,38291.225173950195,4700,1,0.30000000000000004,23637597.501602173,400,400,400,400,400,400,4691,400,400,400,4690,400,400,4690,400,400,400,400,4690,4690,400,4690,400,400,100,0,0,0,0,0,0,0,0,0,0,0,0,0,0,0,0,0,0,0,0,0,0,0,66480525312,2147479552,24146305024,0
99,1713877724300,101773.36294555664,4700,1,0.30000000000000004,35559.423767089844,4700,1,0.30000000000000004,92018.71243286133,4700,1,0.30000000000000004,40478.83168029785,4700,1,0.30000000000000004,42117.36038208008,4700,1,0.30000000000000004,39192.16194152832,4700,1,0.30000000000000004,39785.200256347656,4700,1,0.30000000000000004,40529.3556060791,4700,1,0.30000000000000004,35612.60417175293,4700,1,0.30000000000000004,34183.10063171387,4700,1,0.30000000000000004,33667.43183898926,4700,1,0.30000000000000004,38291.22674560547,4700,1,0.30000000000000004,23637601.086791992,400,400,400,400,400,400,4691,400,400,400,4690,400,400,4690,400,400,400,400,4690,4690,400,4690,400,400,100,0,0,0,0,0,0,0,0,0,0,0,0,0,0,0,0,0,0,0,0,0,0,0,66480525312,2147479552,24356356096,0
99,1713877724400,101773.84736633301,4700,1,0.30000000000000004,35559.42533874512,4700,1,0.30000000000000004,92018.71426391602,4700,1,0.30000000000000004,40478.835998535156,4700,1,0.30000000000000004,42117.363525390625,4700,1,0.30000000000000004,39192.165100097656,4700,1,0.30000000000000004,39785.203384399414,4700,1,0.30000000000000004,40529.361099243164,4700,1,0.30000000000000004,35612.606536865234,4700,1,0.30000000000000004,34183.10925292969,4700,1,0.30000000000000004,33667.43339538574,4700,1,0.30000000000000004,38291.22831726074,4700,1,0.30000000000000004,23637604.608413696,400,400,400,400,400,400,4691,400,400,400,4690,400,400,4690,400,400,400,400,4690,4690,400,4690,400,400,100,0,0,0,0,0,0,0,0,0,0,0,0,0,0,0,0,0,0,0,0,0,0,0,66480525312,2147479552,24565891072,0
99,1713877724500,101774.33065795898,4700,1,0.30000000000000004,35559.4268951416,4700,1,0.30000000000000004,92018.71650695801,4700,1,0.30000000000000004,40478.840255737305,4700,1,0.30000000000000004,42117.366622924805,4700,1,0.30000000000000004,39192.168197631836,4700,1,0.30000000000000004,39785.20649719238,4700,1,0.30000000000000004,40529.36422729492,4700,1,0.30000000000000004,35612.608337402344,4700,1,0.30000000000000004,34183.121643066406,4700,1,0.30000000000000004,33667.434967041016,4700,1,0.30000000000000004,38291.22987365723,4700,1,0.30000000000000004,23637608.10333252,400,400,400,400,400,400,4691,400,400,400,4690,400,400,4690,400,400,400,400,4690,4690,400,4690,400,400,100,0,0,0,0,0,0,0,0,0,0,0,0,0,0,0,0,0,0,0,0,0,0,0,66480525312,2147479552,24774909952,0
99,1713877724601,101774.8155670166,4700,1,0.30000000000000004,35559.44500732422,4700,1,0.30000000000000004,92018.73292541504,4700,1,0.30000000000000004,40478.86120605469,4700,1,0.30000000000000004,42117.385986328125,4700,1,0.30000000000000004,39192.18974304199,4700,1,0.30000000000000004,39785.22473144531,4700,1,0.30000000000000004,40529.381744384766,4700,1,0.30000000000000004,35612.63121032715,4700,1,0.30000000000000004,34183.149353027344,4700,1,0.30000000000000004,33667.45234680176,4700,1,0.30000000000000004,38291.25015258789,4700,1,0.30000000000000004,23637611.82824707,400,400,400,400,400,400,4691,400,400,400,4690,400,400,4690,400,400,400,400,4690,4690,400,4690,400,400,100,0,0,0,0,0,0,0,0,0,0,0,0,0,0,0,0,0,0,0,0,0,0,0,66480525312,2147479552,24984444928,0
99,1713877724701,101775.2985534668,4700,1,0.30000000000000004,35559.446716308594,4700,1,0.30000000000000004,92018.73490905762,4700,1,0.30000000000000004,40478.86604309082,4700,1,0.30000000000000004,42117.389251708984,4700,1,0.30000000000000004,39192.19284057617,4700,1,0.30000000000000004,39785.22782897949,4700,1,0.30000000000000004,40529.38494873047,4700,1,0.30000000000000004,35612.63319396973,4700,1,0.30000000000000004,34183.16094970703,4700,1,0.30000000000000004,33667.4548034668,4700,1,0.30000000000000004,38291.25257873535,4700,1,0.30000000000000004,23637615.50074768,400,400,400,400,400,400,4691,400,400,400,4690,400,400,4690,400,400,400,400,4690,4690,400,4690,400,400,100,0,0,0,0,0,0,0,0,0,0,0,0,0,0,0,0,0,0,0,0,0,0,0,66480525312,2147479552,25194467328,0
99,1713877724801,101775.78419494629,4700,1,0.30000000000000004,35559.44828796387,4700,1,0.30000000000000004,92018.7374420166,4700,1,0.30000000000000004,40478.87046813965,4700,1,0.30000000000000004,42117.39241027832,4700,1,0.30000000000000004,39192.19593811035,4700,1,0.30000000000000004,39785.23303222656,4700,1,0.30000000000000004,40529.388107299805,4700,1,0.30000000000000004,35612.63571166992,4700,1,0.30000000000000004,34183.176330566406,4700,1,0.30000000000000004,33667.458236694336,4700,1,0.30000000000000004,38291.254318237305,4700,1,0.30000000000000004,23637619.04032898,400,400,400,400,400,400,4691,400,400,400,4690,400,400,4690,400,400,400,400,4690,4690,400,4690,400,400,100,0,0,0,0,0,0,0,0,0,0,0,0,0,0,0,0,0,0,0,0,0,0,0,66480525312,2147479552,25404518400,0
99,1713877724901,101776.26806640625,4700,1,0.30000000000000004,35559.44985961914,4700,1,0.30000000000000004,92018.73930358887,4700,1,0.30000000000000004,40478.8747253418,4700,1,0.30000000000000004,42117.395599365234,4700,1,0.30000000000000004,39192.19903564453,4700,1,0.30000000000000004,39785.23612976074,4700,1,0.30000000000000004,40529.39126586914,4700,1,0.30000000000000004,35612.63740539551,4700,1,0.30000000000000004,34183.19062805176,4700,1,0.30000000000000004,33667.45980834961,4700,1,0.30000000000000004,38291.25588989258,4700,1,0.30000000000000004,23637622.62600708,400,400,400,400,400,400,4691,400,400,400,4690,400,400,4690,400,400,400,400,4690,4690,400,4690,400,400,100,0,0,0,0,0,0,0,0,0,0,0,0,0,0,0,0,0,0,0,0,0,0,0,66480525312,2147479552,25614569472,0
99,1713877725001,101776.74769592285,4700,1,0.30000000000000004,35559.451431274414,4700,1,0.30000000000000004,92018.74142456055,4700,1,0.30000000000000004,40478.878982543945,4700,1,0.30000000000000004,42117.39877319336,4700,1,0.30000000000000004,39192.20210266113,4700,1,0.30000000000000004,39785.23927307129,4700,1,0.30000000000000004,40529.39436340332,4700,1,0.30000000000000004,35612.639709472656,4700,1,0.30000000000000004,34183.20471191406,4700,1,0.30000000000000004,33667.46138000488,4700,1,0.30000000000000004,38291.25752258301,4700,1,0.30000000000000004,23637626.16319275,400,400,400,400,400,400,4691,400,400,400,4690,400,400,4690,400,400,400,400,4690,4690,400,4690,400,400,100,0,0,0,0,0,0,0,0,0,0,0,0,0,0,0,0,0,0,0,0,0,0,0,66480525312,2147479552,25824104448,0
99,1713877725101,101777.23127746582,4700,1,0.30000000000000004,35559.45309448242,4700,1,0.30000000000000004,92018.74362182617,4700,1,0.30000000000000004,40478.883728027344,4700,1,0.30000000000000004,42117.40197753906,4700,1,0.30000000000000004,39192.20747375488,4700,1,0.30000000000000004,39785.246520996094,4700,1,0.30000000000000004,40529.39747619629,4700,1,0.30000000000000004,35612.64161682129,4700,1,0.30000000000000004,34183.21292114258,4700,1,0.30000000000000004,33667.462951660156,4700,1,0.30000000000000004,38291.25924682617,4700,1,0.30000000000000004,23637629.774856567,400,400,400,400,400,400,4691,400,400,400,4690,400,400,4690,400,400,400,400,4690,4690,400,4690,400,400,100,0,0,0,0,0,0,0,0,0,0,0,0,0,0,0,0,0,0,0,0,0,0,0,66480525312,2147479552,26033639424,0
99,1713877725201,101777.71524047852,4700,1,0.30000000000000004,35559.454650878906,4700,1,0.30000000000000004,92018.74540710449,4700,1,0.30000000000000004,40478.88848876953,4700,1,0.30000000000000004,42117.40516662598,4700,1,0.30000000000000004,39192.21061706543,4700,1,0.30000000000000004,39785.24961853027,4700,1,0.30000000000000004,40529.40058898926,4700,1,0.30000000000000004,35612.6446685791,4700,1,0.30000000000000004,34183.226135253906,4700,1,0.30000000000000004,33667.46450805664,4700,1,0.30000000000000004,38291.2608795166,4700,1,0.30000000000000004,23637633.339385986,400,400,400,400,400,400,4691,400,400,400,4690,400,400,4690,400,400,400,400,4690,4690,400,4690,400,400,100,0,0,0,0,0,0,0,0,0,0,0,0,0,0,0,0,0,0,0,0,0,0,0,66480525312,2147479552,26243690496,0
99,1713877725301,101778.19921875,4700,1,0.30000000000000004,35559.45622253418,4700,1,0.30000000000000004,92018.7474975586,4700,1,0.30000000000000004,40478.892822265625,4700,1,0.30000000000000004,42117.40832519531,4700,1,0.30000000000000004,39192.21371459961,4700,1,0.30000000000000004,39785.25288391113,4700,1,0.30000000000000004,40529.40368652344,4700,1,0.30000000000000004,35612.64645385742,4700,1,0.30000000000000004,34183.237884521484,4700,1,0.30000000000000004,33667.466079711914,4700,1,0.30000000000000004,38291.262451171875,4700,1,0.30000000000000004,23637636.86743164,400,400,400,400,400,400,4691,400,400,400,4690,400,400,4690,400,400,400,400,4690,4690,400,4690,400,400,100,0,0,0,0,0,0,0,0,0,0,0,0,0,0,0,0,0,0,0,0,0,0,0,66480525312,2147479552,26452709376,0
99,1713877725401,101778.68212890625,4700,1,0.30000000000000004,35559.45779418945,4700,1,0.30000000000000004,92018.74925231934,4700,1,0.30000000000000004,40478.897064208984,4700,1,0.30000000000000004,42117.41191101074,4700,1,0.30000000000000004,39192.216873168945,4700,1,0.30000000000000004,39785.25598144531,4700,1,0.30000000000000004,40529.40678405762,4700,1,0.30000000000000004,35612.64881896973,4700,1,0.30000000000000004,34183.249572753906,4700,1,0.30000000000000004,33667.467712402344,4700,1,0.30000000000000004,38291.26402282715,4700,1,0.30000000000000004,23637640.43963623,400,400,400,400,400,400,4691,400,400,400,4690,400,400,4690,400,400,400,400,4690,4690,400,4690,400,400,100,0,0,0,0,0,0,0,0,0,0,0,0,0,0,0,0,0,0,0,0,0,0,0,66480525312,2147479552,26662244352,0
99,1713877725501,101779.16604614258,4700,1,0.30000000000000004,35559.45936584473,4700,1,0.30000000000000004,92018.75126647949,4700,1,0.30000000000000004,40478.901306152344,4700,1,0.30000000000000004,42117.41500854492,4700,1,0.30000000000000004,39192.219970703125,4700,1,0.30000000000000004,39785.25907897949,4700,1,0.30000000000000004,40529.4098815918,4700,1,0.30000000000000004,35612.65075683594,4700,1,0.30000000000000004,34183.26448059082,4700,1,0.30000000000000004,33667.46928405762,4700,1,0.30000000000000004,38291.26559448242,4700,1,0.30000000000000004,23637644.000686646,400,400,400,400,400,400,4691,400,400,400,4690,400,400,4690,400,400,400,400,4690,4690,400,4690,400,400,100,0,0,0,0,0,0,0,0,0,0,0,0,0,0,0,0,0,0,0,0,0,0,0,66480525312,2147479552,26871779328,0
99,1713877725601,101779.64985656738,4700,1,0.30000000000000004,35559.4609375,4700,1,0.30000000000000004,92018.75302124023,4700,1,0.30000000000000004,40478.9055480957,4700,1,0.30000000000000004,42117.4181060791,4700,1,0.30000000000000004,39192.22311401367,4700,1,0.30000000000000004,39785.26217651367,4700,1,0.30000000000000004,40529.41297912598,4700,1,0.30000000000000004,35612.653228759766,4700,1,0.30000000000000004,34183.27909851074,4700,1,0.30000000000000004,33667.47085571289,4700,1,0.30000000000000004,38291.26805114746,4700,1,0.30000000000000004,23637647.595184326,400,400,400,400,400,400,4691,400,400,400,4690,400,400,4690,400,400,400,400,4690,4690,400,4690,400,400,100,0,0,0,0,0,0,0,0,0,0,0,0,0,0,0,0,0,0,0,0,0,0,0,66480525312,2147479552,27081830400,0
99,1713877725701,101780.12753295898,4700,1,0.30000000000000004,35559.462799072266,4700,1,0.30000000000000004,92018.75485229492,4700,1,0.30000000000000004,40478.910415649414,4700,1,0.30000000000000004,42117.4211730957,4700,1,0.30000000000000004,39192.23530578613,4700,1,0.30000000000000004,39785.26531982422,4700,1,0.30000000000000004,40529.416076660156,4700,1,0.30000000000000004,35612.65505981445,4700,1,0.30000000000000004,34183.29292297363,4700,1,0.30000000000000004,33667.472427368164,4700,1,0.30000000000000004,38291.269622802734,4700,1,0.30000000000000004,23637651.169784546,400,400,400,400,400,400,4691,400,400,400,4690,400,400,4690,400,400,400,400,4690,4690,400,4690,400,400,100,0,0,0,0,0,0,0,0,0,0,0,0,0,0,0,0,0,0,0,0,0,0,0,66480525312,2147479552,27290849280,0
99,1713877725801,101780.61085510254,4700,1,0.30000000000000004,35559.46479797363,4700,1,0.30000000000000004,92018.75729370117,4700,1,0.30000000000000004,40478.91474914551,4700,1,0.30000000000000004,42117.42431640625,4700,1,0.30000000000000004,39192.238372802734,4700,1,0.30000000000000004,39785.2685546875,4700,1,0.30000000000000004,40529.41914367676,4700,1,0.30000000000000004,35612.65754699707,4700,1,0.30000000000000004,34183.301177978516,4700,1,0.30000000000000004,33667.47398376465,4700,1,0.30000000000000004,38291.27119445801,4700,1,0.30000000000000004,23637654.727111816,400,400,400,400,400,400,4691,400,400,400,4690,400,400,4690,400,400,400,400,4690,4690,400,4690,400,400,100,0,0,0,0,0,0,0,0,0,0,0,0,0,0,0,0,0,0,0,0,0,0,0,66480525312,2147479552,27500384256,0
99,1713877725901,101781.09436035156,4700,1,0.30000000000000004,35559.46635437012,4700,1,0.30000000000000004,92018.75910949707,4700,1,0.30000000000000004,40478.91899108887,4700,1,0.30000000000000004,42117.42741394043,4700,1,0.30000000000000004,39192.241470336914,4700,1,0.30000000000000004,39785.27165222168,4700,1,0.30000000000000004,40529.42225646973,4700,1,0.30000000000000004,35612.65919494629,4700,1,0.30000000000000004,34183.313415527344,4700,1,0.30000000000000004,33667.47561645508,4700,1,0.30000000000000004,38291.27459716797,4700,1,0.30000000000000004,23637658.353271484,400,400,400,400,400,400,4691,400,400,400,4690,400,400,4690,400,400,400,400,4690,4690,400,4690,400,400,100,0,0,0,0,0,0,0,0,0,0,0,0,0,0,0,0,0,0,0,0,0,0,0,66480525312,2147479552,27709919232,0
99,1713877726001,101781.57870483398,4700,1,0.30000000000000004,35559.46792602539,4700,1,0.30000000000000004,92018.76110839844,4700,1,0.30000000000000004,40478.923278808594,4700,1,0.30000000000000004,42117.43070983887,4700,1,0.30000000000000004,39192.244567871094,4700,1,0.30000000000000004,39785.27474975586,4700,1,0.30000000000000004,40529.425354003906,4700,1,0.30000000000000004,35612.661560058594,4700,1,0.30000000000000004,34183.32550048828,4700,1,0.30000000000000004,33667.47720336914,4700,1,0.30000000000000004,38291.27616882324,4700,1,0.30000000000000004,23637661.909118652,400,400,400,400,400,400,4691,400,400,400,4690,400,400,4690,400,400,400,400,4690,4690,400,4690,400,400,100,0,0,0,0,0,0,0,0,0,0,0,0,0,0,0,0,0,0,0,0,0,0,0,66480525312,2147479552,27920486400,0
99,1713877726101,101782.06282043457,4700,1,0.30000000000000004,35559.47116088867,4700,1,0.30000000000000004,92018.76318359375,4700,1,0.30000000000000004,40478.92790222168,4700,1,0.30000000000000004,42117.434005737305,4700,1,0.30000000000000004,39192.25065612793,4700,1,0.30000000000000004,39785.281005859375,4700,1,0.30000000000000004,40529.428619384766,4700,1,0.30000000000000004,35612.663497924805,4700,1,0.30000000000000004,34183.3369140625,4700,1,0.30000000000000004,33667.48001098633,4700,1,0.30000000000000004,38291.279876708984,4700,1,0.30000000000000004,23637665.46218872,400,400,400,400,400,400,4691,400,400,400,4690,400,400,4690,400,400,400,400,4690,4690,400,4690,400,400,100,0,0,0,0,0,0,0,0,0,0,0,0,0,0,0,0,0,0,0,0,0,0,0,66480525312,2147479552,28130021376,0
99,1713877726201,101782.5464477539,4700,1,0.30000000000000004,35559.472732543945,4700,1,0.30000000000000004,92018.76496887207,4700,1,0.30000000000000004,40478.932525634766,4700,1,0.30000000000000004,42117.437103271484,4700,1,0.30000000000000004,39192.25375366211,4700,1,0.30000000000000004,39785.284103393555,4700,1,0.30000000000000004,40529.431716918945,4700,1,0.30000000000000004,35612.66632080078,4700,1,0.30000000000000004,34183.351974487305,4700,1,0.30000000000000004,33667.4815826416,4700,1,0.30000000000000004,38291.28144836426,4700,1,0.30000000000000004,23637669.05090332,400,400,400,400,400,400,4691,400,400,400,4690,400,400,4690,400,400,400,400,4690,4690,400,4690,400,400,100,0,0,0,0,0,0,0,0,0,0,0,0,0,0,0,0,0,0,0,0,0,0,0,66480525312,2147479552,28339556352,0
99,1713877726301,101783.03079223633,4700,1,0.30000000000000004,35559.47430419922,4700,1,0.30000000000000004,92018.76698303223,4700,1,0.30000000000000004,40478.93685913086,4700,1,0.30000000000000004,42117.44030761719,4700,1,0.30000000000000004,39192.25685119629,4700,1,0.30000000000000004,39785.28732299805,4700,1,0.30000000000000004,40529.434814453125,4700,1,0.30000000000000004,35612.6681060791,4700,1,0.30000000000000004,34183.36590576172,4700,1,0.30000000000000004,33667.483154296875,4700,1,0.30000000000000004,38291.28302001953,4700,1,0.30000000000000004,23637672.60305786,400,400,400,400,400,400,4691,400,400,400,4690,400,400,4690,400,400,400,400,4690,4690,400,4690,400,400,100,0,0,0,0,0,0,0,0,0,0,0,0,0,0,0,0,0,0,0,0,0,0,0,66480525312,2147479552,28549607424,0
99,1713877726401,101783.51086425781,4700,1,0.30000000000000004,35559.47587585449,4700,1,0.30000000000000004,92018.76873779297,4700,1,0.30000000000000004,40478.94108581543,4700,1,0.30000000000000004,42117.443420410156,4700,1,0.30000000000000004,39192.25997924805,4700,1,0.30000000000000004,39785.29042053223,4700,1,0.30000000000000004,40529.437911987305,4700,1,0.30000000000000004,35612.67008972168,4700,1,0.30000000000000004,34183.379653930664,4700,1,0.30000000000000004,33667.48669433594,4700,1,0.30000000000000004,38291.28648376465,4700,1,0.30000000000000004,23637676.199813843,400,400,400,400,400,400,4691,400,400,400,4690,400,400,4690,400,400,400,400,4690,4690,400,4690,400,400,100,0,0,0,0,0,0,0,0,0,0,0,0,0,0,0,0,0,0,0,0,0,0,0,66480525312,2147479552,28760174592,0
99,1713877726502,101783.99560546875,4700,1,0.30000000000000004,35559.477447509766,4700,1,0.30000000000000004,92018.77081298828,4700,1,0.30000000000000004,40478.945404052734,4700,1,0.30000000000000004,42117.446517944336,4700,1,0.30000000000000004,39192.26307678223,4700,1,0.30000000000000004,39785.29348754883,4700,1,0.30000000000000004,40529.440979003906,4700,1,0.30000000000000004,35612.671966552734,4700,1,0.30000000000000004,34183.392486572266,4700,1,0.30000000000000004,33667.48826599121,4700,1,0.30000000000000004,38291.28805541992,4700,1,0.30000000000000004,23637679.75442505,400,400,400,400,400,400,4691,400,400,400,4690,400,400,4690,400,400,400,400,4690,4690,400,4690,400,400,100,0,0,0,0,0,0,0,0,0,0,0,0,0,0,0,0,0,0,0,0,0,0,0,66480525312,2147479552,28970225664,0
99,1713877726602,101784.48010253906,4700,1,0.30000000000000004,35559.47900390625,4700,1,0.30000000000000004,92018.77252197266,4700,1,0.30000000000000004,40478.949645996094,4700,1,0.30000000000000004,42117.449630737305,4700,1,0.30000000000000004,39192.26622009277,4700,1,0.30000000000000004,39785.2966003418,4700,1,0.30000000000000004,40529.444076538086,4700,1,0.30000000000000004,35612.673904418945,4700,1,0.30000000000000004,34183.40173339844,4700,1,0.30000000000000004,33667.489822387695,4700,1,0.30000000000000004,38291.29051208496,4700,1,0.30000000000000004,23637683.2971344,400,400,400,400,400,400,4691,400,400,400,4690,400,400,4690,400,400,400,400,4690,4690,400,4690,400,400,100,0,0,0,0,0,0,0,0,0,0,0,0,0,0,0,0,0,0,0,0,0,0,0,66480525312,2147479552,29179760640,0
99,1713877726702,101784.96357727051,4700,1,0.30000000000000004,35559.480697631836,4700,1,0.30000000000000004,92018.7744140625,4700,1,0.30000000000000004,40478.955001831055,4700,1,0.30000000000000004,42117.452728271484,4700,1,0.30000000000000004,39192.26931762695,4700,1,0.30000000000000004,39785.29969787598,4700,1,0.30000000000000004,40529.447174072266,4700,1,0.30000000000000004,35612.67590332031,4700,1,0.30000000000000004,34183.41325378418,4700,1,0.30000000000000004,33667.49140930176,4700,1,0.30000000000000004,38291.29217529297,4700,1,0.30000000000000004,23637686.909835815,400,400,400,400,400,400,4691,400,400,400,4690,400,400,4690,400,400,400,400,4690,4690,400,4690,400,400,100,0,0,0,0,0,0,0,0,0,0,0,0,0,0,0,0,0,0,0,0,0,0,0,66480525312,2147479552,29389295616,0
99,1713877726802,101785.4476928711,4700,1,0.30000000000000004,35559.48226928711,4700,1,0.30000000000000004,92018.7769317627,4700,1,0.30000000000000004,40478.95947265625,4700,1,0.30000000000000004,42117.45901489258,4700,1,0.30000000000000004,39192.272521972656,4700,1,0.30000000000000004,39785.302963256836,4700,1,0.30000000000000004,40529.4524230957,4700,1,0.30000000000000004,35612.67842102051,4700,1,0.30000000000000004,34183.42695617676,4700,1,0.30000000000000004,33667.49298095703,4700,1,0.30000000000000004,38291.29374694824,4700,1,0.30000000000000004,23637690.50892639,400,400,400,400,400,400,4691,400,400,400,4690,400,400,4690,400,400,400,400,4690,4690,400,4690,400,400,100,0,0,0,0,0,0,0,0,0,0,0,0,0,0,0,0,0,0,0,0,0,0,0,66480525312,2147479552,29598830592,0
99,1713877726902,101785.9309387207,4700,1,0.30000000000000004,35559.4856262207,4700,1,0.30000000000000004,92018.7787322998,4700,1,0.30000000000000004,40478.9637298584,4700,1,0.30000000000000004,42117.46228027344,4700,1,0.30000000000000004,39192.275619506836,4700,1,0.30000000000000004,39785.306060791016,4700,1,0.30000000000000004,40529.45552062988,4700,1,0.30000000000000004,35612.68211364746,4700,1,0.30000000000000004,34183.43925476074,4700,1,0.30000000000000004,33667.49461364746,4700,1,0.30000000000000004,38291.29537963867,4700,1,0.30000000000000004,23637694.111297607,400,400,400,400,400,400,4691,400,400,400,4690,400,400,4690,400,400,400,400,4690,4690,400,4690,400,400,100,0,0,0,0,0,0,0,0,0,0,0,0,0,0,0,0,0,0,0,0,5,0,0,66480525312,2147479552,29808365568,0
99,1713877727002,101786.41450500488,4700,1,0.30000000000000004,35559.48719787598,4700,1,0.30000000000000004,92018.78109741211,4700,1,0.30000000000000004,40478.968017578125,4700,1,0.30000000000000004,42117.465423583984,4700,1,0.30000000000000004,39192.278717041016,4700,1,0.30000000000000004,39785.30923461914,4700,1,0.30000000000000004,40529.45863342285,4700,1,0.30000000000000004,35612.6845703125,4700,1,0.30000000000000004,34183.45527648926,4700,1,0.30000000000000004,33667.496185302734,4700,1,0.30000000000000004,38291.297103881836,4700,1,0.30000000000000004,23637697.679656982,400,400,400,400,400,400,4691,400,400,400,4690,400,400,4690,400,400,400,400,4690,4690,400,4690,400,400,100,0,0,0,0,0,0,0,0,0,0,0,0,0,0,0,0,0,0,0,0,5,0,0,66480525312,2147479552,30018416640,0
99,1713877727102,101786.89344787598,4700,1,0.30000000000000004,35559.488830566406,4700,1,0.30000000000000004,92018.78321838379,4700,1,0.30000000000000004,40478.972412109375,4700,1,0.30000000000000004,42117.46858215332,4700,1,0.30000000000000004,39192.287109375,4700,1,0.30000000000000004,39785.312911987305,4700,1,0.30000000000000004,40529.4617767334,4700,1,0.30000000000000004,35612.68618774414,4700,1,0.30000000000000004,34183.470626831055,4700,1,0.30000000000000004,33667.49775695801,4700,1,0.30000000000000004,38291.300857543945,4700,1,0.30000000000000004,23637701.262786865,400,400,400,400,400,400,4691,400,400,400,4690,400,400,4690,400,400,400,400,4690,4690,400,4690,400,400,100,0,0,0,0,0,0,0,0,0,0,0,0,0,0,0,0,0,0,0,0,0,0,0,66480525312,2147479552,30227951616,0
99,1713877727202,101787.37507629395,4700,1,0.30000000000000004,35559.49040222168,4700,1,0.30000000000000004,92018.78540039063,4700,1,0.30000000000000004,40478.97706604004,4700,1,0.30000000000000004,42117.47171020508,4700,1,0.30000000000000004,39192.2901763916,4700,1,0.30000000000000004,39785.315979003906,4700,1,0.30000000000000004,40529.46484375,4700,1,0.30000000000000004,35612.69046020508,4700,1,0.30000000000000004,34183.48519897461,4700,1,0.30000000000000004,33667.49932861328,4700,1,0.30000000000000004,38291.3024597168,4700,1,0.30000000000000004,23637704.857070923,400,400,400,400,400,400,4691,400,400,400,4690,400,400,4690,400,400,400,400,4690,4690,400,4690,400,400,100,0,0,0,0,0,0,0,0,0,0,0,0,0,0,0,0,0,0,0,0,0,0,0,66480525312,2147479552,30436454400,0
99,1713877727302,101787.85820007324,4700,1,0.30000000000000004,35559.49197387695,4700,1,0.30000000000000004,92018.7879486084,4700,1,0.30000000000000004,40478.98162841797,4700,1,0.30000000000000004,42117.474868774414,4700,1,0.30000000000000004,39192.29328918457,4700,1,0.30000000000000004,39785.319274902344,4700,1,0.30000000000000004,40529.46794128418,4700,1,0.30000000000000004,35612.69203186035,4700,1,0.30000000000000004,34183.494232177734,4700,1,0.30000000000000004,33667.500885009766,4700,1,0.30000000000000004,38291.30401611328,4700,1,0.30000000000000004,23637708.50569153,400,400,400,400,400,400,4691,400,400,400,4690,400,400,4690,400,400,400,400,4690,4690,400,4690,400,400,100,0,0,0,0,0,0,0,0,0,0,0,0,0,0,0,0,0,0,0,0,0,0,0,66480525312,2147479552,30645989376,0
99,1713877727402,101788.34172058105,4700,1,0.30000000000000004,35559.493591308594,4700,1,0.30000000000000004,92018.78997802734,4700,1,0.30000000000000004,40478.98583984375,4700,1,0.30000000000000004,42117.47938537598,4700,1,0.30000000000000004,39192.296447753906,4700,1,0.30000000000000004,39785.32237243652,4700,1,0.30000000000000004,40529.47105407715,4700,1,0.30000000000000004,35612.69580078125,4700,1,0.30000000000000004,34183.50798034668,4700,1,0.30000000000000004,33667.502517700195,4700,1,0.30000000000000004,38291.305587768555,4700,1,0.30000000000000004,23637712.082580566,400,400,400,400,400,400,4691,400,400,400,4690,400,400,4690,400,400,400,400,4690,4690,400,4690,400,400,100,0,0,0,0,0,0,0,0,0,0,0,0,0,0,0,0,0,0,0,0,0,0,0,66480525312,2147479552,30855524352,0
99,1713877727502,101788.82521057129,4700,1,0.30000000000000004,35559.49516296387,4700,1,0.30000000000000004,92018.79257202148,4700,1,0.30000000000000004,40478.99006652832,4700,1,0.30000000000000004,42117.482833862305,4700,1,0.30000000000000004,39192.299545288086,4700,1,0.30000000000000004,39785.3254699707,4700,1,0.30000000000000004,40529.47415161133,4700,1,0.30000000000000004,35612.69737243652,4700,1,0.30000000000000004,34183.5207824707,4700,1,0.30000000000000004,33667.50408935547,4700,1,0.30000000000000004,38291.30715942383,4700,1,0.30000000000000004,23637715.684402466,400,400,400,400,400,400,4691,400,400,400,4690,400,400,4690,400,400,400,400,4690,4690,400,4690,400,400,100,0,0,0,0,0,0,0,0,0,0,0,0,0,0,0,0,0,0,0,0,5,0,0,66480525312,2147479552,31065059328,0
99,1713877727602,101789.30969238281,4700,1,0.30000000000000004,35559.49673461914,4700,1,0.30000000000000004,92018.79467773438,4700,1,0.30000000000000004,40478.99430847168,4700,1,0.30000000000000004,42117.485931396484,4700,1,0.30000000000000004,39192.30268859863,4700,1,0.30000000000000004,39785.32856750488,4700,1,0.30000000000000004,40529.47724914551,4700,1,0.30000000000000004,35612.701263427734,4700,1,0.30000000000000004,34183.533630371094,4700,1,0.30000000000000004,33667.50566101074,4700,1,0.30000000000000004,38291.3095703125,4700,1,0.30000000000000004,23637719.263259888,400,400,400,400,400,400,4691,400,400,400,4690,400,400,4690,400,400,400,400,4690,4690,400,4690,400,400,100,0,0,0,0,0,0,0,0,0,0,0,0,0,0,0,0,0,0,0,0,5,0,0,66480525312,2147479552,31275110400,0
99,1713877727702,101789.79414367676,4700,1,0.30000000000000004,35559.49884033203,4700,1,0.30000000000000004,92018.79684448242,4700,1,0.30000000000000004,40478.998931884766,4700,1,0.30000000000000004,42117.48907470703,4700,1,0.30000000000000004,39192.3147277832,4700,1,0.30000000000000004,39785.33183288574,4700,1,0.30000000000000004,40529.48034667969,4700,1,0.30000000000000004,35612.70291137695,4700,1,0.30000000000000004,34183.54946899414,4700,1,0.30000000000000004,33667.507232666016,4700,1,0.30000000000000004,38291.31114196777,4700,1,0.30000000000000004,23637722.84375,400,400,400,400,400,400,4691,400,400,400,4690,400,400,4690,400,400,400,400,4690,4690,400,4690,400,400,100,0,0,0,0,0,0,0,0,0,0,0,0,0,0,0,0,0,0,0,0,4.761904716491699,0,0,66480525312,2147479552,31485161472,0
99,1713877727802,101790.2730102539,4700,1,0.30000000000000004,35559.500411987305,4700,1,0.30000000000000004,92018.79962158203,4700,1,0.30000000000000004,40479.003662109375,4700,1,0.30000000000000004,42117.49217224121,4700,1,0.30000000000000004,39192.31782531738,4700,1,0.30000000000000004,39785.335052490234,4700,1,0.30000000000000004,40529.48344421387,4700,1,0.30000000000000004,35612.705337524414,4700,1,0.30000000000000004,34183.565170288086,4700,1,0.30000000000000004,33667.50880432129,4700,1,0.30000000000000004,38291.31271362305,4700,1,0.30000000000000004,23637726.512634277,400,400,400,400,400,400,4691,400,400,400,4690,400,400,4690,400,400,400,400,4690,4690,400,4690,400,400,100,0,0,0,0,0,0,0,0,0,0,0,0,0,0,0,0,0,0,0,0,4.761904716491699,0,0,66480525312,2147479552,31695212544,0
99,1713877727902,101790.75636291504,4700,1,0.30000000000000004,35559.50198364258,4700,1,0.30000000000000004,92018.80184936523,4700,1,0.30000000000000004,40479.0079498291,4700,1,0.30000000000000004,42117.49531555176,4700,1,0.30000000000000004,39192.32095336914,4700,1,0.30000000000000004,39785.338119506836,4700,1,0.30000000000000004,40529.48654174805,4700,1,0.30000000000000004,35612.706939697266,4700,1,0.30000000000000004,34183.58012390137,4700,1,0.30000000000000004,33667.51043701172,4700,1,0.30000000000000004,38291.316345214844,4700,1,0.30000000000000004,23637730.113937378,400,400,400,400,400,400,4691,400,400,400,4690,400,400,4690,400,400,400,400,4690,4690,400,4690,400,400,100,0,0,0,0,0,0,0,0,0,0,0,0,0,0,0,0,0,0,0,0,4.761904716491699,0,0,66480525312,2147479552,31904747520,0
99,1713877728002,101791.23936462402,4700,1,0.30000000000000004,35559.50354003906,4700,1,0.30000000000000004,92018.80444335938,4700,1,0.30000000000000004,40479.01231384277,4700,1,0.30000000000000004,42117.49856567383,4700,1,0.30000000000000004,39192.32405090332,4700,1,0.30000000000000004,39785.341217041016,4700,1,0.30000000000000004,40529.48960876465,4700,1,0.30000000000000004,35612.71043395996,4700,1,0.30000000000000004,34183.58920288086,4700,1,0.30000000000000004,33667.5119934082,4700,1,0.30000000000000004,38291.31805419922,4700,1,0.30000000000000004,23637733.683929443,400,400,400,400,400,400,4691,400,400,400,4690,400,400,4690,400,400,400,400,4690,4690,400,4690,400,400,100,0,0,0,0,0,0,0,0,0,0,0,0,0,0,0,0,0,0,0,0,4.761904716491699,0,0,66480525312,2147479552,32113766400,0
99,1713877728102,101791.72114562988,4700,1,0.30000000000000004,35559.5051574707,4700,1,0.30000000000000004,92018.80632019043,4700,1,0.30000000000000004,40479.0167388916,4700,1,0.30000000000000004,42117.50178527832,4700,1,0.30000000000000004,39192.33479309082,4700,1,0.30000000000000004,39785.34669494629,4700,1,0.30000000000000004,40529.492752075195,4700,1,0.30000000000000004,35612.71221923828,4700,1,0.30000000000000004,34183.602767944336,4700,1,0.30000000000000004,33667.51356506348,4700,1,0.30000000000000004,38291.32148742676,4700,1,0.30000000000000004,23637737.317443848,400,400,400,400,400,400,4691,400,400,400,4690,400,400,4690,400,400,400,400,4690,4690,400,4690,400,400,100,0,0,0,0,0,0,0,0,0,0,0,0,0,0,0,0,0,0,0,0,5,0,0,66480525312,2147479552,32322785280,0
99,1713877728202,101792.20448303223,4700,1,0.30000000000000004,35559.50672912598,4700,1,0.30000000000000004,92018.80809020996,4700,1,0.30000000000000004,40479.021072387695,4700,1,0.30000000000000004,42117.5048828125,4700,1,0.30000000000000004,39192.33839416504,4700,1,0.30000000000000004,39785.34979248047,4700,1,0.30000000000000004,40529.495849609375,4700,1,0.30000000000000004,35612.71464538574,4700,1,0.30000000000000004,34183.6159362793,4700,1,0.30000000000000004,33667.51513671875,4700,1,0.30000000000000004,38291.323165893555,4700,1,0.30000000000000004,23637740.89630127,400,400,400,400,400,400,4691,400,400,400,4690,400,400,4690,400,400,400,400,4690,4690,400,4690,400,400,100,0,0,0,0,0,0,0,0,0,0,0,0,0,0,0,0,0,0,0,0,5,0,0,66480525312,2147479552,32532320256,0
99,1713877728302,101792.68780517578,4700,1,0.30000000000000004,35559.50830078125,4700,1,0.30000000000000004,92018.81079101563,4700,1,0.30000000000000004,40479.02603149414,4700,1,0.30000000000000004,42117.5080871582,4700,1,0.30000000000000004,39192.34149169922,4700,1,0.30000000000000004,39785.35307312012,4700,1,0.30000000000000004,40529.498947143555,4700,1,0.30000000000000004,35612.71659851074,4700,1,0.30000000000000004,34183.62846374512,4700,1,0.30000000000000004,33667.51670837402,4700,1,0.30000000000000004,38291.32473754883,4700,1,0.30000000000000004,23637744.543670654,400,400,400,400,400,400,4691,400,400,400,4690,400,400,4690,400,400,400,400,4690,4690,400,4690,400,400,100,0,0,0,0,0,0,0,0,0,0,0,0,0,0,0,0,0,0,0,0,4.761904716491699,0,0,66480525312,2147479552,32742371328,0
99,1713877728403,101793.17158508301,4700,1,0.30000000000000004,35559.50987243652,4700,1,0.30000000000000004,92018.81254577637,4700,1,0.30000000000000004,40479.030334472656,4700,1,0.30000000000000004,42117.511291503906,4700,1,0.30000000000000004,39192.34471130371,4700,1,0.30000000000000004,39785.3563079834,4700,1,0.30000000000000004,40529.502044677734,4700,1,0.30000000000000004,35612.71890258789,4700,1,0.30000000000000004,34183.6443939209,4700,1,0.30000000000000004,33667.51834106445,4700,1,0.30000000000000004,38291.32633972168,4700,1,0.30000000000000004,23637748.11390686,400,400,400,400,400,400,4691,400,400,400,4690,400,400,4690,400,400,400,400,4690,4690,400,4690,400,400,100,0,0,0,0,0,0,0,0,0,0,0,0,0,0,0,0,0,0,0,0,4.761904716491699,0,0,66480525312,2147479552,32951906304,0
99,1713877728503,101793.65156555176,4700,1,0.30000000000000004,35559.5114440918,4700,1,0.30000000000000004,92018.81483459473,4700,1,0.30000000000000004,40479.03451538086,4700,1,0.30000000000000004,42117.514389038086,4700,1,0.30000000000000004,39192.34780883789,4700,1,0.30000000000000004,39785.35940551758,4700,1,0.30000000000000004,40529.505142211914,4700,1,0.30000000000000004,35612.72071838379,4700,1,0.30000000000000004,34183.659408569336,4700,1,0.30000000000000004,33667.51991271973,4700,1,0.30000000000000004,38291.32791137695,4700,1,0.30000000000000004,23637751.66079712,400,400,400,400,400,400,4691,400,400,400,4690,400,400,4690,400,400,400,400,4690,4690,400,4690,400,400,100,0,0,0,0,0,0,0,0,0,0,0,0,0,0,0,0,0,0,0,0,4.761904716491699,0,0,66480525312,2147479552,33161957376,0
99,1713877728603,101794.13513183594,4700,1,0.30000000000000004,35559.51301574707,4700,1,0.30000000000000004,92018.81658935547,4700,1,0.30000000000000004,40479.03877258301,4700,1,0.30000000000000004,42117.517517089844,4700,1,0.30000000000000004,39192.35092163086,4700,1,0.30000000000000004,39785.36247253418,4700,1,0.30000000000000004,40529.508209228516,4700,1,0.30000000000000004,35612.72302246094,4700,1,0.30000000000000004,34183.67448425293,4700,1,0.30000000000000004,33667.521484375,4700,1,0.30000000000000004,38291.33039855957,4700,1,0.30000000000000004,23637755.245773315,400,400,400,400,400,400,4691,400,400,400,4690,400,400,4690,400,400,400,400,4690,4690,400,4690,400,400,100,0,0,0,0,0,0,0,0,0,0,0,0,0,0,0,0,0,0,0,0,4.761904716491699,0,0,66480525312,2147479552,33371492352,0
99,1713877728703,101794.69296264648,4700,1,0.30000000000000004,35559.51475524902,4700,1,0.30000000000000004,92018.81846618652,4700,1,0.30000000000000004,40479.042724609375,4700,1,0.30000000000000004,42117.52215576172,4700,1,0.30000000000000004,39192.354232788086,4700,1,0.30000000000000004,39785.36557006836,4700,1,0.30000000000000004,40529.512954711914,4700,1,0.30000000000000004,35612.725189208984,4700,1,0.30000000000000004,34183.68313598633,4700,1,0.30000000000000004,33667.523986816406,4700,1,0.30000000000000004,38291.33200073242,4700,1,0.30000000000000004,23637758.993347168,400,400,400,400,400,400,4691,400,400,400,4690,400,400,4690,400,400,400,400,4690,4690,400,4690,400,400,100,0,0,0,0,0,0,0,0,0,0,0,0,0,0,0,0,0,0,0,0,4.761904716491699,0,0,66480525312,2147479552,31895699456,0
99,1713877728803,101795.28900146484,4700,1,0.30000000000000004,35559.51631164551,4700,1,0.30000000000000004,92018.82154846191,4700,1,0.30000000000000004,40479.04737854004,4700,1,0.30000000000000004,42117.5252532959,4700,1,0.30000000000000004,39192.357330322266,4700,1,0.30000000000000004,39785.36883544922,4700,1,0.30000000000000004,40529.51612854004,4700,1,0.30000000000000004,35612.72830200195,4700,1,0.30000000000000004,34183.69725036621,4700,1,0.30000000000000004,33667.52555847168,4700,1,0.30000000000000004,38291.333572387695,4700,1,0.30000000000000004,23637762.742843628,400,400,400,400,400,400,4691,400,400,400,4690,400,400,4690,400,400,400,400,4690,4690,400,4690,400,400,100,0,0,0,0,0,0,0,0,0,0,0,0,0,0,0,0,0,0,0,0,4.761904716491699,0,0,66480525312,2147479552,29553766400,0
99,1713877728903,101795.88568115234,4700,1,0.30000000000000004,35559.51788330078,4700,1,0.30000000000000004,92018.82341003418,4700,1,0.30000000000000004,40479.050704956055,4700,1,0.30000000000000004,42117.528396606445,4700,1,0.30000000000000004,39192.36277770996,4700,1,0.30000000000000004,39785.3719329834,4700,1,0.30000000000000004,40529.51922607422,4700,1,0.30000000000000004,35612.73011779785,4700,1,0.30000000000000004,34183.710205078125,4700,1,0.30000000000000004,33667.52900695801,4700,1,0.30000000000000004,38291.33514404297,4700,1,0.30000000000000004,23637766.633773804,400,400,400,400,400,400,4691,400,400,400,4690,400,400,4690,400,400,400,400,4690,4690,400,4690,400,400,100,0,0,0,0,0,0,0,0,0,0,0,0,0,0,0,0,0,0,0,0,0,0,0,66480525312,2147479552,27206455296,0
99,1713877729003,101796.48085021973,4700,1,0.30000000000000004,35559.519454956055,4700,1,0.30000000000000004,92018.82559204102,4700,1,0.30000000000000004,40479.053939819336,4700,1,0.30000000000000004,42117.53158569336,4700,1,0.30000000000000004,39192.36587524414,4700,1,0.30000000000000004,39785.37512207031,4700,1,0.30000000000000004,40529.5223236084,4700,1,0.30000000000000004,35612.73260498047,4700,1,0.30000000000000004,34183.722564697266,4700,1,0.30000000000000004,33667.53057861328,4700,1,0.30000000000000004,38291.33671569824,4700,1,0.30000000000000004,23637770.500305176,400,400,400,400,400,400,4691,400,400,400,4690,400,400,4690,400,400,400,400,4690,4690,400,4690,400,400,100,0,0,0,0,0,0,0,0,0,0,0,0,0,0,0,0,0,0,0,0,0,0,0,66480525312,2147479552,24864522240,0
99,1713877729103,101797.07803344727,4700,1,0.30000000000000004,35559.52111816406,4700,1,0.30000000000000004,92018.82759094238,4700,1,0.30000000000000004,40479.05740356445,4700,1,0.30000000000000004,42117.534759521484,4700,1,0.30000000000000004,39192.37268066406,4700,1,0.30000000000000004,39785.37879943848,4700,1,0.30000000000000004,40529.525482177734,4700,1,0.30000000000000004,35612.73484802246,4700,1,0.30000000000000004,34183.73895263672,4700,1,0.30000000000000004,33667.532150268555,4700,1,0.30000000000000004,38291.34030151367,4700,1,0.30000000000000004,23637774.301940918,400,400,400,400,400,400,4691,400,400,400,4690,400,400,4690,400,400,400,400,4690,4690,400,4690,400,400,100,0,0,0,0,0,0,0,0,0,0,0,0,0,0,0,4.761904716491699,0,0,0,0,4.761904716491699,0,0,66480525312,2147479552,22522589184,0
99,1713877729203,101797.67074584961,4700,1,0.30000000000000004,35559.52276611328,4700,1,0.30000000000000004,92018.82934570313,4700,1,0.30000000000000004,40479.060791015625,4700,1,0.30000000000000004,42117.537857055664,4700,1,0.30000000000000004,39192.37577819824,4700,1,0.30000000000000004,39785.38293457031,4700,1,0.30000000000000004,40529.528579711914,4700,1,0.30000000000000004,35612.737396240234,4700,1,0.30000000000000004,34183.75424194336,4700,1,0.30000000000000004,33667.53372192383,4700,1,0.30000000000000004,38291.342025756836,4700,1,0.30000000000000004,23637778.20628357,400,400,400,400,400,400,4691,400,400,400,4690,400,400,4690,400,400,400,400,4690,4690,400,4690,400,400,100,0,0,0,0,0,0,0,0,0,0,0,0,0,0,0,4.761904716491699,0,0,0,0,4.761904716491699,0,0,66480525312,2147479552,20532297728,0
99,1713877729303,101797.77774047852,4700,1,0.30000000000000004,35559.57012939453,4700,1,0.30000000000000004,92018.89645385742,4700,1,0.30000000000000004,40479.13505554199,4700,1,0.30000000000000004,42117.584548950195,4700,1,0.30000000000000004,39192.41841125488,4700,1,0.30000000000000004,39785.457748413086,4700,1,0.30000000000000004,40529.57313537598,4700,1,0.30000000000000004,35612.800064086914,4700,1,0.30000000000000004,34183.81605529785,4700,1,0.30000000000000004,33667.56979370117,4700,1,0.30000000000000004,38291.39628601074,4700,1,0.30000000000000004,23637781.534866333,400,400,400,400,400,400,4691,400,400,400,4690,400,400,4690,400,400,400,400,4690,4690,400,4690,400,400,55,0,0,5,0,0,0,0,0,0,0,0,0,0,0,0,0,0,0,0,0,4.761904716491699,0,0,66480525312,2147479552,20508708864,0
99,1713877729403,101797.82131958008,4700,1,0.30000000000000004,35559.616790771484,4700,1,0.30000000000000004,92018.94825744629,4700,1,0.30000000000000004,40479.166595458984,4700,1,0.30000000000000004,42117.62739562988,4700,1,0.30000000000000004,39192.46368408203,4700,1,0.30000000000000004,39785.47848510742,4700,1,0.30000000000000004,40529.59744262695,4700,1,0.30000000000000004,35612.82847595215,4700,1,0.30000000000000004,34183.87582397461,4700,1,0.30000000000000004,33667.61328125,4700,1,0.30000000000000004,38291.42219543457,4700,1,0.30000000000000004,23637784.84817505,400,400,400,400,400,400,4691,400,400,400,4690,400,400,4690,400,400,400,400,4690,4690,400,4690,400,400,55,0,0,5,0,0,0,0,0,0,0,0,0,0,0,0,0,0,0,0,0,4.761904716491699,0,0,66480525312,2147479552,20509962240,0
